5.488135218620300293e-01 7.151893377304077148e-01
6.027633547782897949e-01 5.448831915855407715e-01
4.236547946929931641e-01 6.458941102027893066e-01
4.375872015953063965e-01 8.917729854583740234e-01
9.636627435684204102e-01 3.834415078163146973e-01
0.000000000000000000e+00 0.000000000000000000e+00
7.917250394821166992e-01 5.288949012756347656e-01
5.680445432662963867e-01 9.255966544151306152e-01
7.103605568408966064e-02 8.712930232286453247e-02
2.021839655935764313e-02 8.326198458671569824e-01
7.781567573547363281e-01 8.700121641159057617e-01
0.000000000000000000e+00 0.000000000000000000e+00
9.786183238029479980e-01 7.991585731506347656e-01
4.614793658256530762e-01 7.805292010307312012e-01
1.182744279503822327e-01 6.399210095405578613e-01
1.433532834053039551e-01 9.446688890457153320e-01
5.218483209609985352e-01 4.146619439125061035e-01
0.000000000000000000e+00 0.000000000000000000e+00
2.645556032657623291e-01 7.742336988449096680e-01
4.561503231525421143e-01 5.684339404106140137e-01
1.878979988396167755e-02 6.176354885101318359e-01
6.120957136154174805e-01 6.169340014457702637e-01
9.437480568885803223e-01 6.818202733993530273e-01
0.000000000000000000e+00 0.000000000000000000e+00
3.595078885555267334e-01 4.370319545269012451e-01
6.976311802864074707e-01 6.022547185420989990e-02
6.667667031288146973e-01 6.706378459930419922e-01
2.103825658559799194e-01 1.289262920618057251e-01
3.154283463954925537e-01 3.637107610702514648e-01
0.000000000000000000e+00 0.000000000000000000e+00
5.701967477798461914e-01 4.386015236377716064e-01
9.883738160133361816e-01 1.020448133349418640e-01
2.088767588138580322e-01 1.613095104694366455e-01
6.531082987785339355e-01 2.532916069030761719e-01
4.663107693195343018e-01 2.444255948066711426e-01
0.000000000000000000e+00 0.000000000000000000e+00
1.589695811271667480e-01 1.103751435875892639e-01
6.563295722007751465e-01 1.381829530000686646e-01
1.965823620557785034e-01 3.687251806259155273e-01
8.209932446479797363e-01 9.710127860307693481e-02
8.379449248313903809e-01 9.609840810298919678e-02
0.000000000000000000e+00 0.000000000000000000e+00
9.764594435691833496e-01 4.686512053012847900e-01
9.767611026763916016e-01 6.048455238342285156e-01
7.392635941505432129e-01 3.918779268860816956e-02
2.828069627285003662e-01 1.201965585350990295e-01
2.961401939392089844e-01 1.187277212738990784e-01
0.000000000000000000e+00 0.000000000000000000e+00
3.179831802845001221e-01 4.142629802227020264e-01
6.414749473333358765e-02 6.924721002578735352e-01
5.666014552116394043e-01 2.653895020484924316e-01
5.232480764389038086e-01 9.394051134586334229e-02
5.759465098381042480e-01 9.292961955070495605e-01
0.000000000000000000e+00 0.000000000000000000e+00
3.185689449310302734e-01 6.674103736877441406e-01
1.317978650331497192e-01 7.163271903991699219e-01
2.894060909748077393e-01 1.831913590431213379e-01
5.865129232406616211e-01 2.010754682123661041e-02
8.289400339126586914e-01 4.695476032793521881e-03
0.000000000000000000e+00 0.000000000000000000e+00
