0.000000000e+00 9.854182601e-03
0.000000000e+00 0.000000000e+00
0.000000000e+00 0.000000000e+00
0.000000000e+00 1.109363139e-01
0.000000000e+00 0.000000000e+00
0.000000000e+00 4.808522761e-02
0.000000000e+00 0.000000000e+00
0.000000000e+00 0.000000000e+00
0.000000000e+00 0.000000000e+00
7.924582064e-02 5.716298521e-02
2.142366171e-01 0.000000000e+00
0.000000000e+00 0.000000000e+00
0.000000000e+00 0.000000000e+00
0.000000000e+00 0.000000000e+00
0.000000000e+00 0.000000000e+00
0.000000000e+00 8.546769619e-03
0.000000000e+00 0.000000000e+00
0.000000000e+00 0.000000000e+00
4.621058702e-02 0.000000000e+00
0.000000000e+00 0.000000000e+00
2.253863811e-01 1.749474406e-01
0.000000000e+00 0.000000000e+00
0.000000000e+00 0.000000000e+00
0.000000000e+00 0.000000000e+00
0.000000000e+00 0.000000000e+00
0.000000000e+00 3.290116787e-03
0.000000000e+00 0.000000000e+00
0.000000000e+00 0.000000000e+00
0.000000000e+00 0.000000000e+00
0.000000000e+00 2.789093554e-02
0.000000000e+00 0.000000000e+00
0.000000000e+00 0.000000000e+00
0.000000000e+00 0.000000000e+00
0.000000000e+00 0.000000000e+00
0.000000000e+00 0.000000000e+00
0.000000000e+00 1.387147903e-01
0.000000000e+00 1.183741689e-01
0.000000000e+00 0.000000000e+00
0.000000000e+00 0.000000000e+00
0.000000000e+00 0.000000000e+00
0.000000000e+00 0.000000000e+00
0.000000000e+00 0.000000000e+00
0.000000000e+00 1.400268376e-01
0.000000000e+00 0.000000000e+00
0.000000000e+00 1.028335094e-01
0.000000000e+00 0.000000000e+00
0.000000000e+00 0.000000000e+00
0.000000000e+00 0.000000000e+00
0.000000000e+00 0.000000000e+00
0.000000000e+00 0.000000000e+00
0.000000000e+00 0.000000000e+00
1.524057984e-02 1.154941618e-01
1.134287715e-01 0.000000000e+00
9.956778586e-02 0.000000000e+00
0.000000000e+00 0.000000000e+00
6.083688140e-02 2.668473125e-02
1.754266918e-01 0.000000000e+00
0.000000000e+00 0.000000000e+00
0.000000000e+00 2.443271875e-02
0.000000000e+00 1.301193833e-01
0.000000000e+00 6.084533036e-02
0.000000000e+00 3.859125078e-02
0.000000000e+00 0.000000000e+00
0.000000000e+00 0.000000000e+00
0.000000000e+00 5.579097569e-02
0.000000000e+00 0.000000000e+00
0.000000000e+00 0.000000000e+00
0.000000000e+00 0.000000000e+00
0.000000000e+00 0.000000000e+00
0.000000000e+00 0.000000000e+00
0.000000000e+00 0.000000000e+00
0.000000000e+00 0.000000000e+00
0.000000000e+00 0.000000000e+00
0.000000000e+00 0.000000000e+00
1.498373747e-01 0.000000000e+00
4.427321255e-02 0.000000000e+00
0.000000000e+00 0.000000000e+00
0.000000000e+00 0.000000000e+00
1.158516705e-01 1.823803782e-01
0.000000000e+00 0.000000000e+00
0.000000000e+00 0.000000000e+00
0.000000000e+00 1.581763625e-01
4.538579285e-02 0.000000000e+00
0.000000000e+00 0.000000000e+00
0.000000000e+00 0.000000000e+00
0.000000000e+00 0.000000000e+00
0.000000000e+00 0.000000000e+00
0.000000000e+00 0.000000000e+00
0.000000000e+00 4.178293049e-02
0.000000000e+00 0.000000000e+00
0.000000000e+00 0.000000000e+00
0.000000000e+00 4.037410021e-02
9.992173314e-02 0.000000000e+00
0.000000000e+00 0.000000000e+00
0.000000000e+00 0.000000000e+00
0.000000000e+00 1.147934198e-01
0.000000000e+00 0.000000000e+00
4.740004241e-02 0.000000000e+00
0.000000000e+00 0.000000000e+00
0.000000000e+00 0.000000000e+00
4.832142591e-02 0.000000000e+00
0.000000000e+00 0.000000000e+00
0.000000000e+00 0.000000000e+00
0.000000000e+00 4.613178968e-02
8.712819219e-02 0.000000000e+00
1.196543872e-02 2.102604508e-02
0.000000000e+00 0.000000000e+00
0.000000000e+00 0.000000000e+00
0.000000000e+00 0.000000000e+00
0.000000000e+00 0.000000000e+00
1.026494652e-01 0.000000000e+00
1.132983267e-01 0.000000000e+00
1.217186451e-01 3.111611307e-02
0.000000000e+00 0.000000000e+00
0.000000000e+00 1.995871067e-01
0.000000000e+00 0.000000000e+00
0.000000000e+00 0.000000000e+00
0.000000000e+00 0.000000000e+00
0.000000000e+00 0.000000000e+00
1.367186904e-01 1.245456934e-01
0.000000000e+00 0.000000000e+00
0.000000000e+00 0.000000000e+00
0.000000000e+00 0.000000000e+00
0.000000000e+00 0.000000000e+00
0.000000000e+00 0.000000000e+00
0.000000000e+00 1.658782363e-01
1.232013404e-01 0.000000000e+00
0.000000000e+00 0.000000000e+00
0.000000000e+00 4.813592136e-02
4.030469060e-02 0.000000000e+00
0.000000000e+00 0.000000000e+00
0.000000000e+00 0.000000000e+00
0.000000000e+00 0.000000000e+00
0.000000000e+00 0.000000000e+00
0.000000000e+00 0.000000000e+00
5.868539214e-02 0.000000000e+00
2.476859987e-01 8.606870472e-02
1.139863133e-01 3.080032766e-02
0.000000000e+00 0.000000000e+00
0.000000000e+00 0.000000000e+00
2.412769794e-01 2.059459686e-03
0.000000000e+00 0.000000000e+00
0.000000000e+00 0.000000000e+00
3.310022950e-01 1.633600891e-02
0.000000000e+00 0.000000000e+00
0.000000000e+00 0.000000000e+00
0.000000000e+00 2.035474181e-01
0.000000000e+00 0.000000000e+00
0.000000000e+00 0.000000000e+00
1.537568569e-01 3.973429203e-01
0.000000000e+00 0.000000000e+00
0.000000000e+00 0.000000000e+00
0.000000000e+00 0.000000000e+00
0.000000000e+00 0.000000000e+00
0.000000000e+00 2.232248783e-01
0.000000000e+00 0.000000000e+00
0.000000000e+00 0.000000000e+00
0.000000000e+00 0.000000000e+00
0.000000000e+00 0.000000000e+00
1.010285169e-01 0.000000000e+00
1.101344526e-01 0.000000000e+00
0.000000000e+00 0.000000000e+00
0.000000000e+00 0.000000000e+00
0.000000000e+00 0.000000000e+00
2.889142931e-02 0.000000000e+00
0.000000000e+00 1.357510686e-03
0.000000000e+00 0.000000000e+00
1.958616376e-01 0.000000000e+00
0.000000000e+00 1.716742814e-01
0.000000000e+00 0.000000000e+00
0.000000000e+00 0.000000000e+00
0.000000000e+00 0.000000000e+00
0.000000000e+00 0.000000000e+00
0.000000000e+00 0.000000000e+00
1.158917546e-01 1.004464328e-01
0.000000000e+00 0.000000000e+00
0.000000000e+00 0.000000000e+00
0.000000000e+00 0.000000000e+00
0.000000000e+00 0.000000000e+00
0.000000000e+00 0.000000000e+00
0.000000000e+00 0.000000000e+00
0.000000000e+00 0.000000000e+00
2.213874459e-02 1.072913408e-02
0.000000000e+00 2.195655704e-01
3.199812770e-02 5.995169282e-03
0.000000000e+00 7.914528251e-02
0.000000000e+00 0.000000000e+00
0.000000000e+00 0.000000000e+00
2.646113038e-01 5.820938945e-02
0.000000000e+00 0.000000000e+00
0.000000000e+00 5.982306600e-02
2.438659370e-01 0.000000000e+00
1.651002169e-01 1.094946861e-01
0.000000000e+00 4.889073968e-02
0.000000000e+00 0.000000000e+00
0.000000000e+00 0.000000000e+00
0.000000000e+00 0.000000000e+00
0.000000000e+00 0.000000000e+00
0.000000000e+00 0.000000000e+00
0.000000000e+00 0.000000000e+00
1.961168051e-01 0.000000000e+00
0.000000000e+00 0.000000000e+00
5.706831813e-03 0.000000000e+00
0.000000000e+00 0.000000000e+00
0.000000000e+00 0.000000000e+00
0.000000000e+00 0.000000000e+00
0.000000000e+00 0.000000000e+00
0.000000000e+00 0.000000000e+00
0.000000000e+00 0.000000000e+00
0.000000000e+00 0.000000000e+00
0.000000000e+00 3.680919111e-02
0.000000000e+00 6.092786789e-04
1.532351971e-02 0.000000000e+00
0.000000000e+00 1.997386813e-01
0.000000000e+00 0.000000000e+00
0.000000000e+00 0.000000000e+00
0.000000000e+00 0.000000000e+00
2.324770689e-01 0.000000000e+00
0.000000000e+00 5.402633548e-02
0.000000000e+00 0.000000000e+00
0.000000000e+00 1.651629210e-01
2.307753861e-01 5.962191522e-02
0.000000000e+00 0.000000000e+00
0.000000000e+00 2.869953215e-01
2.031292319e-01 5.572028458e-02
0.000000000e+00 0.000000000e+00
0.000000000e+00 0.000000000e+00
0.000000000e+00 0.000000000e+00
0.000000000e+00 1.812274754e-02
0.000000000e+00 0.000000000e+00
0.000000000e+00 0.000000000e+00
0.000000000e+00 0.000000000e+00
0.000000000e+00 0.000000000e+00
0.000000000e+00 0.000000000e+00
4.389733076e-04 0.000000000e+00
9.040525556e-02 0.000000000e+00
0.000000000e+00 0.000000000e+00
7.935012877e-02 4.571720958e-02
0.000000000e+00 4.349266887e-01
1.103318632e-01 0.000000000e+00
0.000000000e+00 0.000000000e+00
0.000000000e+00 0.000000000e+00
0.000000000e+00 0.000000000e+00
7.614108920e-02 7.935598493e-02
0.000000000e+00 0.000000000e+00
0.000000000e+00 4.689943790e-02
0.000000000e+00 0.000000000e+00
7.503540814e-02 0.000000000e+00
0.000000000e+00 0.000000000e+00
0.000000000e+00 0.000000000e+00
0.000000000e+00 0.000000000e+00
0.000000000e+00 0.000000000e+00
0.000000000e+00 1.866995990e-01
0.000000000e+00 0.000000000e+00
0.000000000e+00 0.000000000e+00
0.000000000e+00 0.000000000e+00
0.000000000e+00 0.000000000e+00
0.000000000e+00 0.000000000e+00
0.000000000e+00 0.000000000e+00
0.000000000e+00 0.000000000e+00
0.000000000e+00 0.000000000e+00
0.000000000e+00 0.000000000e+00
0.000000000e+00 0.000000000e+00
1.000642180e-01 0.000000000e+00
0.000000000e+00 0.000000000e+00
0.000000000e+00 0.000000000e+00
7.032321393e-02 0.000000000e+00
0.000000000e+00 0.000000000e+00
0.000000000e+00 0.000000000e+00
1.300030649e-01 0.000000000e+00
0.000000000e+00 3.290314972e-02
3.887683153e-03 0.000000000e+00
0.000000000e+00 0.000000000e+00
0.000000000e+00 0.000000000e+00
0.000000000e+00 2.164787650e-01
0.000000000e+00 0.000000000e+00
0.000000000e+00 0.000000000e+00
0.000000000e+00 0.000000000e+00
0.000000000e+00 0.000000000e+00
0.000000000e+00 1.838283539e-01
5.988013744e-02 0.000000000e+00
1.199811697e-03 0.000000000e+00
0.000000000e+00 1.728552282e-01
5.951970816e-03 1.094967723e-01
0.000000000e+00 4.709100723e-02
1.696733236e-01 0.000000000e+00
0.000000000e+00 0.000000000e+00
0.000000000e+00 0.000000000e+00
4.796310067e-01 0.000000000e+00
6.366538405e-01 4.387888312e-02
3.471134305e-01 2.388936281e-01
4.374794364e-01 0.000000000e+00
3.145366311e-01 6.394053996e-02
5.039817691e-01 1.810070425e-01
2.103810012e-01 4.223406911e-01
4.135235846e-01 4.790329933e-01
4.421727061e-01 2.216106057e-01
0.000000000e+00 4.118623435e-01
1.125687361e-02 8.828096092e-02
2.945770621e-01 3.469703794e-01
3.444378972e-01 3.935956657e-01
1.604767293e-01 4.074287713e-01
0.000000000e+00 6.548423767e-01
1.249903440e-02 3.265290856e-01
1.083724201e-01 2.184888422e-01
3.941189051e-01 1.064683944e-01
4.769623280e-02 6.153925657e-01
0.000000000e+00 6.316262484e-01
2.714912593e-01 5.399812460e-01
0.000000000e+00 5.768285990e-01
0.000000000e+00 6.903373003e-01
0.000000000e+00 6.059597731e-01
5.185621977e-02 7.848524451e-01
0.000000000e+00 6.327326298e-01
1.388764381e-02 6.222775578e-01
1.942736208e-01 6.075091362e-01
1.577662826e-01 4.636005163e-01
4.363424480e-01 4.579614401e-01
3.482128978e-01 3.167638481e-01
1.288444102e-01 6.550856233e-01
3.878135681e-01 0.000000000e+00
7.994740009e-01 0.000000000e+00
7.146135569e-01 1.722634137e-01
2.217735201e-01 4.401166439e-01
0.000000000e+00 6.012678146e-01
4.266500473e-03 6.139938831e-01
4.925126135e-01 5.379316211e-01
6.696422696e-01 1.435661763e-01
8.755968809e-01 2.744369507e-01
5.714074969e-01 2.038957924e-01
8.262810111e-01 3.884086013e-02
9.652393460e-01 2.867747545e-01
1.906193644e-01 4.245299101e-01
3.995622098e-01 2.407204211e-01
5.945099592e-01 5.156350136e-02
6.308023930e-01 2.062200904e-01
3.675986826e-01 3.461796939e-01
3.781037629e-01 2.981411815e-01
6.738639474e-01 1.437583417e-01
5.500345230e-01 3.472185731e-01
3.007528186e-01 6.627635956e-01
0.000000000e+00 4.505374432e-01
4.152801633e-01 1.449625939e-01
4.722555280e-01 2.268496156e-02
3.303048015e-01 4.580064416e-01
0.000000000e+00 7.294237614e-01
0.000000000e+00 5.987575054e-01
3.125396371e-01 5.850934982e-02
4.010715783e-01 0.000000000e+00
9.952907562e-01 0.000000000e+00
7.961283326e-01 0.000000000e+00
8.433091044e-01 9.237751365e-02
3.265625238e-01 1.520060897e-01
5.865729451e-01 3.910567760e-01
1.235734969e-01 5.757393837e-01
0.000000000e+00 5.509746075e-01
7.260017097e-02 1.259693056e-01
5.036399364e-01 0.000000000e+00
3.117129803e-01 0.000000000e+00
4.756612778e-01 8.144587278e-02
5.046933889e-03 2.879866958e-01
1.448582262e-01 1.473916918e-01
0.000000000e+00 7.826548815e-01
0.000000000e+00 4.609621465e-01
7.598337531e-01 4.197818041e-02
2.885078192e-01 3.652620018e-01
3.382598162e-01 2.686439157e-01
3.762803674e-01 6.534515619e-01
0.000000000e+00 2.735329568e-01
2.179877758e-01 0.000000000e+00
1.234543920e-01 2.782335877e-01
2.531077266e-01 5.804880857e-01
6.269223690e-01 3.292514682e-01
2.434977889e-02 6.135717630e-01
2.296374440e-01 4.676563144e-01
0.000000000e+00 6.570494175e-01
1.366382539e-01 2.710713744e-01
6.105831265e-02 5.627537370e-01
2.936479449e-01 3.757551014e-01
2.920360863e-01 1.987264454e-01
5.021131635e-01 1.074703187e-01
0.000000000e+00 3.442902565e-01
0.000000000e+00 4.815722108e-01
4.828406572e-01 3.080887496e-01
5.345812440e-01 4.073381424e-03
6.177492142e-01 2.920385599e-01
8.679417968e-01 1.010396481e-01
1.097776532e+00 0.000000000e+00
5.740754008e-01 1.528344750e-01
4.134310782e-01 7.913770080e-01
3.831273913e-01 3.905791044e-01
4.047409594e-01 1.345989257e-01
1.225512922e-01 6.768420339e-02
1.883346885e-01 2.047729790e-01
4.493334889e-01 3.091488779e-01
6.729602814e-01 1.060596704e-01
0.000000000e+00 7.045601010e-01
0.000000000e+00 4.737390280e-01
1.619237661e-02 5.932365656e-01
1.431661546e-01 5.408892035e-01
2.926142514e-01 1.836581826e-01
5.919266939e-01 3.138628602e-01
3.566274643e-01 3.778508604e-01
3.705006540e-01 5.888765454e-01
1.911780238e-01 5.374788046e-01
2.276674509e-01 1.358950287e-01
5.232725143e-01 4.049650729e-01
5.123438239e-01 2.182424217e-01
3.236976862e-01 2.350721806e-01
5.006092191e-01 1.172920167e-01
2.452393770e-01 5.694299936e-01
0.000000000e+00 6.263922453e-01
3.576098084e-01 1.396895647e-01
6.449068785e-01 0.000000000e+00
3.008605838e-01 1.548517048e-01
4.089325666e-01 2.006585002e-01
8.761261106e-01 1.527950168e-02
1.861304641e-01 7.661358118e-01
3.214040399e-01 9.691736698e-01
0.000000000e+00 3.902413845e-01
5.040730238e-01 0.000000000e+00
6.033302546e-01 4.546248019e-01
3.252571821e-01 2.841464877e-01
1.057272553e-01 2.743039727e-01
5.516627431e-01 3.464242816e-01
9.834963083e-02 1.645666957e-01
0.000000000e+00 0.000000000e+00
3.605974317e-01 1.119257510e-01
2.797297537e-01 0.000000000e+00
5.197827816e-01 5.946078897e-01
2.193773389e-01 8.639498949e-01
0.000000000e+00 8.252011538e-01
2.487520576e-01 5.770304203e-01
0.000000000e+00 7.424820065e-01
1.553262472e-01 4.427652359e-01
2.620419264e-01 3.543365002e-01
0.000000000e+00 3.434291482e-01
0.000000000e+00 3.778058290e-02
2.748525143e-02 1.855180115e-01
2.062332630e-01 4.462445080e-01
1.560796201e-01 4.738008082e-01
8.527821898e-01 0.000000000e+00
9.690831900e-01 7.492917776e-02
5.752550364e-01 1.640564203e-01
5.279215574e-01 5.144476891e-01
2.297919393e-01 2.977522910e-01
5.569046736e-01 1.150663048e-01
1.736880541e-01 7.148463726e-01
0.000000000e+00 8.142721653e-01
1.090307683e-01 3.180587888e-01
3.073778450e-01 1.278661340e-01
9.993855655e-02 5.190871954e-01
5.792335868e-01 5.242100954e-01
5.713979006e-01 8.464391530e-02
8.158079386e-01 0.000000000e+00
7.072496414e-01 0.000000000e+00
7.670290470e-01 5.688396096e-02
6.746565700e-01 4.833627045e-01
2.530990541e-01 4.750492871e-01
2.457582057e-01 6.397336721e-01
1.896562278e-01 6.677891612e-01
3.206275403e-01 7.692502737e-01
1.043979228e-01 3.719481826e-02
3.856926262e-01 7.517890930e-01
2.092150897e-01 3.049505651e-01
2.462247163e-01 7.634385824e-01
0.000000000e+00 7.866513133e-01
0.000000000e+00 2.091606110e-01
2.995617986e-01 1.886835396e-01
2.829055786e-01 4.733078480e-01
2.178008258e-01 1.725530624e-01
7.122737169e-01 0.000000000e+00
7.944151163e-01 0.000000000e+00
9.917820096e-01 0.000000000e+00
2.087487578e-01 2.223862112e-01
6.114431620e-01 2.062620968e-01
4.031060338e-01 0.000000000e+00
6.801316738e-01 1.776156276e-01
1.539043784e-01 2.854505777e-01
5.171859264e-02 5.417605639e-01
0.000000000e+00 3.869818151e-01
2.988365889e-01 0.000000000e+00
5.179044008e-01 1.261766851e-01
5.511797667e-01 2.784949541e-02
2.993153930e-01 1.483512968e-01
5.253256559e-01 2.920413017e-02
4.446468055e-01 3.412198126e-01
5.570863485e-01 4.860693514e-01
1.037013382e-01 5.246797204e-01
0.000000000e+00 3.936387300e-01
1.922488213e-03 1.030913293e-01
6.572358608e-01 1.139218509e-01
4.768871069e-01 2.899218798e-01
5.300098062e-01 2.273095846e-01
5.610269308e-01 7.344883680e-01
2.236639559e-01 7.230098844e-01
5.105066895e-01 8.727181554e-01
0.000000000e+00 7.055035233e-01
0.000000000e+00 5.514749885e-01
4.800287187e-01 5.134662986e-01
2.040300816e-01 3.447352052e-01
1.928272098e-01 1.117978096e-01
2.983765602e-01 6.655293703e-01
3.470903635e-02 4.694814682e-01
3.136501908e-01 6.293375492e-01
3.403639495e-01 4.341011345e-01
4.982820749e-01 4.929530323e-01
5.144655704e-01 3.174466491e-01
5.202723145e-01 3.674510717e-01
2.078105211e-01 6.814912558e-01
0.000000000e+00 4.662012458e-01
1.652932614e-01 0.000000000e+00
4.172886610e-01 1.406103373e-02
5.334824324e-01 0.000000000e+00
9.228677750e-01 2.734038234e-01
2.268567681e-02 6.475008130e-01
3.469631374e-01 3.908014894e-01
2.206432372e-01 4.107934237e-02
7.323541045e-01 4.196259379e-02
6.745573878e-01 2.263684273e-01
1.968539059e-01 3.543040156e-01
6.950179338e-01 1.921296567e-01
2.233193517e-01 4.564035535e-01
9.041130543e-03 7.544687390e-02
0.000000000e+00 7.657232881e-02
0.000000000e+00 3.799048960e-01
1.220063865e-01 0.000000000e+00
6.118980646e-01 0.000000000e+00
9.463027120e-01 6.615422666e-02
2.258597910e-01 7.154164314e-01
2.507230043e-01 2.311828434e-01
2.807608247e-01 3.902955055e-01
8.071196079e-02 3.943310678e-01
5.949449539e-01 0.000000000e+00
6.087448597e-01 2.238745093e-01
2.814495564e-01 3.156937361e-01
4.160591960e-02 1.930996031e-01
5.121776462e-01 0.000000000e+00
3.862532675e-01 1.528537571e-01
3.439928889e-01 0.000000000e+00
3.952139020e-01 1.336664706e-01
4.815506935e-01 7.766314745e-01
1.037901044e-01 6.362349987e-01
1.713857949e-01 3.908971846e-01
1.199085712e-01 1.647992134e-01
2.449774593e-01 0.000000000e+00
9.192544818e-01 0.000000000e+00
3.297287226e-01 2.900400162e-01
8.336740732e-02 9.668756127e-01
2.859383225e-01 4.199616611e-01
4.791912436e-01 5.436300635e-01
0.000000000e+00 4.958857000e-01
2.620021999e-01 5.053429604e-01
3.688804507e-01 3.079731464e-01
4.536389112e-01 7.105135918e-01
5.239475965e-01 2.839607000e-01
1.636950970e-01 5.042956471e-01
0.000000000e+00 3.565380275e-01
5.710927248e-01 4.608407617e-02
4.315021038e-01 1.321200132e-01
3.643276989e-01 5.364832282e-01
0.000000000e+00 8.290413022e-01
2.205506414e-01 5.747435689e-01
0.000000000e+00 7.104424834e-01
2.559771538e-01 5.786246061e-01
3.253867924e-01 5.660008788e-01
5.789916515e-01 3.242963254e-01
3.504383266e-01 1.488129199e-01
4.399827719e-01 2.577063143e-01
0.000000000e+00 4.746694565e-01
0.000000000e+00 3.539772034e-01
1.468710303e-01 0.000000000e+00
4.074106514e-01 0.000000000e+00
3.951253295e-01 5.274813175e-01
3.799687624e-01 6.700450182e-02
5.276995301e-01 1.678403318e-01
1.710263491e-01 0.000000000e+00
3.782807589e-01 0.000000000e+00
2.830068767e-02 1.025862247e-01
0.000000000e+00 0.000000000e+00
0.000000000e+00 0.000000000e+00
0.000000000e+00 0.000000000e+00
3.011626005e-01 3.494158983e-01
1.283213794e-01 2.231392637e-02
9.353722632e-02 1.034029201e-01
2.411318272e-01 1.658791900e-01
2.198004425e-01 0.000000000e+00
3.563704789e-01 2.555719614e-01
3.383104503e-02 5.580472350e-01
1.453506649e-01 3.240108490e-01
0.000000000e+00 1.524703205e-02
0.000000000e+00 0.000000000e+00
0.000000000e+00 0.000000000e+00
0.000000000e+00 2.581137121e-01
1.538292319e-01 4.601731896e-03
0.000000000e+00 3.088884950e-01
2.729098499e-01 1.083771437e-01
7.796633244e-01 4.344957471e-01
5.534595996e-02 0.000000000e+00
3.286042213e-01 4.858866334e-01
2.646493912e-01 4.072942436e-01
0.000000000e+00 0.000000000e+00
5.386383086e-02 0.000000000e+00
0.000000000e+00 0.000000000e+00
0.000000000e+00 1.599541306e-02
1.377332956e-02 2.559568286e-01
7.044029981e-02 0.000000000e+00
4.861685634e-02 1.393029690e-01
4.084317088e-01 3.180001974e-01
3.301875591e-01 2.295922935e-01
0.000000000e+00 4.425241649e-01
3.415293396e-01 1.794466674e-01
4.348387718e-01 1.580769867e-01
1.012373567e-01 5.079925805e-02
0.000000000e+00 1.710066199e-02
0.000000000e+00 0.000000000e+00
0.000000000e+00 1.612010151e-01
3.559696078e-01 2.759501338e-02
0.000000000e+00 0.000000000e+00
2.612996101e-01 2.451201677e-01
5.558354855e-01 5.031032562e-01
1.372409016e-01 4.982382059e-03
0.000000000e+00 8.891895413e-04
2.656223774e-01 6.922151893e-02
0.000000000e+00 0.000000000e+00
3.000669181e-03 2.829102874e-01
4.057012498e-03 0.000000000e+00
0.000000000e+00 0.000000000e+00
0.000000000e+00 0.000000000e+00
2.534785867e-01 0.000000000e+00
0.000000000e+00 1.302728057e-01
0.000000000e+00 9.473554045e-02
9.798616171e-03 4.747475386e-01
0.000000000e+00 0.000000000e+00
3.029045463e-02 6.976079941e-02
0.000000000e+00 6.803870946e-02
0.000000000e+00 2.233576179e-01
4.525417089e-01 1.180146039e-01
1.165474355e-01 0.000000000e+00
0.000000000e+00 0.000000000e+00
0.000000000e+00 0.000000000e+00
0.000000000e+00 0.000000000e+00
0.000000000e+00 2.676390111e-03
1.186297387e-01 5.034627914e-01
1.035848111e-01 0.000000000e+00
0.000000000e+00 0.000000000e+00
0.000000000e+00 2.572879195e-03
2.763010263e-01 0.000000000e+00
5.669604987e-02 0.000000000e+00
4.192467332e-01 2.291946709e-01
2.538887262e-01 1.223643869e-01
0.000000000e+00 0.000000000e+00
0.000000000e+00 6.713230163e-02
0.000000000e+00 0.000000000e+00
1.818696856e-01 0.000000000e+00
0.000000000e+00 0.000000000e+00
2.116336972e-01 0.000000000e+00
0.000000000e+00 0.000000000e+00
2.035537511e-01 0.000000000e+00
3.025354743e-01 2.943876684e-01
2.707619965e-01 3.831042349e-01
2.767127454e-01 6.458564997e-01
1.057768539e-01 4.221960902e-02
3.457081914e-01 6.957036853e-01
2.017500624e-02 0.000000000e+00
2.107053101e-01 1.783280671e-01
0.000000000e+00 0.000000000e+00
2.941409498e-02 4.715452790e-01
3.589300811e-02 0.000000000e+00
0.000000000e+00 0.000000000e+00
2.808957994e-01 3.354856074e-01
0.000000000e+00 2.448692918e-02
2.276216000e-01 6.597544998e-02
2.602510452e-01 4.985457659e-01
2.156680971e-01 0.000000000e+00
0.000000000e+00 3.257353306e-01
8.800709248e-02 0.000000000e+00
3.946395516e-01 6.172731519e-03
0.000000000e+00 0.000000000e+00
3.829489648e-01 1.555147767e-01
7.809828222e-02 3.641396016e-02
0.000000000e+00 9.635576606e-02
1.600225270e-01 5.088235140e-01
9.825506806e-02 0.000000000e+00
1.867995560e-01 2.117433101e-01
2.284977287e-01 0.000000000e+00
0.000000000e+00 0.000000000e+00
3.590004146e-02 0.000000000e+00
0.000000000e+00 1.842388511e-01
3.381587267e-01 6.959778070e-02
2.212657332e-01 5.589625835e-01
3.703459799e-01 1.024337634e-01
0.000000000e+00 0.000000000e+00
6.715539843e-02 0.000000000e+00
2.950949967e-01 0.000000000e+00
0.000000000e+00 0.000000000e+00
0.000000000e+00 1.308531761e-01
3.069282174e-01 1.023826301e-01
0.000000000e+00 0.000000000e+00
0.000000000e+00 0.000000000e+00
0.000000000e+00 0.000000000e+00
2.104531974e-01 6.429517269e-01
1.766872406e-01 1.579113007e-01
1.107966155e-01 4.688553810e-01
4.586585164e-01 1.950339675e-01
0.000000000e+00 3.905240446e-02
0.000000000e+00 3.253916800e-01
0.000000000e+00 0.000000000e+00
0.000000000e+00 1.933893412e-01
4.200366437e-01 0.000000000e+00
6.134110689e-02 3.938386589e-02
1.217884719e-01 0.000000000e+00
1.258869320e-01 3.724800646e-01
9.218288213e-02 1.963613629e-01
4.526042566e-02 0.000000000e+00
1.953543723e-01 8.650612086e-02
4.844965041e-01 4.700068384e-02
0.000000000e+00 4.059879780e-01
5.168327093e-01 0.000000000e+00
7.999297976e-02 3.362900019e-01
0.000000000e+00 0.000000000e+00
1.299514174e-01 3.756647110e-01
1.647438109e-01 5.792091489e-01
2.483721823e-02 0.000000000e+00
0.000000000e+00 3.777190745e-01
3.341291845e-01 0.000000000e+00
0.000000000e+00 7.625021935e-01
4.234009385e-01 0.000000000e+00
0.000000000e+00 3.290531337e-01
6.181760877e-02 3.371606171e-01
4.148773551e-01 0.000000000e+00
0.000000000e+00 1.413066834e-01
6.773089170e-01 9.031153470e-02
0.000000000e+00 3.536201417e-01
3.345288634e-01 1.113731563e-01
1.785815060e-01 8.972057700e-02
1.404048949e-01 0.000000000e+00
0.000000000e+00 2.750440836e-01
5.191238970e-02 1.628938913e-01
4.079573154e-01 2.244264483e-01
1.826750338e-01 0.000000000e+00
2.891546488e-01 1.724419296e-01
0.000000000e+00 2.250328287e-02
0.000000000e+00 2.076973319e-01
0.000000000e+00 3.308028877e-01
0.000000000e+00 1.298645288e-01
8.101625741e-02 1.338531077e-01
0.000000000e+00 2.181017697e-01
3.972040415e-01 0.000000000e+00
1.806923300e-01 2.727220058e-01
3.157908916e-01 1.959530562e-01
0.000000000e+00 2.880246341e-01
4.971725345e-01 9.266841412e-02
0.000000000e+00 0.000000000e+00
0.000000000e+00 2.598688006e-04
2.583772838e-01 7.669181377e-02
0.000000000e+00 0.000000000e+00
3.912309110e-01 0.000000000e+00
0.000000000e+00 0.000000000e+00
3.572289646e-02 7.509885728e-02
1.618167013e-02 1.109032333e-02
4.471305609e-01 3.304064274e-01
3.318473697e-01 3.283678293e-01
3.325625062e-01 0.000000000e+00
1.630052924e-03 0.000000000e+00
0.000000000e+00 0.000000000e+00
0.000000000e+00 2.875874341e-01
6.880853176e-01 4.192742109e-01
0.000000000e+00 0.000000000e+00
1.926211417e-01 2.336947024e-01
0.000000000e+00 0.000000000e+00
1.217363924e-01 0.000000000e+00
0.000000000e+00 7.153506577e-02
1.923222244e-01 2.544137239e-01
1.407925785e-01 5.176950693e-01
8.895885944e-02 1.547195613e-01
0.000000000e+00 0.000000000e+00
0.000000000e+00 3.786564767e-01
2.047854364e-01 3.715321422e-01
7.484080195e-01 1.088606864e-01
0.000000000e+00 2.333395779e-01
3.339632750e-01 0.000000000e+00
0.000000000e+00 0.000000000e+00
0.000000000e+00 0.000000000e+00
0.000000000e+00 4.337691367e-01
0.000000000e+00 2.303289026e-01
5.123735070e-01 5.854747072e-02
2.712176442e-01 1.861543953e-02
2.790958434e-02 2.770529687e-02
2.991307080e-01 0.000000000e+00
6.307331324e-01 3.436321616e-01
0.000000000e+00 0.000000000e+00
4.862826169e-01 4.857456088e-01
5.455869436e-01 0.000000000e+00
0.000000000e+00 0.000000000e+00
0.000000000e+00 0.000000000e+00
0.000000000e+00 4.097887129e-02
2.019394934e-02 0.000000000e+00
3.947401941e-01 0.000000000e+00
1.520169228e-01 6.130623817e-01
1.581792533e-01 5.321843550e-02
3.511756659e-01 0.000000000e+00
0.000000000e+00 2.146458626e-01
0.000000000e+00 0.000000000e+00
3.359771967e-01 5.520750284e-01
1.773969457e-02 0.000000000e+00
0.000000000e+00 0.000000000e+00
0.000000000e+00 0.000000000e+00
0.000000000e+00 0.000000000e+00
1.893824339e-02 0.000000000e+00
2.444529235e-01 3.942437470e-01
1.600030065e-01 4.000606537e-01
7.237941027e-01 0.000000000e+00
0.000000000e+00 8.729059994e-02
0.000000000e+00 0.000000000e+00
2.694991976e-02 0.000000000e+00
5.383118391e-01 5.280182958e-01
3.608012944e-02 0.000000000e+00
1.294163764e-01 0.000000000e+00
0.000000000e+00 0.000000000e+00
0.000000000e+00 4.606509209e-02
4.397631884e-01 0.000000000e+00
0.000000000e+00 2.381631732e-01
4.332880378e-01 8.839925379e-02
0.000000000e+00 1.325939894e-01
0.000000000e+00 0.000000000e+00
8.725329489e-02 2.932441831e-01
2.723285556e-01 0.000000000e+00
3.234827220e-01 4.508249164e-01
5.634816885e-01 2.450210005e-01
1.148366183e-01 0.000000000e+00
0.000000000e+00 9.452819824e-03
5.758615583e-02 0.000000000e+00
0.000000000e+00 5.116230249e-01
1.671159565e-01 0.000000000e+00
1.115508080e-01 2.469119132e-01
2.133403718e-02 1.433742195e-01
4.668204486e-01 0.000000000e+00
2.439236343e-01 4.070245922e-01
5.509181619e-01 2.884583175e-01
2.391196638e-01 1.262877136e-01
0.000000000e+00 1.054141819e-01
1.633327007e-01 0.000000000e+00
0.000000000e+00 2.435631752e-01
4.389512539e-02 1.264633387e-01
0.000000000e+00 1.090960801e-01
2.204470336e-01 3.827729821e-02
0.000000000e+00 1.703769267e-01
2.266790867e-01 5.654632449e-01
0.000000000e+00 2.088323236e-03
3.090085387e-01 5.985846519e-01
1.413104534e-01 1.926426739e-01
4.284634888e-01 0.000000000e+00
0.000000000e+00 0.000000000e+00
5.028367788e-02 1.795004308e-02
0.000000000e+00 2.386627048e-01
6.935656071e-03 0.000000000e+00
1.505182087e-01 0.000000000e+00
0.000000000e+00 0.000000000e+00
5.390861034e-01 0.000000000e+00
1.333333552e-01 2.762619257e-01
8.451715112e-03 0.000000000e+00
5.236392021e-01 2.845852673e-01
2.925452590e-01 0.000000000e+00
0.000000000e+00 0.000000000e+00
0.000000000e+00 0.000000000e+00
0.000000000e+00 0.000000000e+00
0.000000000e+00 0.000000000e+00
0.000000000e+00 0.000000000e+00
7.916831970e-02 0.000000000e+00
0.000000000e+00 0.000000000e+00
0.000000000e+00 0.000000000e+00
0.000000000e+00 0.000000000e+00
0.000000000e+00 0.000000000e+00
0.000000000e+00 0.000000000e+00
0.000000000e+00 0.000000000e+00
0.000000000e+00 0.000000000e+00
0.000000000e+00 0.000000000e+00
0.000000000e+00 6.781259179e-02
0.000000000e+00 0.000000000e+00
0.000000000e+00 0.000000000e+00
0.000000000e+00 0.000000000e+00
0.000000000e+00 1.279785633e-01
0.000000000e+00 0.000000000e+00
0.000000000e+00 0.000000000e+00
0.000000000e+00 0.000000000e+00
0.000000000e+00 0.000000000e+00
0.000000000e+00 0.000000000e+00
0.000000000e+00 0.000000000e+00
0.000000000e+00 0.000000000e+00
1.428237557e-02 0.000000000e+00
0.000000000e+00 0.000000000e+00
0.000000000e+00 0.000000000e+00
0.000000000e+00 0.000000000e+00
0.000000000e+00 0.000000000e+00
0.000000000e+00 0.000000000e+00
0.000000000e+00 0.000000000e+00
0.000000000e+00 0.000000000e+00
0.000000000e+00 0.000000000e+00
0.000000000e+00 0.000000000e+00
0.000000000e+00 0.000000000e+00
0.000000000e+00 0.000000000e+00
0.000000000e+00 0.000000000e+00
0.000000000e+00 0.000000000e+00
1.042165160e-01 0.000000000e+00
0.000000000e+00 0.000000000e+00
0.000000000e+00 0.000000000e+00
0.000000000e+00 0.000000000e+00
0.000000000e+00 0.000000000e+00
0.000000000e+00 0.000000000e+00
0.000000000e+00 0.000000000e+00
0.000000000e+00 0.000000000e+00
2.973794937e-03 0.000000000e+00
0.000000000e+00 0.000000000e+00
0.000000000e+00 0.000000000e+00
1.565998197e-01 0.000000000e+00
1.299490333e-01 9.673148394e-02
1.640107036e-01 3.137146235e-01
0.000000000e+00 0.000000000e+00
0.000000000e+00 0.000000000e+00
0.000000000e+00 0.000000000e+00
1.137072444e-01 0.000000000e+00
0.000000000e+00 0.000000000e+00
0.000000000e+00 0.000000000e+00
0.000000000e+00 0.000000000e+00
0.000000000e+00 0.000000000e+00
0.000000000e+00 0.000000000e+00
0.000000000e+00 0.000000000e+00
0.000000000e+00 0.000000000e+00
5.685690045e-02 1.718998551e-01
0.000000000e+00 9.553807974e-02
0.000000000e+00 0.000000000e+00
0.000000000e+00 0.000000000e+00
1.599890590e-01 0.000000000e+00
0.000000000e+00 0.000000000e+00
0.000000000e+00 0.000000000e+00
0.000000000e+00 0.000000000e+00
0.000000000e+00 0.000000000e+00
0.000000000e+00 0.000000000e+00
0.000000000e+00 0.000000000e+00
0.000000000e+00 0.000000000e+00
0.000000000e+00 0.000000000e+00
0.000000000e+00 1.268558502e-01
0.000000000e+00 0.000000000e+00
0.000000000e+00 0.000000000e+00
0.000000000e+00 2.673417330e-03
0.000000000e+00 0.000000000e+00
0.000000000e+00 0.000000000e+00
0.000000000e+00 0.000000000e+00
0.000000000e+00 0.000000000e+00
0.000000000e+00 0.000000000e+00
0.000000000e+00 0.000000000e+00
0.000000000e+00 0.000000000e+00
0.000000000e+00 0.000000000e+00
0.000000000e+00 0.000000000e+00
0.000000000e+00 0.000000000e+00
0.000000000e+00 0.000000000e+00
0.000000000e+00 0.000000000e+00
0.000000000e+00 0.000000000e+00
0.000000000e+00 0.000000000e+00
0.000000000e+00 0.000000000e+00
0.000000000e+00 0.000000000e+00
0.000000000e+00 0.000000000e+00
0.000000000e+00 0.000000000e+00
0.000000000e+00 0.000000000e+00
0.000000000e+00 0.000000000e+00
0.000000000e+00 0.000000000e+00
0.000000000e+00 0.000000000e+00
0.000000000e+00 0.000000000e+00
0.000000000e+00 0.000000000e+00
3.350049257e-02 0.000000000e+00
0.000000000e+00 0.000000000e+00
0.000000000e+00 0.000000000e+00
0.000000000e+00 0.000000000e+00
0.000000000e+00 8.604872227e-02
1.900843978e-01 0.000000000e+00
0.000000000e+00 0.000000000e+00
0.000000000e+00 0.000000000e+00
0.000000000e+00 0.000000000e+00
0.000000000e+00 0.000000000e+00
0.000000000e+00 0.000000000e+00
0.000000000e+00 0.000000000e+00
0.000000000e+00 0.000000000e+00
0.000000000e+00 0.000000000e+00
0.000000000e+00 0.000000000e+00
0.000000000e+00 0.000000000e+00
0.000000000e+00 0.000000000e+00
0.000000000e+00 0.000000000e+00
0.000000000e+00 0.000000000e+00
0.000000000e+00 0.000000000e+00
0.000000000e+00 0.000000000e+00
0.000000000e+00 0.000000000e+00
0.000000000e+00 0.000000000e+00
0.000000000e+00 0.000000000e+00
0.000000000e+00 0.000000000e+00
0.000000000e+00 0.000000000e+00
0.000000000e+00 0.000000000e+00
0.000000000e+00 0.000000000e+00
0.000000000e+00 0.000000000e+00
0.000000000e+00 0.000000000e+00
0.000000000e+00 0.000000000e+00
0.000000000e+00 0.000000000e+00
0.000000000e+00 0.000000000e+00
0.000000000e+00 0.000000000e+00
0.000000000e+00 0.000000000e+00
0.000000000e+00 0.000000000e+00
0.000000000e+00 0.000000000e+00
0.000000000e+00 0.000000000e+00
0.000000000e+00 0.000000000e+00
0.000000000e+00 0.000000000e+00
0.000000000e+00 0.000000000e+00
0.000000000e+00 0.000000000e+00
0.000000000e+00 0.000000000e+00
0.000000000e+00 0.000000000e+00
0.000000000e+00 0.000000000e+00
0.000000000e+00 0.000000000e+00
0.000000000e+00 0.000000000e+00
0.000000000e+00 0.000000000e+00
0.000000000e+00 0.000000000e+00
0.000000000e+00 0.000000000e+00
0.000000000e+00 0.000000000e+00
0.000000000e+00 0.000000000e+00
0.000000000e+00 0.000000000e+00
0.000000000e+00 0.000000000e+00
0.000000000e+00 0.000000000e+00
0.000000000e+00 0.000000000e+00
0.000000000e+00 0.000000000e+00
7.880032063e-03 0.000000000e+00
0.000000000e+00 0.000000000e+00
0.000000000e+00 7.155808806e-02
1.468359232e-01 0.000000000e+00
0.000000000e+00 0.000000000e+00
0.000000000e+00 0.000000000e+00
0.000000000e+00 0.000000000e+00
0.000000000e+00 0.000000000e+00
0.000000000e+00 0.000000000e+00
0.000000000e+00 0.000000000e+00
0.000000000e+00 0.000000000e+00
0.000000000e+00 0.000000000e+00
0.000000000e+00 0.000000000e+00
1.171642542e-01 0.000000000e+00
0.000000000e+00 0.000000000e+00
0.000000000e+00 0.000000000e+00
0.000000000e+00 0.000000000e+00
0.000000000e+00 0.000000000e+00
0.000000000e+00 0.000000000e+00
0.000000000e+00 1.400969028e-01
0.000000000e+00 0.000000000e+00
0.000000000e+00 0.000000000e+00
0.000000000e+00 0.000000000e+00
0.000000000e+00 0.000000000e+00
0.000000000e+00 0.000000000e+00
0.000000000e+00 0.000000000e+00
0.000000000e+00 0.000000000e+00
0.000000000e+00 0.000000000e+00
0.000000000e+00 0.000000000e+00
0.000000000e+00 0.000000000e+00
0.000000000e+00 0.000000000e+00
0.000000000e+00 0.000000000e+00
0.000000000e+00 1.556513309e-01
0.000000000e+00 0.000000000e+00
0.000000000e+00 0.000000000e+00
0.000000000e+00 0.000000000e+00
0.000000000e+00 0.000000000e+00
0.000000000e+00 0.000000000e+00
0.000000000e+00 0.000000000e+00
0.000000000e+00 0.000000000e+00
0.000000000e+00 0.000000000e+00
0.000000000e+00 0.000000000e+00
0.000000000e+00 0.000000000e+00
0.000000000e+00 7.623302937e-02
0.000000000e+00 7.891720533e-02
0.000000000e+00 0.000000000e+00
0.000000000e+00 0.000000000e+00
0.000000000e+00 0.000000000e+00
0.000000000e+00 0.000000000e+00
0.000000000e+00 0.000000000e+00
0.000000000e+00 0.000000000e+00
0.000000000e+00 0.000000000e+00
0.000000000e+00 0.000000000e+00
0.000000000e+00 0.000000000e+00
0.000000000e+00 0.000000000e+00
0.000000000e+00 2.111510634e-01
0.000000000e+00 6.721371412e-02
0.000000000e+00 0.000000000e+00
0.000000000e+00 0.000000000e+00
0.000000000e+00 0.000000000e+00
0.000000000e+00 0.000000000e+00
0.000000000e+00 0.000000000e+00
0.000000000e+00 0.000000000e+00
0.000000000e+00 0.000000000e+00
0.000000000e+00 0.000000000e+00
0.000000000e+00 0.000000000e+00
0.000000000e+00 0.000000000e+00
0.000000000e+00 0.000000000e+00
1.466190815e-02 3.140103221e-01
0.000000000e+00 0.000000000e+00
0.000000000e+00 0.000000000e+00
0.000000000e+00 2.164959908e-03
0.000000000e+00 0.000000000e+00
0.000000000e+00 0.000000000e+00
0.000000000e+00 0.000000000e+00
5.157387257e-02 0.000000000e+00
0.000000000e+00 0.000000000e+00
0.000000000e+00 0.000000000e+00
0.000000000e+00 0.000000000e+00
0.000000000e+00 0.000000000e+00
2.159827948e-02 0.000000000e+00
0.000000000e+00 0.000000000e+00
0.000000000e+00 0.000000000e+00
0.000000000e+00 0.000000000e+00
0.000000000e+00 0.000000000e+00
0.000000000e+00 0.000000000e+00
0.000000000e+00 0.000000000e+00
0.000000000e+00 0.000000000e+00
0.000000000e+00 0.000000000e+00
0.000000000e+00 0.000000000e+00
0.000000000e+00 0.000000000e+00
0.000000000e+00 0.000000000e+00
0.000000000e+00 0.000000000e+00
0.000000000e+00 0.000000000e+00
7.409581542e-02 0.000000000e+00
0.000000000e+00 0.000000000e+00
0.000000000e+00 0.000000000e+00
0.000000000e+00 0.000000000e+00
0.000000000e+00 0.000000000e+00
0.000000000e+00 0.000000000e+00
0.000000000e+00 0.000000000e+00
0.000000000e+00 0.000000000e+00
0.000000000e+00 4.069107771e-02
0.000000000e+00 0.000000000e+00
0.000000000e+00 0.000000000e+00
0.000000000e+00 0.000000000e+00
0.000000000e+00 0.000000000e+00
1.702027321e-01 0.000000000e+00
0.000000000e+00 0.000000000e+00
0.000000000e+00 0.000000000e+00
0.000000000e+00 0.000000000e+00
0.000000000e+00 0.000000000e+00
0.000000000e+00 0.000000000e+00
0.000000000e+00 0.000000000e+00
0.000000000e+00 0.000000000e+00
0.000000000e+00 0.000000000e+00
0.000000000e+00 0.000000000e+00
0.000000000e+00 0.000000000e+00
0.000000000e+00 0.000000000e+00
0.000000000e+00 0.000000000e+00
0.000000000e+00 0.000000000e+00
0.000000000e+00 0.000000000e+00
0.000000000e+00 0.000000000e+00
0.000000000e+00 0.000000000e+00
0.000000000e+00 0.000000000e+00
