2.430476000e+06 5.996726000e+06 
9.562976000e+06 1.312922600e+07 
1.669547600e+07 2.026173200e+07 
2.382796400e+07 2.739424000e+07 
3.096046400e+07 3.452673600e+07 
3.809296800e+07 4.165923200e+07 
4.522547200e+07 4.879172800e+07 
5.235797600e+07 5.592422800e+07 
2.497526000e+06 6.198776000e+06 
9.900026000e+06 1.360127600e+07 
1.730252800e+07 2.100376800e+07 
2.470503600e+07 2.840626000e+07 
3.210753600e+07 3.580876800e+07 
3.951003200e+07 4.321127200e+07 
4.691252800e+07 5.061377600e+07 
5.431502800e+07 5.801627200e+07 
2.564576000e+06 6.400826000e+06 
1.023707600e+07 1.407332600e+07 
1.790957600e+07 2.174583600e+07 
2.558206400e+07 2.941834000e+07 
3.325456800e+07 3.709083200e+07 
4.092707200e+07 4.476332800e+07 
4.859957600e+07 5.243582800e+07 
5.627207200e+07 6.010832800e+07 
2.631626000e+06 6.602876000e+06 
1.057412600e+07 1.454537600e+07 
1.851662800e+07 2.248786800e+07 
2.645914000e+07 3.043036400e+07 
3.440163600e+07 3.837287200e+07 
4.234412800e+07 4.631537600e+07 
5.028662800e+07 5.425787200e+07 
5.822912800e+07 6.220037200e+07 
2.698676000e+06 6.804926000e+06 
1.091117600e+07 1.501742600e+07 
1.912367200e+07 2.322993600e+07 
2.733616000e+07 3.144243600e+07 
3.554866800e+07 3.965493200e+07 
4.376117200e+07 4.786742800e+07 
5.197367600e+07 5.607992800e+07 
6.018617200e+07 6.429243200e+07 
2.765726000e+06 7.006976000e+06 
1.124822600e+07 1.548947600e+07 
1.973073200e+07 2.397196400e+07 
2.821324000e+07 3.245446800e+07 
3.669573200e+07 4.093697200e+07 
4.517822800e+07 4.941947600e+07 
5.366072800e+07 5.790197200e+07 
6.214323200e+07 6.638446800e+07 
2.832776000e+06 7.209026000e+06 
1.158527600e+07 1.596152600e+07 
2.033776800e+07 2.471404000e+07 
2.909026400e+07 3.346653600e+07 
3.784277200e+07 4.221902800e+07 
4.659527600e+07 5.097152800e+07 
5.534777200e+07 5.972403200e+07 
6.410026800e+07 6.847653600e+07 
2.899826000e+06 7.411076000e+06 
1.192232600e+07 1.643357600e+07 
2.094483200e+07 2.545606400e+07 
2.996733600e+07 3.447856800e+07 
3.898982800e+07 4.350107600e+07 
4.801232800e+07 5.252357200e+07 
5.703483200e+07 6.154606800e+07 
6.605733600e+07 7.056856800e+07 
3.235076000e+06 8.421326000e+06 
1.360757600e+07 1.879382800e+07 
2.398006400e+07 2.916633600e+07 
3.435257200e+07 3.953882800e+07 
4.472507600e+07 4.991133200e+07 
5.509756800e+07 6.028383600e+07 
6.547006400e+07 7.065633600e+07 
7.584258400e+07 8.102882400e+07 
3.302126000e+06 8.623376000e+06 
1.394462600e+07 1.926587200e+07 
2.458714000e+07 2.990836800e+07 
3.522963200e+07 4.055087600e+07 
4.587212800e+07 5.119337200e+07 
5.651463200e+07 6.183586800e+07 
6.715713600e+07 7.247836800e+07 
7.779962400e+07 8.312088800e+07 
3.369176000e+06 8.825426000e+06 
1.428167600e+07 1.973793200e+07 
2.519416000e+07 3.065043600e+07 
3.610667200e+07 4.156292800e+07 
4.701917200e+07 5.247543200e+07 
5.793166800e+07 6.338793600e+07 
6.884416800e+07 7.430043200e+07 
7.975665600e+07 8.521292000e+07 
3.436226000e+06 9.027476000e+06 
1.461872600e+07 2.020996800e+07 
2.580124000e+07 3.139246800e+07 
3.698372800e+07 4.257497600e+07 
4.816623200e+07 5.375746800e+07 
5.934873600e+07 6.493996400e+07 
7.053123200e+07 7.612247200e+07 
8.171372000e+07 8.730495200e+07 
3.503276000e+06 9.229526000e+06 
1.495577600e+07 2.068203200e+07 
2.640826400e+07 3.213453200e+07 
3.786077200e+07 4.358702800e+07 
4.931327200e+07 5.503953200e+07 
6.076576400e+07 6.649204000e+07 
7.221827200e+07 7.794452800e+07 
8.367079200e+07 8.939700800e+07 
3.570326000e+06 9.431576000e+06 
1.529282600e+07 2.115406800e+07 
2.701534000e+07 3.287656800e+07 
3.873782800e+07 4.459907200e+07 
5.046033200e+07 5.632156800e+07 
6.218283600e+07 6.804407200e+07 
7.390532800e+07 7.976655200e+07 
8.562781600e+07 9.148908800e+07 
3.637376000e+06 9.633626000e+06 
1.562987600e+07 2.162613600e+07 
2.762236400e+07 3.361863200e+07 
3.961487600e+07 4.561112800e+07 
5.160736800e+07 5.760363600e+07 
6.359986400e+07 6.959613600e+07 
7.559237600e+07 8.158862400e+07 
8.758484800e+07 9.358111200e+07 
3.704426000e+06 9.835676000e+06 
1.596692600e+07 2.209816400e+07 
2.822943600e+07 3.436067200e+07 
4.049192800e+07 4.662317200e+07 
5.275443200e+07 5.888566400e+07 
6.501694000e+07 7.114815200e+07 
7.727942400e+07 8.341068800e+07 
8.954191200e+07 9.567315200e+07 
4.039676000e+06 1.084592600e+07 
1.765217600e+07 2.445844000e+07 
3.126466800e+07 3.807092800e+07 
4.487717200e+07 5.168343600e+07 
5.848966400e+07 6.529594000e+07 
7.210216800e+07 7.890842400e+07 
8.571464000e+07 9.252090400e+07 
9.932720800e+07 1.061334160e+08 
4.106726000e+06 1.104797600e+07 
1.798922800e+07 2.493046000e+07 
3.187173200e+07 3.881297600e+07 
4.575423200e+07 5.269546800e+07 
5.963673600e+07 6.657796000e+07 
7.351923200e+07 8.046048800e+07 
8.740171200e+07 9.434295200e+07 
1.012842000e+08 1.082254880e+08 
4.173776000e+06 1.125002600e+07 
1.832627200e+07 2.540254000e+07 
3.247877200e+07 3.955502800e+07 
4.663127200e+07 5.370753600e+07 
6.078376400e+07 6.786003200e+07 
7.493625600e+07 8.201252000e+07 
8.908879200e+07 9.616500000e+07 
1.032412320e+08 1.103174960e+08 
4.240826000e+06 1.145207600e+07 
1.866332800e+07 2.587456400e+07 
3.308583200e+07 4.029707600e+07 
4.750833200e+07 5.471956400e+07 
6.193084000e+07 6.914207200e+07 
7.635332800e+07 8.356455200e+07 
9.077580800e+07 9.798708800e+07 
1.051983120e+08 1.124095360e+08 
4.307876000e+06 1.165412600e+07 
1.900037200e+07 2.634664000e+07 
3.369287200e+07 4.103912800e+07 
4.838536800e+07 5.573163600e+07 
6.307786400e+07 7.042413600e+07 
7.777039200e+07 8.511660800e+07 
9.246284800e+07 9.980910400e+07 
1.071554000e+08 1.145016160e+08 
4.374926000e+06 1.185617600e+07 
1.933743200e+07 2.681866400e+07 
3.429992800e+07 4.178117200e+07 
4.926243200e+07 5.674366400e+07 
6.422494000e+07 7.170616800e+07 
7.918741600e+07 8.666868800e+07 
9.414990400e+07 1.016311360e+08 
1.091123920e+08 1.165936880e+08 
4.441976000e+06 1.205822600e+07 
1.967446800e+07 2.729073600e+07 
3.490697200e+07 4.252322800e+07 
5.013946800e+07 5.775574000e+07 
6.537196000e+07 7.298823200e+07 
8.060444800e+07 8.822071200e+07 
9.583700000e+07 1.034532160e+08 
1.110694400e+08 1.186856960e+08 
4.509026000e+06 1.226027600e+07 
2.001153200e+07 2.776276400e+07 
3.551402800e+07 4.326527200e+07 
5.101653600e+07 5.876776400e+07 
6.651904000e+07 7.427027200e+07 
8.202152000e+07 8.977275200e+07 
9.752400800e+07 1.052752880e+08 
1.130265200e+08 1.207777200e+08 
4.844276000e+06 1.327052600e+07 
2.169676400e+07 3.012303200e+07 
3.854927600e+07 4.697553200e+07 
5.540176400e+07 6.382804000e+07 
7.225425600e+07 8.068052000e+07 
8.910679200e+07 9.753300800e+07 
1.059592320e+08 1.143854960e+08 
1.228117840e+08 1.312380320e+08 
4.911326000e+06 1.347257600e+07 
2.203383600e+07 3.059506800e+07 
3.915632800e+07 4.771756800e+07 
5.627884000e+07 6.484006000e+07 
7.340132800e+07 8.196255200e+07 
9.052380800e+07 9.908510400e+07 
1.076463280e+08 1.162075200e+08 
1.247687760e+08 1.333300720e+08 
4.978376000e+06 1.367462600e+07 
2.237086400e+07 3.106713200e+07 
3.976337200e+07 4.845963600e+07 
5.715586400e+07 6.585214000e+07 
7.454837600e+07 8.324461600e+07 
9.194084800e+07 1.006371120e+08 
1.093334000e+08 1.180296160e+08 
1.267258240e+08 1.354220800e+08 
5.045426000e+06 1.387667600e+07 
2.270794000e+07 3.153917200e+07 
4.037042800e+07 4.920166800e+07 
5.803294000e+07 6.686416400e+07 
7.569542400e+07 8.452668800e+07 
9.335790400e+07 1.021891360e+08 
1.110203920e+08 1.198516880e+08 
1.286829360e+08 1.375141280e+08 
5.112476000e+06 1.407872600e+07 
2.304496400e+07 3.201123200e+07 
4.097747200e+07 4.994373600e+07 
5.890996400e+07 6.787624000e+07 
7.684246400e+07 8.580871200e+07 
9.477500000e+07 1.037412160e+08 
1.127074240e+08 1.216736800e+08 
1.306399920e+08 1.396062240e+08 
5.179526000e+06 1.428077600e+07 
2.338204000e+07 3.248327200e+07 
4.158453200e+07 5.068576400e+07 
5.978704000e+07 6.888827200e+07 
7.798952000e+07 8.709075200e+07 
9.619200800e+07 1.052932880e+08 
1.143945200e+08 1.234957200e+08 
1.325969680e+08 1.416982720e+08 
5.246576000e+06 1.448282600e+07 
2.371906400e+07 3.295532800e+07 
4.219157200e+07 5.142783600e+07 
6.066406000e+07 6.990032800e+07 
7.913658400e+07 8.837280000e+07 
9.760904000e+07 1.068452960e+08 
1.160815920e+08 1.253178320e+08 
1.345540160e+08 1.437902560e+08 
5.313626000e+06 1.468487600e+07 
2.405614000e+07 3.342737200e+07 
4.279863200e+07 5.216986400e+07 
6.154114000e+07 7.091236800e+07 
8.028361600e+07 8.965490400e+07 
9.902612000e+07 1.083973360e+08 
1.177685840e+08 1.271398880e+08 
1.365111200e+08 1.458823520e+08 
5.648876000e+06 1.569512600e+07 
2.574136400e+07 3.578762800e+07 
4.583386800e+07 5.588014000e+07 
6.592636400e+07 7.597262400e+07 
8.601884800e+07 9.606510400e+07 
1.061114000e+08 1.161576160e+08 
1.262038240e+08 1.362500800e+08 
1.462963840e+08 1.563426240e+08 
5.715926000e+06 1.589717600e+07 
2.607844000e+07 3.625967600e+07 
4.644093600e+07 5.662216400e+07 
6.680344000e+07 7.698468800e+07 
8.716590400e+07 9.734713600e+07 
1.075283920e+08 1.177096880e+08 
1.278909360e+08 1.380721280e+08 
1.482533600e+08 1.584346560e+08 
5.782976000e+06 1.609922600e+07 
2.641546400e+07 3.673172800e+07 
4.704796800e+07 5.736424000e+07 
6.768046400e+07 7.799672000e+07 
8.831300000e+07 9.862921600e+07 
1.089454240e+08 1.192616800e+08 
1.295779920e+08 1.398942400e+08 
1.502104480e+08 1.605266400e+08 
5.850026000e+06 1.630127600e+07 
2.675253600e+07 3.720377600e+07 
4.765503600e+07 5.810626000e+07 
6.855753600e+07 7.900875200e+07 
8.946000800e+07 9.991130400e+07 
1.103625200e+08 1.208137200e+08 
1.312649680e+08 1.417162720e+08 
1.521675360e+08 1.626187680e+08 
5.917076000e+06 1.650332600e+07 
2.708956400e+07 3.767582800e+07 
4.826206800e+07 5.884834000e+07 
6.943456800e+07 8.002080800e+07 
9.060705600e+07 1.011932960e+08 
1.117795920e+08 1.223658320e+08 
1.329520160e+08 1.435382560e+08 
1.541245760e+08 1.647108320e+08 
5.984126000e+06 1.670537600e+07 
2.742663600e+07 3.814787200e+07 
4.886913600e+07 5.959036000e+07 
7.031163200e+07 8.103288800e+07 
9.175410400e+07 1.024753360e+08 
1.131965840e+08 1.239178880e+08 
1.346391200e+08 1.453603520e+08 
1.560815840e+08 1.668028480e+08 
6.051176000e+06 1.690742600e+07 
2.776366800e+07 3.861992800e+07 
4.947616400e+07 6.033244000e+07 
7.118867200e+07 8.204491200e+07 
9.290120800e+07 1.037574160e+08 
1.146136320e+08 1.254698800e+08 
1.363261760e+08 1.471824160e+08 
1.580386560e+08 1.688948800e+08 
6.118226000e+06 1.710947600e+07 
2.810073600e+07 3.909197200e+07 
5.008323600e+07 6.107446400e+07 
7.206572800e+07 8.305695200e+07 
9.404820000e+07 1.050394880e+08 
1.160307280e+08 1.270219200e+08 
1.380131680e+08 1.490044640e+08 
1.599957280e+08 1.709869920e+08 
6.453476000e+06 1.811972800e+07 
2.978596800e+07 4.145223200e+07 
5.311846400e+07 6.478474000e+07 
7.645098400e+07 8.811720000e+07 
9.978344000e+07 1.114496960e+08 
1.231159920e+08 1.347822400e+08 
1.464484480e+08 1.581146560e+08 
1.697809600e+08 1.814472000e+08 
6.520526000e+06 1.832177200e+07 
3.012303200e+07 4.192427200e+07 
5.372554000e+07 6.552676400e+07 
7.732801600e+07 8.912930400e+07 
1.009305200e+08 1.127317360e+08 
1.245329680e+08 1.363342720e+08 
1.481355200e+08 1.599367680e+08 
1.717379520e+08 1.835392480e+08 
6.587576000e+06 1.852382800e+07 
3.046007200e+07 4.239633200e+07 
5.433256400e+07 6.626883600e+07 
7.820505600e+07 9.014130400e+07 
1.020776080e+08 1.140138160e+08 
1.259500160e+08 1.378862720e+08 
1.498225760e+08 1.617588160e+08 
1.736951040e+08 1.856312640e+08 
6.654626000e+06 1.872587200e+07 
3.079713200e+07 4.286836800e+07 
5.493964000e+07 6.701086400e+07 
7.908211200e+07 9.115335200e+07 
1.032245840e+08 1.152958880e+08 
1.273671280e+08 1.394383520e+08 
1.515095680e+08 1.635808480e+08 
1.756521440e+08 1.877233920e+08 
6.721676000e+06 1.892793200e+07 
3.113417200e+07 4.334043200e+07 
5.554666000e+07 6.775293600e+07 
7.995919200e+07 9.216540000e+07 
1.043716320e+08 1.165778800e+08 
1.287841840e+08 1.409904480e+08 
1.531966560e+08 1.654028480e+08 
1.776091680e+08 1.898154240e+08 
6.788726000e+06 1.912997200e+07 
3.147123200e+07 4.381246800e+07 
5.615374000e+07 6.849496800e+07 
8.083620800e+07 9.317750400e+07 
1.055187120e+08 1.178599360e+08 
1.302011760e+08 1.425424640e+08 
1.548837280e+08 1.672249760e+08 
1.795661600e+08 1.919074720e+08 
6.855776000e+06 1.933203200e+07 
3.180827200e+07 4.428453200e+07 
5.676076000e+07 6.923703200e+07 
8.171324800e+07 9.418950400e+07 
1.066658000e+08 1.191420320e+08 
1.316182240e+08 1.440944480e+08 
1.565707680e+08 1.690470080e+08 
1.815233120e+08 1.939994400e+08 
6.922826000e+06 1.953406800e+07 
3.214532800e+07 4.475656800e+07 
5.736784000e+07 6.997907200e+07 
8.259031200e+07 9.520153600e+07 
1.078127920e+08 1.204240880e+08 
1.330353200e+08 1.456465600e+08 
1.582577440e+08 1.708690560e+08 
1.834803040e+08 1.960916000e+08 
7.258076000e+06 2.054433600e+07 
3.383057600e+07 4.711683600e+07 
6.040306400e+07 7.368932800e+07 
8.697560800e+07 1.002618160e+08 
1.135480320e+08 1.268342800e+08 
1.401205760e+08 1.534068160e+08 
1.666930880e+08 1.799792480e+08 
1.932655360e+08 2.065517920e+08 
7.325126000e+06 2.074636800e+07 
3.416762800e+07 4.758886400e+07 
6.101014000e+07 7.443136800e+07 
8.785260000e+07 1.012738880e+08 
1.146951280e+08 1.281163200e+08 
1.415375680e+08 1.549588480e+08 
1.683801280e+08 1.818013920e+08 
1.952225920e+08 2.086438560e+08 
7.392176000e+06 2.094843600e+07 
3.450467600e+07 4.806093600e+07 
6.161716400e+07 7.517342400e+07 
8.872964800e+07 1.022858960e+08 
1.158421840e+08 1.293984320e+08 
1.429546400e+08 1.565108640e+08 
1.700671680e+08 1.836234080e+08 
1.971797120e+08 2.107358880e+08 
7.459226000e+06 2.115046800e+07 
3.484172800e+07 4.853296400e+07 
6.222424000e+07 7.591548800e+07 
8.960670400e+07 1.032979360e+08 
1.169891760e+08 1.306804720e+08 
1.443717120e+08 1.580629760e+08 
1.717541760e+08 1.854454560e+08 
1.991366880e+08 2.128280320e+08 
7.526276000e+06 2.135253600e+07 
3.517877600e+07 4.900503600e+07 
6.283126400e+07 7.665752000e+07 
9.048380000e+07 1.043100160e+08 
1.181362240e+08 1.319624800e+08 
1.457887680e+08 1.596150080e+08 
1.734412800e+08 1.872674560e+08 
2.010937440e+08 2.149200000e+08 
7.593326000e+06 2.155456400e+07 
3.551582800e+07 4.947706400e+07 
6.343833600e+07 7.739955200e+07 
9.136080000e+07 1.053220880e+08 
1.192833360e+08 1.332445360e+08 
1.472057760e+08 1.611670720e+08 
1.751283200e+08 1.890896000e+08 
2.030507520e+08 2.170120480e+08 
7.660376000e+06 2.175663600e+07 
3.585287600e+07 4.994913600e+07 
6.404536400e+07 7.814161600e+07 
9.223784000e+07 1.063340960e+08 
1.204303920e+08 1.345266400e+08 
1.486228480e+08 1.627190720e+08 
1.768153600e+08 1.909116160e+08 
2.050079040e+08 2.191040960e+08 
7.727426000e+06 2.195866400e+07 
3.618992800e+07 5.042116400e+07 
6.465243600e+07 7.888368800e+07 
9.311490400e+07 1.073461360e+08 
1.215773680e+08 1.358086720e+08 
1.500399040e+08 1.642711840e+08 
1.785023680e+08 1.927336480e+08 
2.069649120e+08 2.211961920e+08 
8.062676000e+06 2.296894000e+07 
3.787517200e+07 5.278144000e+07 
6.768766400e+07 8.259391200e+07 
9.750020000e+07 1.124064160e+08 
1.273126240e+08 1.422188640e+08 
1.571251680e+08 1.720314400e+08 
1.869377120e+08 2.018438560e+08 
2.167501280e+08 2.316564320e+08 
8.129726000e+06 2.317096400e+07 
3.821222800e+07 5.325346400e+07 
6.829473600e+07 8.333595200e+07 
9.837719200e+07 1.134184880e+08 
1.284597360e+08 1.435009600e+08 
1.585421440e+08 1.735834560e+08 
1.886247200e+08 2.036660160e+08 
2.187072160e+08 2.337484320e+08 
8.196776000e+06 2.337304000e+07 
3.854927200e+07 5.372554000e+07 
6.890177600e+07 8.407800800e+07 
9.925424000e+07 1.144304800e+08 
1.296067920e+08 1.447830240e+08 
1.599592640e+08 1.751354240e+08 
1.903117600e+08 2.054879840e+08 
2.206643200e+08 2.358405120e+08 
8.263826000e+06 2.357506400e+07 
3.888632800e+07 5.419756000e+07 
6.950883200e+07 8.482010400e+07 
1.001313200e+08 1.154425360e+08 
1.307537680e+08 1.460650560e+08 
1.613763200e+08 1.766876160e+08 
1.919987680e+08 2.073100640e+08 
2.226212960e+08 2.379325920e+08 
8.330876000e+06 2.377714000e+07 
3.922337200e+07 5.466964000e+07 
7.011587200e+07 8.556210400e+07 
1.010083920e+08 1.164546320e+08 
1.319008320e+08 1.473470720e+08 
1.627933600e+08 1.782396480e+08 
1.936859040e+08 2.091320800e+08 
2.245783360e+08 2.400245920e+08 
8.397926000e+06 2.397916000e+07 
3.956043200e+07 5.514166000e+07 
7.072292800e+07 8.630415200e+07 
1.018853840e+08 1.174666880e+08 
1.330479280e+08 1.486291680e+08 
1.642103680e+08 1.797916640e+08 
1.953728960e+08 2.109541920e+08 
2.265354240e+08 2.421166240e+08 
8.464976000e+06 2.418124000e+07 
3.989747200e+07 5.561374000e+07 
7.132997600e+07 8.704620000e+07 
1.027624320e+08 1.184786800e+08 
1.341949840e+08 1.499112000e+08 
1.656274880e+08 1.813436960e+08 
1.970599520e+08 2.127762080e+08 
2.284924800e+08 2.442087200e+08 
8.532026000e+06 2.438326000e+07 
4.023453200e+07 5.608576000e+07 
7.193702400e+07 8.778830400e+07 
1.036395120e+08 1.194907200e+08 
1.353419680e+08 1.511932480e+08 
1.670445120e+08 1.828958080e+08 
1.987469760e+08 2.145982560e+08 
2.304494880e+08 2.463008000e+08 
