5.906851000e+06 5.918026000e+06 
5.929201000e+06 5.940376000e+06 
5.951551000e+06 5.962726000e+06 
5.973901000e+06 5.985076000e+06 
6.040951000e+06 6.052126000e+06 
6.063301000e+06 6.074476000e+06 
6.085651000e+06 6.096826000e+06 
6.108001000e+06 6.119176000e+06 
6.175051000e+06 6.186226000e+06 
6.197401000e+06 6.208576000e+06 
6.219751000e+06 6.230926000e+06 
6.242101000e+06 6.253276000e+06 
6.309151000e+06 6.320326000e+06 
6.331501000e+06 6.342676000e+06 
6.353851000e+06 6.365026000e+06 
6.376201000e+06 6.387376000e+06 
6.443251000e+06 6.454426000e+06 
6.465601000e+06 6.476776000e+06 
6.487951000e+06 6.499126000e+06 
6.510301000e+06 6.521476000e+06 
6.577351000e+06 6.588526000e+06 
6.599701000e+06 6.610876000e+06 
6.622051000e+06 6.633226000e+06 
6.644401000e+06 6.655576000e+06 
6.711451000e+06 6.722626000e+06 
6.733801000e+06 6.744976000e+06 
6.756151000e+06 6.767326000e+06 
6.778501000e+06 6.789676000e+06 
6.845551000e+06 6.856726000e+06 
6.867901000e+06 6.879076000e+06 
6.890251000e+06 6.901426000e+06 
6.912601000e+06 6.923776000e+06 
1.459185100e+07 1.462552600e+07 
1.465920100e+07 1.469287600e+07 
1.472655100e+07 1.476022600e+07 
1.479390100e+07 1.482757600e+07 
1.499595100e+07 1.502962600e+07 
1.506330100e+07 1.509697600e+07 
1.513065100e+07 1.516432600e+07 
1.519800100e+07 1.523167600e+07 
1.540005100e+07 1.543372600e+07 
1.546740100e+07 1.550107600e+07 
1.553475100e+07 1.556842600e+07 
1.560210100e+07 1.563577600e+07 
1.580415100e+07 1.583782600e+07 
1.587150100e+07 1.590517600e+07 
1.593885100e+07 1.597252600e+07 
1.600620100e+07 1.603987600e+07 
1.620825100e+07 1.624192600e+07 
1.627560100e+07 1.630927600e+07 
1.634295100e+07 1.637662600e+07 
1.641030100e+07 1.644397600e+07 
1.661235100e+07 1.664602600e+07 
1.667970100e+07 1.671337600e+07 
1.674705100e+07 1.678072600e+07 
1.681440000e+07 1.684807600e+07 
1.701645200e+07 1.705012800e+07 
1.708380200e+07 1.711747600e+07 
1.715115200e+07 1.718482800e+07 
1.721850200e+07 1.725217600e+07 
1.742055000e+07 1.745422800e+07 
1.748790000e+07 1.752157600e+07 
1.755525200e+07 1.758892800e+07 
1.762260000e+07 1.765627600e+07 
2.327685200e+07 2.333302400e+07 
2.338919800e+07 2.344537600e+07 
2.350155200e+07 2.355772400e+07 
2.361389800e+07 2.367007600e+07 
2.395095200e+07 2.400712400e+07 
2.406330200e+07 2.411948000e+07 
2.417565200e+07 2.423182400e+07 
2.428800200e+07 2.434418000e+07 
2.462504800e+07 2.468122400e+07 
2.473740200e+07 2.479358000e+07 
2.484974800e+07 2.490592400e+07 
2.496209800e+07 2.501828000e+07 
2.529915200e+07 2.535532000e+07 
2.541150200e+07 2.546768000e+07 
2.552385200e+07 2.558002000e+07 
2.563620200e+07 2.569238000e+07 
2.597325200e+07 2.602942000e+07 
2.608560200e+07 2.614178000e+07 
2.619795200e+07 2.625412000e+07 
2.631030200e+07 2.636648000e+07 
2.664735200e+07 2.670352400e+07 
2.675970200e+07 2.681588000e+07 
2.687204800e+07 2.692822000e+07 
2.698440200e+07 2.704058000e+07 
2.732144800e+07 2.737762000e+07 
2.743380200e+07 2.748998000e+07 
2.754614800e+07 2.760232000e+07 
2.765850200e+07 2.771468000e+07 
2.799555200e+07 2.805172000e+07 
2.810790200e+07 2.816408000e+07 
2.822025200e+07 2.827642000e+07 
2.833260200e+07 2.838878000e+07 
3.196185200e+07 3.204052400e+07 
3.211920200e+07 3.219788000e+07 
3.227655200e+07 3.235522400e+07 
3.243390200e+07 3.251258000e+07 
3.290595200e+07 3.298462400e+07 
3.306330200e+07 3.314198000e+07 
3.322065200e+07 3.329932400e+07 
3.337800200e+07 3.345668000e+07 
3.385005200e+07 3.392872400e+07 
3.400740000e+07 3.408608000e+07 
3.416475200e+07 3.424342400e+07 
3.432210400e+07 3.440078000e+07 
3.479415200e+07 3.487282400e+07 
3.495150400e+07 3.503018000e+07 
3.510885200e+07 3.518752400e+07 
3.526620000e+07 3.534488000e+07 
3.573825200e+07 3.581692400e+07 
3.589560000e+07 3.597427600e+07 
3.605295200e+07 3.613162800e+07 
3.621030400e+07 3.628897600e+07 
3.668235200e+07 3.676102800e+07 
3.683970400e+07 3.691837600e+07 
3.699705200e+07 3.707572800e+07 
3.715440000e+07 3.723307600e+07 
3.762645200e+07 3.770512800e+07 
3.778380000e+07 3.786247600e+07 
3.794115200e+07 3.801982800e+07 
3.809849600e+07 3.817717600e+07 
3.857055200e+07 3.864922800e+07 
3.872789600e+07 3.880657600e+07 
3.888525200e+07 3.896392000e+07 
3.904260000e+07 3.912127600e+07 
4.064685600e+07 4.074802000e+07 
4.084920800e+07 4.095038400e+07 
4.105154800e+07 4.115271600e+07 
4.125390400e+07 4.135508400e+07 
4.186094800e+07 4.196211600e+07 
4.206330400e+07 4.216447600e+07 
4.226564800e+07 4.236682000e+07 
4.246800800e+07 4.256918400e+07 
4.307505600e+07 4.317622000e+07 
4.327740800e+07 4.337857600e+07 
4.347974800e+07 4.358092400e+07 
4.368210400e+07 4.378327600e+07 
4.428914800e+07 4.439032400e+07 
4.449150400e+07 4.459266800e+07 
4.469384800e+07 4.479502000e+07 
4.489620800e+07 4.499737600e+07 
4.550324800e+07 4.560442000e+07 
4.570560800e+07 4.580677600e+07 
4.590794800e+07 4.600912400e+07 
4.611030400e+07 4.621147600e+07 
4.671734800e+07 4.681852400e+07 
4.691969600e+07 4.702087600e+07 
4.712205600e+07 4.722322000e+07 
4.732440800e+07 4.742557600e+07 
4.793145600e+07 4.803262000e+07 
4.813380800e+07 4.823498400e+07 
4.833614800e+07 4.843732400e+07 
4.853849600e+07 4.863967600e+07 
4.914554800e+07 4.924672400e+07 
4.934789600e+07 4.944907600e+07 
4.955024800e+07 4.965142000e+07 
4.975260800e+07 4.985378400e+07 
4.933185200e+07 4.945552400e+07 
4.957920000e+07 4.970288000e+07 
4.982655200e+07 4.995023200e+07 
5.007389600e+07 5.019757200e+07 
5.081595200e+07 5.093963200e+07 
5.106329600e+07 5.118697200e+07 
5.131065200e+07 5.143432400e+07 
5.155800000e+07 5.168168800e+07 
5.230005200e+07 5.242372400e+07 
5.254740000e+07 5.267108800e+07 
5.279475200e+07 5.291843200e+07 
5.304209600e+07 5.316577200e+07 
5.378415200e+07 5.390783200e+07 
5.403148800e+07 5.415517200e+07 
5.427885200e+07 5.440253200e+07 
5.452620000e+07 5.464988000e+07 
5.526825200e+07 5.539193200e+07 
5.551560000e+07 5.563928000e+07 
5.576295200e+07 5.588663200e+07 
5.601028800e+07 5.613397200e+07 
5.675235200e+07 5.687603200e+07 
5.699969600e+07 5.712337200e+07 
5.724705200e+07 5.737073200e+07 
5.749440800e+07 5.761808000e+07 
5.823645200e+07 5.836013200e+07 
5.848380000e+07 5.860748000e+07 
5.873115200e+07 5.885483200e+07 
5.897848800e+07 5.910217200e+07 
5.972055200e+07 5.984423200e+07 
5.996789600e+07 6.009157200e+07 
6.021525200e+07 6.033892400e+07 
6.046260800e+07 6.058628000e+07 
5.801686000e+07 5.816302000e+07 
5.830920800e+07 5.845538400e+07 
5.860155200e+07 5.874772400e+07 
5.889389600e+07 5.904008400e+07 
5.977095200e+07 5.991713200e+07 
6.006329600e+07 6.020948400e+07 
6.035566000e+07 6.050182000e+07 
6.064800800e+07 6.079417600e+07 
6.152506000e+07 6.167122800e+07 
6.181740800e+07 6.196357600e+07 
6.210975200e+07 6.225593200e+07 
6.240209600e+07 6.254828400e+07 
6.327915200e+07 6.342532400e+07 
6.357149600e+07 6.371768400e+07 
6.386385200e+07 6.401002800e+07 
6.415620800e+07 6.430237600e+07 
6.503326000e+07 6.517942800e+07 
6.532560800e+07 6.547177600e+07 
6.561795200e+07 6.576413200e+07 
6.591029600e+07 6.605648400e+07 
6.678735200e+07 6.693353200e+07 
6.707969600e+07 6.722588000e+07 
6.737204800e+07 6.751823200e+07 
6.766440000e+07 6.781057600e+07 
6.854145600e+07 6.868763200e+07 
6.883380800e+07 6.897997600e+07 
6.912615200e+07 6.927233600e+07 
6.941849600e+07 6.956468000e+07 
7.029555200e+07 7.044172800e+07 
7.058789600e+07 7.073408000e+07 
7.088025600e+07 7.102644000e+07 
7.117260000e+07 7.131876800e+07 
6.670185200e+07 6.687052800e+07 
6.703920000e+07 6.720787200e+07 
6.737655200e+07 6.754522400e+07 
6.771389600e+07 6.788257600e+07 
6.872595200e+07 6.889462400e+07 
6.906329600e+07 6.923198400e+07 
6.940065600e+07 6.956932000e+07 
6.973800800e+07 6.990666400e+07 
7.075004800e+07 7.091872800e+07 
7.108741600e+07 7.125608000e+07 
7.142476000e+07 7.159342400e+07 
7.176209600e+07 7.193080000e+07 
7.277415200e+07 7.294281600e+07 
7.311150400e+07 7.328020000e+07 
7.344884800e+07 7.361752000e+07 
7.378621600e+07 7.395488000e+07 
7.479825600e+07 7.496692000e+07 
7.513561600e+07 7.530428000e+07 
7.547295200e+07 7.564161600e+07 
7.581030400e+07 7.597900000e+07 
7.682236000e+07 7.699103200e+07 
7.715971200e+07 7.732840000e+07 
7.749705600e+07 7.766573600e+07 
7.783440000e+07 7.800308000e+07 
7.884644800e+07 7.901512800e+07 
7.918378400e+07 7.935246400e+07 
7.952114400e+07 7.968983200e+07 
7.985851200e+07 8.002720000e+07 
8.087055200e+07 8.103923200e+07 
8.120790400e+07 8.137658400e+07 
8.154524800e+07 8.171393600e+07 
8.188260000e+07 8.205126400e+07 
7.538684800e+07 7.557803200e+07 
7.576920000e+07 7.596037600e+07 
7.615154400e+07 7.634272800e+07 
7.653390400e+07 7.672508000e+07 
7.768096000e+07 7.787213600e+07 
7.806330400e+07 7.825447200e+07 
7.844564800e+07 7.863683200e+07 
7.882800000e+07 7.901918400e+07 
7.997505600e+07 8.016620800e+07 
8.035740000e+07 8.054858400e+07 
8.073976000e+07 8.093093600e+07 
8.112210400e+07 8.131327200e+07 
8.226916000e+07 8.246032800e+07 
8.265150400e+07 8.284268000e+07 
8.303385600e+07 8.322500800e+07 
8.341620000e+07 8.360738400e+07 
8.456324800e+07 8.475443200e+07 
8.494560000e+07 8.513680000e+07 
8.532794400e+07 8.551911200e+07 
8.571030400e+07 8.590148000e+07 
8.685736000e+07 8.704853600e+07 
8.723970400e+07 8.743087200e+07 
8.762204800e+07 8.781323200e+07 
8.800440000e+07 8.819560000e+07 
8.915145600e+07 8.934262400e+07 
8.953380000e+07 8.972498400e+07 
8.991616000e+07 9.010733600e+07 
9.029848800e+07 9.048967200e+07 
9.144554400e+07 9.163671200e+07 
9.182790400e+07 9.201908000e+07 
9.221025600e+07 9.240142400e+07 
9.259261600e+07 9.278378400e+07 
8.407184000e+07 8.428553600e+07 
8.449921600e+07 8.471288000e+07 
8.492654400e+07 8.514022400e+07 
8.535388800e+07 8.556756000e+07 
8.663595200e+07 8.684960800e+07 
8.706330400e+07 8.727697600e+07 
8.749064000e+07 8.770433600e+07 
8.791800000e+07 8.813166400e+07 
8.920006400e+07 8.941374400e+07 
8.962740000e+07 8.984108000e+07 
9.005475200e+07 9.026840800e+07 
9.048208800e+07 9.069577600e+07 
9.176414400e+07 9.197782400e+07 
9.219148800e+07 9.240516000e+07 
9.261886400e+07 9.283254400e+07 
9.304620000e+07 9.325988000e+07 
9.432824000e+07 9.454193600e+07 
9.475560000e+07 9.496928000e+07 
9.518296000e+07 9.539662400e+07 
9.561028800e+07 9.582396000e+07 
9.689235200e+07 9.710600800e+07 
9.731970400e+07 9.753337600e+07 
9.774704000e+07 9.796073600e+07 
9.817440000e+07 9.838808000e+07 
9.945644800e+07 9.967014400e+07 
9.988380000e+07 1.000974800e+08 
1.003111520e+08 1.005248080e+08 
1.007384880e+08 1.009521920e+08 
1.020205440e+08 1.022342240e+08 
1.024478880e+08 1.026615760e+08 
1.028752480e+08 1.030889440e+08 
1.033026000e+08 1.035162800e+08 
9.275684800e+07 9.299304800e+07 
9.322919200e+07 9.346534400e+07 
9.370154400e+07 9.393772800e+07 
9.417389600e+07 9.441008800e+07 
9.559093600e+07 9.582713600e+07 
9.606329600e+07 9.629947200e+07 
9.653564800e+07 9.677183200e+07 
9.700799200e+07 9.724414400e+07 
9.842505600e+07 9.866122400e+07 
9.889739200e+07 9.913356000e+07 
9.936975200e+07 9.960593600e+07 
9.984209600e+07 1.000782720e+08 
1.012591280e+08 1.014953440e+08 
1.017314960e+08 1.019676880e+08 
1.022038560e+08 1.024400240e+08 
1.026761920e+08 1.029123600e+08 
1.040932480e+08 1.043294320e+08 
1.045655920e+08 1.048017600e+08 
1.050379280e+08 1.052741440e+08 
1.055102960e+08 1.057465040e+08 
1.069273360e+08 1.071635360e+08 
1.073996960e+08 1.076358880e+08 
1.078720480e+08 1.081082320e+08 
1.083443920e+08 1.085805600e+08 
1.097614560e+08 1.099976080e+08 
1.102337920e+08 1.104699600e+08 
1.107061360e+08 1.109423360e+08 
1.111784960e+08 1.114146880e+08 
1.125955280e+08 1.128317280e+08 
1.130678960e+08 1.133041200e+08 
1.135402560e+08 1.137764080e+08 
1.140125920e+08 1.142487600e+08 
1.014418400e+08 1.017005200e+08 
1.019591920e+08 1.022178880e+08 
1.024765440e+08 1.027352320e+08 
1.029939120e+08 1.032525920e+08 
1.045459360e+08 1.048046160e+08 
1.050633200e+08 1.053219920e+08 
1.055806400e+08 1.058393200e+08 
1.060979920e+08 1.063566720e+08 
1.076500320e+08 1.079087200e+08 
1.081673920e+08 1.084260880e+08 
1.086847360e+08 1.089434160e+08 
1.092021040e+08 1.094607760e+08 
1.107541440e+08 1.110128320e+08 
1.112714960e+08 1.115301920e+08 
1.117888320e+08 1.120475360e+08 
1.123061920e+08 1.125648880e+08 
1.138582400e+08 1.141169200e+08 
1.143755920e+08 1.146342720e+08 
1.148929440e+08 1.151516320e+08 
1.154102960e+08 1.156689920e+08 
1.169623360e+08 1.172210160e+08 
1.174797040e+08 1.177383760e+08 
1.179970400e+08 1.182557040e+08 
1.185143920e+08 1.187730720e+08 
1.200664160e+08 1.203251200e+08 
1.205837920e+08 1.208424720e+08 
1.211011520e+08 1.213598160e+08 
1.216185040e+08 1.218771760e+08 
1.231705600e+08 1.234292480e+08 
1.236878960e+08 1.239465920e+08 
1.242052160e+08 1.244639200e+08 
1.247225920e+08 1.249812880e+08 
1.101268640e+08 1.104080000e+08 
1.106892000e+08 1.109703920e+08 
1.112515600e+08 1.115327120e+08 
1.118138880e+08 1.120950720e+08 
1.135009600e+08 1.137821200e+08 
1.140632720e+08 1.143444960e+08 
1.146256480e+08 1.149068000e+08 
1.151880000e+08 1.154691920e+08 
1.168750560e+08 1.171562240e+08 
1.174374000e+08 1.177186080e+08 
1.179997760e+08 1.182809200e+08 
1.185620880e+08 1.188432800e+08 
1.202491760e+08 1.205303120e+08 
1.208114880e+08 1.210926720e+08 
1.213738400e+08 1.216550240e+08 
1.219362000e+08 1.222174080e+08 
1.236232480e+08 1.239044000e+08 
1.241856000e+08 1.244667920e+08 
1.247479600e+08 1.250291120e+08 
1.253102880e+08 1.255914720e+08 
1.269973600e+08 1.272785200e+08 
1.275596880e+08 1.278408800e+08 
1.281220480e+08 1.284032000e+08 
1.286843840e+08 1.289655920e+08 
1.303714400e+08 1.306526400e+08 
1.309338000e+08 1.312150080e+08 
1.314961600e+08 1.317773360e+08 
1.320584720e+08 1.323396800e+08 
1.337455600e+08 1.340267120e+08 
1.343078720e+08 1.345890560e+08 
1.348702400e+08 1.351514400e+08 
1.354325920e+08 1.357138080e+08 
1.188118560e+08 1.191155680e+08 
1.194191920e+08 1.197228880e+08 
1.200265440e+08 1.203302080e+08 
1.206338720e+08 1.209375840e+08 
1.224559520e+08 1.227596080e+08 
1.230632720e+08 1.233669840e+08 
1.236706560e+08 1.239743680e+08 
1.242779920e+08 1.245817040e+08 
1.261000800e+08 1.264037440e+08 
1.267073920e+08 1.270110880e+08 
1.273147520e+08 1.276184080e+08 
1.279220720e+08 1.282257840e+08 
1.297441440e+08 1.300478080e+08 
1.303514720e+08 1.306551840e+08 
1.309588800e+08 1.312625280e+08 
1.315661920e+08 1.318698880e+08 
1.333882720e+08 1.336919520e+08 
1.339956080e+08 1.342992960e+08 
1.346029440e+08 1.349066080e+08 
1.352102880e+08 1.355140000e+08 
1.370323520e+08 1.373360160e+08 
1.376396640e+08 1.379434080e+08 
1.382470720e+08 1.385507520e+08 
1.388544160e+08 1.391580800e+08 
1.406764640e+08 1.409801440e+08 
1.412838240e+08 1.415874720e+08 
1.418911360e+08 1.421948320e+08 
1.424984640e+08 1.428022080e+08 
1.443205440e+08 1.446242080e+08 
1.449278880e+08 1.452315840e+08 
1.455352640e+08 1.458389440e+08 
1.461426080e+08 1.464462880e+08 
1.274968640e+08 1.278230160e+08 
1.281491680e+08 1.284753520e+08 
1.288015120e+08 1.291277440e+08 
1.294539040e+08 1.297801120e+08 
1.314109520e+08 1.317371200e+08 
1.320633040e+08 1.323894800e+08 
1.327156640e+08 1.330418160e+08 
1.333679680e+08 1.336941360e+08 
1.353250720e+08 1.356512000e+08 
1.359773920e+08 1.363035360e+08 
1.366297280e+08 1.369559520e+08 
1.372820960e+08 1.376082880e+08 
1.392391360e+08 1.395653600e+08 
1.398915200e+08 1.402176960e+08 
1.405438560e+08 1.408700160e+08 
1.411961920e+08 1.415223520e+08 
1.431532640e+08 1.434794240e+08 
1.438056000e+08 1.441317280e+08 
1.444579520e+08 1.447841600e+08 
1.451103200e+08 1.454364960e+08 
1.470673600e+08 1.473935520e+08 
1.477197280e+08 1.480458880e+08 
1.483720320e+08 1.486982240e+08 
1.490243680e+08 1.493505440e+08 
1.509814560e+08 1.513076000e+08 
1.516337920e+08 1.519599520e+08 
1.522861600e+08 1.526123520e+08 
1.529384960e+08 1.532646880e+08 
1.548955520e+08 1.552217600e+08 
1.555479200e+08 1.558741440e+08 
1.562002560e+08 1.565264160e+08 
1.568525920e+08 1.571787680e+08 
1.361818560e+08 1.365305120e+08 
1.368792000e+08 1.372278880e+08 
1.375765760e+08 1.379252320e+08 
1.382738880e+08 1.386225600e+08 
1.403659360e+08 1.407146240e+08 
1.410633120e+08 1.414119680e+08 
1.417606720e+08 1.421093280e+08 
1.424579840e+08 1.428067040e+08 
1.445500480e+08 1.448987200e+08 
1.452473760e+08 1.455960960e+08 
1.459447360e+08 1.462934400e+08 
1.466421120e+08 1.469907520e+08 
1.487341760e+08 1.490828320e+08 
1.494314880e+08 1.497801440e+08 
1.501288320e+08 1.504775200e+08 
1.508261920e+08 1.511748960e+08 
1.529182560e+08 1.532669280e+08 
1.536155840e+08 1.539643360e+08 
1.543129600e+08 1.546616160e+08 
1.550102880e+08 1.553589280e+08 
1.571023360e+08 1.574510400e+08 
1.577997120e+08 1.581483360e+08 
1.584970560e+08 1.588457280e+08 
1.591943840e+08 1.595431200e+08 
1.612864320e+08 1.616351200e+08 
1.619838080e+08 1.623324640e+08 
1.626811360e+08 1.630298240e+08 
1.633784960e+08 1.637271520e+08 
1.654705600e+08 1.658192480e+08 
1.661678880e+08 1.665165600e+08 
1.668652480e+08 1.672139200e+08 
1.675625920e+08 1.679112800e+08 
