2.429632992e-01 0.000000000e+00
4.265981913e-01 2.225831598e-01
3.364190459e-01 2.949917316e-02
4.037949443e-01 7.693323493e-02
2.072123885e-01 1.922130734e-01
9.098242223e-02 2.610470951e-01
3.445941508e-01 2.730939090e-01
6.178694963e-01 2.848511636e-01
3.400669098e-01 6.599226594e-02
4.797483981e-02 2.562890351e-01
1.706231236e-01 1.429792643e-01
1.674374938e-01 0.000000000e+00
1.928333640e-01 0.000000000e+00
3.397047520e-01 2.188847810e-01
1.257130504e-01 1.621894538e-01
0.000000000e+00 0.000000000e+00
8.906678855e-02 0.000000000e+00
2.160799056e-01 0.000000000e+00
0.000000000e+00 3.234723210e-01
1.065872759e-01 4.294266999e-01
1.114912555e-01 1.617466211e-01
0.000000000e+00 3.111461401e-01
0.000000000e+00 3.208130598e-01
1.548614055e-01 3.484701216e-01
3.988190293e-01 6.427938342e-01
0.000000000e+00 1.495643407e-01
0.000000000e+00 4.014953077e-01
0.000000000e+00 1.231361404e-01
0.000000000e+00 3.247878850e-01
1.903338730e-01 2.215665579e-01
1.115759239e-01 6.655777991e-02
0.000000000e+00 3.487365246e-01
4.073038101e-01 1.613655984e-01
3.440670371e-01 2.938915491e-01
0.000000000e+00 4.622389674e-01
2.148191631e-02 3.599311113e-01
0.000000000e+00 4.367669523e-01
0.000000000e+00 2.963498831e-01
8.457300067e-02 5.763150454e-01
6.213791370e-01 3.183289766e-01
4.134368896e-01 2.172446698e-01
6.071018577e-01 1.654333919e-01
6.746685505e-01 3.451507092e-01
5.413360596e-01 7.184962034e-01
3.005252481e-01 1.161893383e-01
5.147622824e-01 1.865045428e-01
6.678893566e-01 1.121978685e-01
4.502223134e-01 3.640521765e-01
3.793418407e-02 5.481171012e-01
2.231940180e-01 7.556109428e-01
3.438398838e-01 3.457322121e-01
2.464818060e-01 1.972483844e-01
4.359689951e-01 4.426805377e-01
1.523579359e-01 1.305274665e-02
3.235944510e-01 0.000000000e+00
6.102870107e-01 1.951909810e-01
1.310235262e-01 4.929323494e-01
0.000000000e+00 7.457115054e-01
0.000000000e+00 4.540336728e-01
4.276564717e-01 3.581973910e-01
4.835613370e-01 1.569818109e-01
4.635071158e-01 3.178642392e-01
7.678479552e-01 0.000000000e+00
4.036779702e-01 4.327273369e-02
1.422525644e-01 9.995506704e-02
1.978386045e-01 4.634748995e-01
3.040177822e-01 2.251935601e-01
0.000000000e+00 7.834474742e-02
1.796504408e-01 2.060526907e-01
3.964157999e-01 4.538782537e-01
2.465566397e-01 5.564376712e-02
3.730909526e-02 0.000000000e+00
0.000000000e+00 0.000000000e+00
5.736333132e-02 0.000000000e+00
0.000000000e+00 2.684027553e-01
5.048511624e-01 0.000000000e+00
6.660557985e-01 1.482481956e-01
3.693669438e-01 3.137548268e-02
2.785690725e-01 2.838219404e-01
1.117581427e-01 5.153396130e-01
5.822852254e-03 3.289338350e-01
2.273842245e-01 1.231119707e-01
1.262590289e-01 1.394233555e-01
1.410382390e-01 4.127234221e-02
1.127880514e-01 6.398442984e-01
6.613180041e-02 1.576399803e-01
0.000000000e+00 1.380687356e-01
0.000000000e+00 3.281813264e-01
2.893977463e-01 1.645073444e-01
0.000000000e+00 0.000000000e+00
0.000000000e+00 3.722324967e-02
3.247256279e-01 4.331960082e-01
2.117583603e-01 4.599677622e-01
5.819180608e-02 5.044142902e-02
0.000000000e+00 2.455002218e-01
3.160522282e-01 3.240948915e-01
4.314613342e-01 1.933526993e-02
6.142922044e-01 5.984915495e-01
8.822692037e-01 1.595020145e-01
6.383763552e-01 7.118801773e-02
3.837676644e-01 1.724828780e-02
4.162015021e-01 6.990417242e-01
4.454860687e-01 2.842493355e-01
2.875210345e-02 4.606863856e-02
0.000000000e+00 0.000000000e+00
0.000000000e+00 2.154821157e-01
6.009456515e-02 2.335688323e-01
5.595753193e-01 3.985556960e-02
4.902124405e-03 1.064437479e-01
0.000000000e+00 2.925049365e-01
3.660548925e-01 4.250548482e-01
4.102489948e-01 0.000000000e+00
2.977390885e-01 0.000000000e+00
5.645968914e-01 8.735711575e-01
5.670481920e-01 5.271396041e-01
2.909436226e-01 3.057437241e-01
0.000000000e+00 3.138111234e-01
2.117302418e-01 4.742141068e-02
1.018636897e-01 1.107331216e-01
3.512363136e-01 9.846442938e-02
2.845159769e-01 4.328817427e-01
0.000000000e+00 3.594805300e-02
0.000000000e+00 4.815492928e-01
2.419591993e-01 5.170305967e-01
3.703603148e-01 0.000000000e+00
6.479369998e-01 8.000715077e-02
3.802620769e-01 4.571098089e-01
4.906992614e-01 5.381884575e-01
5.713335872e-01 5.346294641e-01
3.997634351e-02 3.780035973e-01
1.372411847e-03 5.351254940e-01
3.518272638e-01 4.451660812e-02
3.687030673e-01 1.159573644e-01
4.382981658e-01 1.289990246e-01
2.875566781e-01 1.754406095e-01
3.555378318e-02 1.734301895e-01
5.831014514e-01 2.671549320e-01
6.571922302e-01 1.892933100e-01
2.607523799e-01 1.174706221e-02
2.271175086e-01 0.000000000e+00
2.028044164e-01 0.000000000e+00
0.000000000e+00 5.120230913e-01
1.023240089e-01 8.062049150e-01
0.000000000e+00 3.253900111e-01
0.000000000e+00 1.310476661e-01
6.645078957e-02 5.454059839e-01
2.202518284e-02 4.015117288e-01
2.246737480e-02 2.557832897e-01
0.000000000e+00 0.000000000e+00
0.000000000e+00 0.000000000e+00
0.000000000e+00 7.139532268e-02
1.899580956e-01 3.225385547e-01
0.000000000e+00 0.000000000e+00
4.985432625e-01 2.557805181e-01
3.085684776e-01 4.146759808e-01
1.295118332e-01 4.806092978e-01
1.913344562e-01 3.163975477e-01
9.762035310e-02 2.119634748e-01
1.228666902e-01 1.576262116e-01
4.242584109e-03 5.042808652e-01
1.209080219e-02 3.187903762e-02
0.000000000e+00 0.000000000e+00
2.043919116e-01 3.419402242e-01
2.656958699e-01 2.398323715e-01
4.273628294e-01 4.212018847e-01
7.441640496e-01 0.000000000e+00
5.566868186e-01 0.000000000e+00
4.772497118e-01 2.614997029e-01
7.182748914e-01 2.711619735e-01
3.340229988e-01 5.671889782e-01
2.257128358e-01 3.124064803e-01
0.000000000e+00 6.770552993e-01
2.703685760e-01 9.606053233e-01
2.922068834e-01 6.390789151e-01
3.431225121e-01 0.000000000e+00
0.000000000e+00 5.216934085e-01
4.027857482e-01 5.045160651e-01
2.961201370e-01 4.953399897e-01
3.231766820e-01 4.570747614e-01
1.167704388e-01 4.880572855e-02
7.246951461e-01 2.684621811e-01
3.727992773e-01 4.646314383e-01
1.511763334e-01 2.540001571e-01
2.537582517e-01 9.635470808e-02
3.655093908e-01 9.148538113e-02
5.214505196e-01 2.651864290e-01
0.000000000e+00 0.000000000e+00
2.340264320e-01 2.446698695e-01
2.505046427e-01 0.000000000e+00
5.063332319e-01 4.358952641e-01
4.201316535e-01 5.031940341e-01
0.000000000e+00 1.612311751e-01
0.000000000e+00 0.000000000e+00
0.000000000e+00 0.000000000e+00
0.000000000e+00 0.000000000e+00
1.747556627e-01 0.000000000e+00
0.000000000e+00 0.000000000e+00
4.707425833e-01 0.000000000e+00
5.959751606e-01 3.907931447e-01
4.734697044e-01 1.697512865e-01
0.000000000e+00 1.538955569e-01
3.174527287e-01 0.000000000e+00
0.000000000e+00 0.000000000e+00
1.390130073e-01 2.025535256e-01
0.000000000e+00 1.110740304e-01
3.631348014e-01 8.218541741e-02
3.026955724e-01 4.798032641e-01
3.191097379e-01 3.521518409e-01
2.609890103e-01 6.791638136e-01
2.357722819e-02 7.171274722e-02
0.000000000e+00 4.743941128e-01
8.249881864e-01 8.443170786e-01
2.846668959e-01 4.922702610e-01
8.934515715e-02 2.366326004e-01
0.000000000e+00 5.063313246e-01
3.135886490e-01 2.215172499e-01
3.648594916e-01 4.885964990e-01
5.318185091e-01 5.213409066e-01
3.563578129e-01 4.404432774e-01
3.482532799e-01 4.253325462e-01
4.787971675e-01 2.923704386e-01
0.000000000e+00 3.872334659e-01
0.000000000e+00 2.002993524e-01
3.976493478e-01 2.868402004e-01
4.898345172e-01 1.953757405e-01
8.208831549e-01 7.268325984e-02
7.815917134e-01 8.318577409e-01
5.806306005e-02 5.267208815e-01
0.000000000e+00 1.796858907e-01
0.000000000e+00 0.000000000e+00
4.716809392e-01 2.731342614e-02
4.832530916e-01 3.770658970e-01
3.962520361e-01 3.941392899e-02
2.752614617e-01 6.422218084e-01
2.111242414e-01 4.057359695e-01
0.000000000e+00 0.000000000e+00
0.000000000e+00 2.576783299e-03
0.000000000e+00 1.657372415e-01
3.585771918e-01 0.000000000e+00
3.138438463e-01 4.063265622e-01
7.177103758e-01 3.107527196e-01
5.296006799e-02 5.337251723e-02
2.735123038e-01 0.000000000e+00
1.219968274e-01 1.940679848e-01
4.046689272e-01 5.317801833e-01
6.170157194e-01 0.000000000e+00
9.489138424e-02 3.757384717e-01
1.416783333e-01 2.876367569e-01
0.000000000e+00 0.000000000e+00
5.951178074e-02 0.000000000e+00
0.000000000e+00 0.000000000e+00
2.750550210e-01 1.594197154e-01
4.120785296e-01 0.000000000e+00
1.027277038e-01 6.214371324e-01
1.175759807e-01 8.001855016e-02
0.000000000e+00 0.000000000e+00
0.000000000e+00 4.000142813e-01
5.052530766e-01 0.000000000e+00
4.304869175e-01 1.563844532e-01
3.513566554e-01 4.265363216e-01
2.105375230e-01 5.307601094e-01
5.043493509e-01 1.790945977e-01
5.366333723e-01 3.045924604e-01
0.000000000e+00 2.648213506e-02
2.082964331e-01 0.000000000e+00
3.224330842e-01 2.094491273e-01
6.891226768e-02 5.186889768e-01
5.694671869e-01 3.990805149e-01
0.000000000e+00 2.695745528e-01
2.763376534e-01 2.775880992e-01
9.196698666e-01 1.114786044e-01
3.224689066e-01 3.765898347e-01
4.193943739e-01 1.124015093e+00
1.287406683e-02 2.631738782e-01
2.182722688e-01 5.059382319e-01
0.000000000e+00 4.390081167e-01
3.687567711e-01 5.046969652e-01
2.799077034e-01 4.187845290e-01
3.228432536e-01 3.742641807e-01
4.515736103e-01 1.772068590e-01
1.635899246e-01 3.255802393e-01
0.000000000e+00 3.327304721e-01
3.357184529e-01 4.010654986e-02
2.817931175e-01 0.000000000e+00
3.837063909e-01 1.168181002e-01
0.000000000e+00 3.930728436e-01
2.779950202e-01 1.325843632e-01
1.553267539e-01 4.562020898e-01
8.828660846e-02 2.002087533e-01
0.000000000e+00 0.000000000e+00
2.361963317e-02 1.554564834e-01
9.961865842e-03 0.000000000e+00
0.000000000e+00 2.874714732e-01
8.871979266e-02 2.059856802e-02
0.000000000e+00 0.000000000e+00
0.000000000e+00 1.313503832e-03
1.257182360e-01 0.000000000e+00
1.896683425e-01 5.200520903e-02
0.000000000e+00 8.802945912e-02
3.028805554e-01 1.626074314e-01
1.161199138e-01 4.615008831e-02
4.413685203e-02 0.000000000e+00
0.000000000e+00 3.506552577e-01
1.045135409e-01 2.213876322e-02
2.390028387e-01 0.000000000e+00
3.945886195e-01 1.220341250e-01
1.736353040e-01 4.629960954e-01
4.913490266e-02 5.128492117e-01
9.205132723e-02 1.515184939e-01
0.000000000e+00 0.000000000e+00
4.183356091e-02 0.000000000e+00
0.000000000e+00 1.260513663e-01
0.000000000e+00 2.041307241e-01
0.000000000e+00 5.662849545e-01
1.621982455e-01 4.007453024e-01
1.586697400e-01 5.106347799e-01
0.000000000e+00 5.948340893e-01
0.000000000e+00 2.004974186e-01
5.691592395e-02 0.000000000e+00
2.502578199e-01 1.125489846e-01
0.000000000e+00 0.000000000e+00
2.141766548e-01 0.000000000e+00
1.234028488e-01 3.157739341e-01
1.654407978e-01 1.616472155e-01
1.942026168e-01 1.809063554e-02
3.164089918e-01 0.000000000e+00
5.458704829e-01 0.000000000e+00
0.000000000e+00 0.000000000e+00
3.244666457e-01 0.000000000e+00
2.126479745e-01 1.833612323e-01
4.942734540e-02 0.000000000e+00
1.877011359e-01 0.000000000e+00
1.087401807e-01 0.000000000e+00
4.129526913e-01 0.000000000e+00
4.142847061e-01 0.000000000e+00
1.852392703e-01 0.000000000e+00
7.238391042e-02 0.000000000e+00
2.935474738e-02 0.000000000e+00
2.318888009e-01 3.220909536e-01
5.027165413e-01 7.061421871e-02
2.818995714e-01 2.556124330e-01
0.000000000e+00 4.201507866e-01
3.548753858e-01 0.000000000e+00
3.208189011e-01 0.000000000e+00
0.000000000e+00 1.532137394e-01
0.000000000e+00 1.838138849e-01
0.000000000e+00 3.946513832e-01
0.000000000e+00 0.000000000e+00
8.029633015e-02 0.000000000e+00
4.356018305e-01 0.000000000e+00
5.910844356e-02 0.000000000e+00
0.000000000e+00 3.333753347e-01
0.000000000e+00 3.404377401e-01
0.000000000e+00 0.000000000e+00
0.000000000e+00 3.279791772e-01
0.000000000e+00 1.376063228e-01
8.724249899e-02 0.000000000e+00
3.171925619e-02 0.000000000e+00
0.000000000e+00 0.000000000e+00
2.356193513e-01 2.560782991e-02
1.813553274e-01 0.000000000e+00
4.437056780e-01 1.750957966e-01
2.924317420e-01 3.320209086e-01
7.831905782e-02 1.439144760e-01
2.004909813e-01 0.000000000e+00
3.496673107e-01 3.750776649e-01
1.191975474e-01 4.690184817e-02
1.864879727e-01 0.000000000e+00
0.000000000e+00 0.000000000e+00
0.000000000e+00 0.000000000e+00
2.550399899e-01 0.000000000e+00
1.335774660e-01 3.061394095e-01
0.000000000e+00 8.150985464e-03
0.000000000e+00 3.865383267e-01
0.000000000e+00 6.681843400e-01
0.000000000e+00 6.734225154e-01
0.000000000e+00 3.723236620e-01
0.000000000e+00 5.573042631e-01
3.962717652e-01 7.436935604e-02
1.939136386e-01 0.000000000e+00
5.839990824e-02 0.000000000e+00
0.000000000e+00 0.000000000e+00
0.000000000e+00 5.141376257e-01
0.000000000e+00 1.881593168e-01
4.284957945e-01 0.000000000e+00
2.062798440e-01 0.000000000e+00
8.631027490e-02 0.000000000e+00
3.743788302e-01 0.000000000e+00
0.000000000e+00 0.000000000e+00
1.910938621e-01 0.000000000e+00
0.000000000e+00 1.939016432e-01
2.899404764e-01 0.000000000e+00
5.122881532e-01 1.498808414e-01
1.132397503e-01 1.189054847e-01
2.096739709e-01 7.644781470e-02
2.866386473e-01 0.000000000e+00
0.000000000e+00 2.797043324e-01
1.717142761e-01 4.845144600e-02
9.700844437e-02 1.977419555e-01
1.909563839e-01 4.926952124e-01
1.112216413e-01 3.124687076e-01
0.000000000e+00 0.000000000e+00
0.000000000e+00 0.000000000e+00
3.628057837e-01 1.783967018e-04
0.000000000e+00 0.000000000e+00
1.481318772e-01 0.000000000e+00
6.295208931e-01 4.959104359e-01
0.000000000e+00 2.381981909e-01
0.000000000e+00 6.750597060e-02
0.000000000e+00 3.161852062e-01
0.000000000e+00 8.195985854e-02
0.000000000e+00 3.051295877e-01
0.000000000e+00 2.328875959e-01
0.000000000e+00 0.000000000e+00
0.000000000e+00 0.000000000e+00
0.000000000e+00 4.206937551e-02
2.089135200e-01 0.000000000e+00
2.573602796e-01 4.225049317e-01
3.277785182e-01 9.347539395e-02
0.000000000e+00 4.068161175e-02
2.749521136e-01 0.000000000e+00
5.976586342e-01 0.000000000e+00
4.543191195e-01 0.000000000e+00
3.850788176e-01 3.157619536e-01
6.505599618e-02 0.000000000e+00
0.000000000e+00 0.000000000e+00
0.000000000e+00 0.000000000e+00
5.057469606e-01 0.000000000e+00
4.368733168e-01 6.405795366e-02
6.245915294e-01 2.568649873e-02
4.269073308e-01 2.512902617e-01
0.000000000e+00 4.781054854e-01
2.961410880e-01 2.613336146e-01
0.000000000e+00 4.922959805e-01
0.000000000e+00 0.000000000e+00
0.000000000e+00 7.055509090e-02
0.000000000e+00 7.184539437e-01
0.000000000e+00 3.185086846e-01
0.000000000e+00 0.000000000e+00
0.000000000e+00 2.709344327e-01
0.000000000e+00 4.248540103e-01
1.620973796e-01 8.557601273e-02
2.940496802e-01 0.000000000e+00
6.588266045e-02 0.000000000e+00
1.357615888e-01 2.091920078e-01
1.664921343e-01 0.000000000e+00
6.616526842e-01 0.000000000e+00
5.391547680e-01 1.080062687e-01
2.121045440e-02 2.047080249e-01
1.896717213e-02 0.000000000e+00
0.000000000e+00 0.000000000e+00
1.662267596e-01 1.330171227e-01
3.991644681e-01 1.335542947e-01
1.520026624e-01 0.000000000e+00
8.070303798e-01 0.000000000e+00
3.470118344e-01 0.000000000e+00
0.000000000e+00 0.000000000e+00
3.171615601e-01 0.000000000e+00
0.000000000e+00 0.000000000e+00
6.681526080e-03 0.000000000e+00
0.000000000e+00 4.419424757e-02
8.746601641e-02 1.763905585e-01
0.000000000e+00 3.940812871e-02
2.457114011e-01 1.834392846e-01
0.000000000e+00 6.438291818e-02
0.000000000e+00 2.619837523e-01
0.000000000e+00 0.000000000e+00
0.000000000e+00 0.000000000e+00
0.000000000e+00 0.000000000e+00
2.459652126e-01 0.000000000e+00
2.380678356e-01 2.428700179e-01
5.169541240e-01 0.000000000e+00
4.062790275e-01 0.000000000e+00
1.625814736e-01 0.000000000e+00
0.000000000e+00 3.924013376e-01
4.686643183e-01 8.206726611e-02
2.842507511e-02 8.956532925e-02
0.000000000e+00 0.000000000e+00
0.000000000e+00 1.146001145e-01
7.526214421e-02 3.616762161e-01
0.000000000e+00 6.304003596e-01
1.359741986e-01 1.656842083e-01
4.496312737e-01 3.738974407e-02
4.581111670e-01 0.000000000e+00
5.468709469e-01 1.849572808e-01
3.117554784e-01 0.000000000e+00
0.000000000e+00 0.000000000e+00
2.050834745e-01 0.000000000e+00
8.027119935e-02 0.000000000e+00
0.000000000e+00 0.000000000e+00
2.041248828e-01 0.000000000e+00
2.230863422e-01 0.000000000e+00
0.000000000e+00 0.000000000e+00
1.880667806e-01 0.000000000e+00
3.957739472e-01 1.154833362e-01
0.000000000e+00 3.666310012e-01
0.000000000e+00 2.178359777e-01
0.000000000e+00 6.571028829e-01
5.660734326e-02 1.682912111e-01
0.000000000e+00 0.000000000e+00
0.000000000e+00 3.490923643e-01
0.000000000e+00 2.465592325e-01
1.707748920e-01 0.000000000e+00
1.804218739e-01 4.608817399e-03
4.807666540e-01 2.391886152e-02
0.000000000e+00 3.756802678e-01
8.741246164e-02 4.043364823e-01
5.544805527e-02 3.086716831e-01
4.528029859e-01 3.203844130e-01
1.473235637e-01 0.000000000e+00
0.000000000e+00 1.186736748e-01
0.000000000e+00 0.000000000e+00
0.000000000e+00 0.000000000e+00
1.642925292e-01 0.000000000e+00
1.240121648e-01 0.000000000e+00
0.000000000e+00 1.886548847e-01
6.917318702e-02 5.340857506e-01
1.601439267e-01 1.921715885e-01
2.947235405e-01 0.000000000e+00
8.324989676e-02 0.000000000e+00
0.000000000e+00 6.454806030e-02
2.839921117e-01 0.000000000e+00
5.415825546e-02 0.000000000e+00
9.167813510e-02 0.000000000e+00
0.000000000e+00 2.329084128e-01
0.000000000e+00 5.357475877e-01
5.517996848e-02 0.000000000e+00
3.410722613e-01 0.000000000e+00
1.981607676e-01 0.000000000e+00
1.888659149e-01 3.887810111e-01
5.683970451e-02 3.563221097e-01
1.485063732e-01 2.557049990e-01
0.000000000e+00 0.000000000e+00
1.025093868e-01 0.000000000e+00
4.645058215e-01 0.000000000e+00
0.000000000e+00 0.000000000e+00
0.000000000e+00 2.003857940e-01
2.911610343e-02 8.140303195e-02
0.000000000e+00 0.000000000e+00
0.000000000e+00 0.000000000e+00
1.753697246e-01 5.703169703e-01
2.350942492e-01 4.221332073e-01
0.000000000e+00 4.550384879e-01
1.031691581e-01 1.358283162e-01
0.000000000e+00 0.000000000e+00
0.000000000e+00 2.734275162e-02
2.442468107e-01 0.000000000e+00
9.372483194e-02 0.000000000e+00
2.383855134e-01 1.405167133e-01
0.000000000e+00 5.142718926e-02
1.106312275e-01 0.000000000e+00
1.073938012e-01 1.650658250e-01
0.000000000e+00 0.000000000e+00
3.866560757e-01 7.623244077e-02
3.108847141e-01 3.246168196e-01
0.000000000e+00 0.000000000e+00
1.714082509e-01 0.000000000e+00
0.000000000e+00 0.000000000e+00
0.000000000e+00 0.000000000e+00
0.000000000e+00 0.000000000e+00
0.000000000e+00 0.000000000e+00
0.000000000e+00 7.525947094e-01
5.527333543e-02 5.504962802e-02
0.000000000e+00 2.293996513e-01
0.000000000e+00 3.899504542e-01
0.000000000e+00 1.496569961e-01
2.578702271e-01 4.603241384e-02
1.933474988e-01 0.000000000e+00
1.190313622e-01 4.792867228e-02
0.000000000e+00 3.488917649e-01
0.000000000e+00 2.016349137e-01
0.000000000e+00 0.000000000e+00
3.936111629e-01 0.000000000e+00
1.179735363e-01 1.207531989e-01
6.519179791e-03 0.000000000e+00
3.471956253e-01 0.000000000e+00
0.000000000e+00 0.000000000e+00
0.000000000e+00 0.000000000e+00
0.000000000e+00 0.000000000e+00
0.000000000e+00 0.000000000e+00
0.000000000e+00 0.000000000e+00
0.000000000e+00 0.000000000e+00
0.000000000e+00 0.000000000e+00
0.000000000e+00 0.000000000e+00
0.000000000e+00 0.000000000e+00
0.000000000e+00 0.000000000e+00
0.000000000e+00 0.000000000e+00
0.000000000e+00 0.000000000e+00
0.000000000e+00 0.000000000e+00
0.000000000e+00 0.000000000e+00
0.000000000e+00 0.000000000e+00
0.000000000e+00 0.000000000e+00
0.000000000e+00 0.000000000e+00
0.000000000e+00 0.000000000e+00
0.000000000e+00 0.000000000e+00
0.000000000e+00 0.000000000e+00
0.000000000e+00 0.000000000e+00
0.000000000e+00 0.000000000e+00
0.000000000e+00 0.000000000e+00
0.000000000e+00 0.000000000e+00
0.000000000e+00 0.000000000e+00
0.000000000e+00 0.000000000e+00
0.000000000e+00 2.410712838e-02
1.432503164e-01 1.170888841e-01
0.000000000e+00 0.000000000e+00
0.000000000e+00 0.000000000e+00
0.000000000e+00 0.000000000e+00
8.557182550e-02 7.103374600e-02
0.000000000e+00 0.000000000e+00
0.000000000e+00 0.000000000e+00
0.000000000e+00 0.000000000e+00
0.000000000e+00 0.000000000e+00
0.000000000e+00 0.000000000e+00
0.000000000e+00 0.000000000e+00
3.244424760e-01 0.000000000e+00
0.000000000e+00 0.000000000e+00
0.000000000e+00 0.000000000e+00
0.000000000e+00 0.000000000e+00
0.000000000e+00 0.000000000e+00
0.000000000e+00 0.000000000e+00
0.000000000e+00 0.000000000e+00
0.000000000e+00 0.000000000e+00
0.000000000e+00 0.000000000e+00
0.000000000e+00 0.000000000e+00
0.000000000e+00 0.000000000e+00
0.000000000e+00 0.000000000e+00
0.000000000e+00 0.000000000e+00
0.000000000e+00 0.000000000e+00
0.000000000e+00 0.000000000e+00
0.000000000e+00 0.000000000e+00
0.000000000e+00 0.000000000e+00
0.000000000e+00 0.000000000e+00
0.000000000e+00 0.000000000e+00
0.000000000e+00 0.000000000e+00
0.000000000e+00 0.000000000e+00
0.000000000e+00 0.000000000e+00
0.000000000e+00 0.000000000e+00
0.000000000e+00 0.000000000e+00
0.000000000e+00 0.000000000e+00
0.000000000e+00 0.000000000e+00
0.000000000e+00 0.000000000e+00
0.000000000e+00 0.000000000e+00
0.000000000e+00 0.000000000e+00
0.000000000e+00 0.000000000e+00
0.000000000e+00 0.000000000e+00
0.000000000e+00 0.000000000e+00
0.000000000e+00 0.000000000e+00
0.000000000e+00 0.000000000e+00
0.000000000e+00 0.000000000e+00
0.000000000e+00 0.000000000e+00
0.000000000e+00 0.000000000e+00
0.000000000e+00 0.000000000e+00
0.000000000e+00 0.000000000e+00
0.000000000e+00 0.000000000e+00
0.000000000e+00 0.000000000e+00
0.000000000e+00 0.000000000e+00
0.000000000e+00 0.000000000e+00
0.000000000e+00 0.000000000e+00
0.000000000e+00 0.000000000e+00
0.000000000e+00 8.212611079e-02
0.000000000e+00 0.000000000e+00
0.000000000e+00 2.649030089e-02
2.467014492e-01 2.711592019e-01
0.000000000e+00 6.521928310e-02
0.000000000e+00 0.000000000e+00
0.000000000e+00 2.366456091e-01
3.144575655e-01 0.000000000e+00
0.000000000e+00 0.000000000e+00
0.000000000e+00 0.000000000e+00
0.000000000e+00 0.000000000e+00
0.000000000e+00 2.215182781e-02
0.000000000e+00 0.000000000e+00
0.000000000e+00 0.000000000e+00
0.000000000e+00 0.000000000e+00
0.000000000e+00 0.000000000e+00
0.000000000e+00 0.000000000e+00
0.000000000e+00 0.000000000e+00
0.000000000e+00 0.000000000e+00
0.000000000e+00 0.000000000e+00
0.000000000e+00 0.000000000e+00
0.000000000e+00 0.000000000e+00
0.000000000e+00 0.000000000e+00
0.000000000e+00 0.000000000e+00
0.000000000e+00 0.000000000e+00
0.000000000e+00 0.000000000e+00
0.000000000e+00 0.000000000e+00
0.000000000e+00 0.000000000e+00
0.000000000e+00 0.000000000e+00
0.000000000e+00 0.000000000e+00
0.000000000e+00 0.000000000e+00
0.000000000e+00 0.000000000e+00
0.000000000e+00 0.000000000e+00
0.000000000e+00 0.000000000e+00
0.000000000e+00 0.000000000e+00
3.549247980e-02 8.115175366e-02
0.000000000e+00 0.000000000e+00
0.000000000e+00 0.000000000e+00
0.000000000e+00 0.000000000e+00
0.000000000e+00 0.000000000e+00
0.000000000e+00 0.000000000e+00
0.000000000e+00 0.000000000e+00
0.000000000e+00 0.000000000e+00
0.000000000e+00 0.000000000e+00
0.000000000e+00 0.000000000e+00
0.000000000e+00 0.000000000e+00
0.000000000e+00 0.000000000e+00
1.820591390e-01 1.340111196e-01
0.000000000e+00 0.000000000e+00
0.000000000e+00 0.000000000e+00
0.000000000e+00 0.000000000e+00
0.000000000e+00 0.000000000e+00
0.000000000e+00 0.000000000e+00
0.000000000e+00 0.000000000e+00
0.000000000e+00 0.000000000e+00
0.000000000e+00 0.000000000e+00
0.000000000e+00 0.000000000e+00
0.000000000e+00 0.000000000e+00
1.789359152e-01 4.334452748e-02
6.241291761e-02 0.000000000e+00
0.000000000e+00 0.000000000e+00
0.000000000e+00 0.000000000e+00
0.000000000e+00 0.000000000e+00
0.000000000e+00 0.000000000e+00
0.000000000e+00 0.000000000e+00
0.000000000e+00 0.000000000e+00
0.000000000e+00 0.000000000e+00
0.000000000e+00 0.000000000e+00
0.000000000e+00 0.000000000e+00
0.000000000e+00 1.850715578e-01
2.256768644e-01 0.000000000e+00
0.000000000e+00 0.000000000e+00
0.000000000e+00 0.000000000e+00
6.434071064e-02 0.000000000e+00
0.000000000e+00 0.000000000e+00
1.986256242e-02 0.000000000e+00
0.000000000e+00 0.000000000e+00
0.000000000e+00 1.512450278e-01
2.473603785e-01 8.437725902e-02
0.000000000e+00 0.000000000e+00
0.000000000e+00 0.000000000e+00
0.000000000e+00 0.000000000e+00
0.000000000e+00 0.000000000e+00
0.000000000e+00 0.000000000e+00
0.000000000e+00 0.000000000e+00
0.000000000e+00 0.000000000e+00
0.000000000e+00 0.000000000e+00
0.000000000e+00 0.000000000e+00
0.000000000e+00 0.000000000e+00
0.000000000e+00 0.000000000e+00
0.000000000e+00 0.000000000e+00
0.000000000e+00 0.000000000e+00
0.000000000e+00 3.029575944e-02
0.000000000e+00 0.000000000e+00
0.000000000e+00 0.000000000e+00
0.000000000e+00 0.000000000e+00
0.000000000e+00 0.000000000e+00
0.000000000e+00 0.000000000e+00
0.000000000e+00 0.000000000e+00
0.000000000e+00 0.000000000e+00
0.000000000e+00 0.000000000e+00
0.000000000e+00 0.000000000e+00
0.000000000e+00 0.000000000e+00
0.000000000e+00 0.000000000e+00
2.470807135e-01 0.000000000e+00
0.000000000e+00 0.000000000e+00
0.000000000e+00 0.000000000e+00
0.000000000e+00 0.000000000e+00
0.000000000e+00 0.000000000e+00
0.000000000e+00 0.000000000e+00
0.000000000e+00 0.000000000e+00
7.922244072e-02 4.809224606e-02
1.810778081e-01 4.492568970e-02
3.157132864e-02 1.599520743e-01
0.000000000e+00 0.000000000e+00
0.000000000e+00 0.000000000e+00
0.000000000e+00 0.000000000e+00
0.000000000e+00 0.000000000e+00
0.000000000e+00 0.000000000e+00
0.000000000e+00 0.000000000e+00
7.541328669e-02 0.000000000e+00
0.000000000e+00 8.178812265e-02
9.605383873e-02 0.000000000e+00
1.444479823e-02 0.000000000e+00
0.000000000e+00 0.000000000e+00
0.000000000e+00 5.884066224e-02
0.000000000e+00 0.000000000e+00
0.000000000e+00 0.000000000e+00
0.000000000e+00 0.000000000e+00
0.000000000e+00 0.000000000e+00
0.000000000e+00 0.000000000e+00
0.000000000e+00 0.000000000e+00
0.000000000e+00 0.000000000e+00
0.000000000e+00 0.000000000e+00
0.000000000e+00 0.000000000e+00
0.000000000e+00 0.000000000e+00
0.000000000e+00 0.000000000e+00
0.000000000e+00 0.000000000e+00
0.000000000e+00 0.000000000e+00
0.000000000e+00 0.000000000e+00
0.000000000e+00 0.000000000e+00
0.000000000e+00 0.000000000e+00
0.000000000e+00 0.000000000e+00
0.000000000e+00 0.000000000e+00
0.000000000e+00 0.000000000e+00
0.000000000e+00 0.000000000e+00
0.000000000e+00 0.000000000e+00
0.000000000e+00 0.000000000e+00
0.000000000e+00 0.000000000e+00
0.000000000e+00 0.000000000e+00
6.830137968e-02 0.000000000e+00
0.000000000e+00 0.000000000e+00
0.000000000e+00 0.000000000e+00
0.000000000e+00 0.000000000e+00
0.000000000e+00 0.000000000e+00
0.000000000e+00 0.000000000e+00
0.000000000e+00 0.000000000e+00
0.000000000e+00 0.000000000e+00
0.000000000e+00 1.956763566e-01
0.000000000e+00 0.000000000e+00
0.000000000e+00 0.000000000e+00
0.000000000e+00 0.000000000e+00
0.000000000e+00 0.000000000e+00
0.000000000e+00 0.000000000e+00
0.000000000e+00 0.000000000e+00
0.000000000e+00 2.602642775e-02
6.560164690e-02 0.000000000e+00
0.000000000e+00 0.000000000e+00
0.000000000e+00 0.000000000e+00
0.000000000e+00 0.000000000e+00
0.000000000e+00 0.000000000e+00
0.000000000e+00 3.167077899e-02
3.361949325e-02 0.000000000e+00
0.000000000e+00 0.000000000e+00
0.000000000e+00 0.000000000e+00
0.000000000e+00 0.000000000e+00
0.000000000e+00 0.000000000e+00
0.000000000e+00 0.000000000e+00
0.000000000e+00 0.000000000e+00
0.000000000e+00 0.000000000e+00
0.000000000e+00 0.000000000e+00
0.000000000e+00 1.998943090e-02
1.034454405e-01 0.000000000e+00
0.000000000e+00 0.000000000e+00
0.000000000e+00 0.000000000e+00
0.000000000e+00 0.000000000e+00
0.000000000e+00 0.000000000e+00
0.000000000e+00 0.000000000e+00
0.000000000e+00 0.000000000e+00
0.000000000e+00 0.000000000e+00
0.000000000e+00 0.000000000e+00
0.000000000e+00 0.000000000e+00
0.000000000e+00 0.000000000e+00
0.000000000e+00 0.000000000e+00
0.000000000e+00 0.000000000e+00
0.000000000e+00 0.000000000e+00
0.000000000e+00 0.000000000e+00
0.000000000e+00 0.000000000e+00
0.000000000e+00 0.000000000e+00
0.000000000e+00 0.000000000e+00
0.000000000e+00 0.000000000e+00
0.000000000e+00 0.000000000e+00
0.000000000e+00 0.000000000e+00
0.000000000e+00 0.000000000e+00
0.000000000e+00 0.000000000e+00
5.707879364e-02 4.763409495e-03
0.000000000e+00 0.000000000e+00
0.000000000e+00 2.182815224e-02
0.000000000e+00 4.674538970e-03
0.000000000e+00 0.000000000e+00
9.821191430e-02 0.000000000e+00
0.000000000e+00 0.000000000e+00
0.000000000e+00 0.000000000e+00
1.665475965e-01 1.316407621e-01
0.000000000e+00 5.774348974e-02
0.000000000e+00 0.000000000e+00
8.279347420e-02 7.604385912e-02
8.089804649e-02 0.000000000e+00
0.000000000e+00 0.000000000e+00
0.000000000e+00 0.000000000e+00
3.182067573e-01 9.514555335e-02
0.000000000e+00 0.000000000e+00
0.000000000e+00 1.829319596e-01
2.598881721e-01 0.000000000e+00
0.000000000e+00 1.318062097e-01
4.844230413e-01 1.278584152e-01
0.000000000e+00 0.000000000e+00
0.000000000e+00 0.000000000e+00
0.000000000e+00 0.000000000e+00
0.000000000e+00 0.000000000e+00
2.420537472e-01 1.951029599e-01
0.000000000e+00 0.000000000e+00
3.682632148e-01 1.881797314e-01
0.000000000e+00 0.000000000e+00
2.347484529e-01 0.000000000e+00
0.000000000e+00 1.698631048e-01
0.000000000e+00 0.000000000e+00
0.000000000e+00 1.485983729e-01
0.000000000e+00 9.014232457e-02
1.853824556e-01 0.000000000e+00
1.396810263e-01 1.480175704e-01
1.079543680e-01 4.368208349e-02
0.000000000e+00 1.144307107e-02
0.000000000e+00 0.000000000e+00
0.000000000e+00 1.343796253e-01
3.615157306e-02 0.000000000e+00
0.000000000e+00 1.402668655e-01
0.000000000e+00 1.188092083e-01
0.000000000e+00 0.000000000e+00
3.827733994e-01 1.256614029e-01
0.000000000e+00 0.000000000e+00
0.000000000e+00 2.389403433e-02
0.000000000e+00 0.000000000e+00
0.000000000e+00 0.000000000e+00
0.000000000e+00 0.000000000e+00
1.672219038e-01 1.930035651e-01
4.622982144e-01 1.528941840e-02
0.000000000e+00 1.090075821e-02
1.892980039e-01 6.078986824e-02
0.000000000e+00 1.572580338e-01
0.000000000e+00 1.346094012e-01
0.000000000e+00 0.000000000e+00
0.000000000e+00 0.000000000e+00
5.467931926e-02 0.000000000e+00
0.000000000e+00 0.000000000e+00
0.000000000e+00 2.779193223e-01
0.000000000e+00 0.000000000e+00
0.000000000e+00 0.000000000e+00
0.000000000e+00 0.000000000e+00
0.000000000e+00 6.703452766e-02
0.000000000e+00 0.000000000e+00
0.000000000e+00 0.000000000e+00
1.107624322e-01 0.000000000e+00
0.000000000e+00 0.000000000e+00
0.000000000e+00 0.000000000e+00
0.000000000e+00 0.000000000e+00
1.164483875e-01 0.000000000e+00
0.000000000e+00 0.000000000e+00
0.000000000e+00 7.986818254e-02
1.890670657e-01 0.000000000e+00
0.000000000e+00 4.343674779e-01
0.000000000e+00 0.000000000e+00
4.256181419e-03 2.409127057e-01
4.221524298e-02 0.000000000e+00
0.000000000e+00 0.000000000e+00
0.000000000e+00 0.000000000e+00
0.000000000e+00 0.000000000e+00
0.000000000e+00 0.000000000e+00
7.297746837e-02 2.424987406e-02
0.000000000e+00 0.000000000e+00
3.048609197e-02 0.000000000e+00
0.000000000e+00 0.000000000e+00
2.603691220e-01 0.000000000e+00
1.433320045e-01 0.000000000e+00
1.190117002e-02 9.703566134e-02
1.252895892e-01 0.000000000e+00
0.000000000e+00 2.770379484e-01
5.456581712e-03 0.000000000e+00
0.000000000e+00 0.000000000e+00
0.000000000e+00 0.000000000e+00
0.000000000e+00 1.261083335e-01
0.000000000e+00 1.751579344e-01
0.000000000e+00 0.000000000e+00
0.000000000e+00 2.387968004e-01
0.000000000e+00 0.000000000e+00
2.690786719e-01 0.000000000e+00
0.000000000e+00 0.000000000e+00
4.661032557e-02 1.834770739e-01
3.101475537e-02 1.913474500e-01
1.457145363e-01 7.674516737e-02
0.000000000e+00 0.000000000e+00
0.000000000e+00 0.000000000e+00
1.020730287e-01 2.322289944e-01
1.458331496e-01 1.229961365e-01
0.000000000e+00 0.000000000e+00
0.000000000e+00 0.000000000e+00
1.993059814e-01 2.801828682e-01
2.300495803e-01 1.053497642e-01
0.000000000e+00 0.000000000e+00
9.642337263e-02 0.000000000e+00
0.000000000e+00 4.247872531e-02
0.000000000e+00 0.000000000e+00
0.000000000e+00 6.308549643e-02
9.964437783e-02 4.096224904e-02
3.867781162e-01 0.000000000e+00
0.000000000e+00 0.000000000e+00
1.020986885e-01 0.000000000e+00
9.868146479e-02 0.000000000e+00
0.000000000e+00 0.000000000e+00
5.718553066e-02 0.000000000e+00
0.000000000e+00 0.000000000e+00
0.000000000e+00 0.000000000e+00
0.000000000e+00 0.000000000e+00
0.000000000e+00 0.000000000e+00
2.434114218e-01 0.000000000e+00
1.047246158e-01 0.000000000e+00
1.268219948e-01 1.393311471e-01
0.000000000e+00 0.000000000e+00
0.000000000e+00 1.290774494e-01
0.000000000e+00 2.465235591e-01
3.759570420e-02 0.000000000e+00
2.244253457e-01 0.000000000e+00
0.000000000e+00 0.000000000e+00
0.000000000e+00 0.000000000e+00
0.000000000e+00 3.144043684e-02
1.806468368e-01 3.405284286e-01
0.000000000e+00 0.000000000e+00
1.125589460e-01 2.594359517e-01
6.168319583e-01 0.000000000e+00
2.398372889e-01 0.000000000e+00
0.000000000e+00 2.229470015e-02
1.303468794e-01 2.159178257e-02
0.000000000e+00 0.000000000e+00
3.250459135e-01 2.372957170e-01
2.430633307e-01 1.220102608e-01
0.000000000e+00 0.000000000e+00
0.000000000e+00 0.000000000e+00
1.222431362e-01 0.000000000e+00
0.000000000e+00 2.171321511e-01
1.698227525e-01 1.317431480e-01
0.000000000e+00 0.000000000e+00
0.000000000e+00 0.000000000e+00
0.000000000e+00 2.532091737e-01
5.479641259e-02 1.556120813e-01
1.646013558e-01 0.000000000e+00
1.801971495e-01 1.526025534e-01
0.000000000e+00 0.000000000e+00
0.000000000e+00 0.000000000e+00
0.000000000e+00 1.925155520e-01
0.000000000e+00 0.000000000e+00
5.472534895e-02 3.449730575e-01
0.000000000e+00 5.240803361e-01
0.000000000e+00 0.000000000e+00
0.000000000e+00 2.851860523e-01
0.000000000e+00 0.000000000e+00
0.000000000e+00 0.000000000e+00
0.000000000e+00 0.000000000e+00
0.000000000e+00 0.000000000e+00
2.528826296e-01 7.655872405e-02
1.519872695e-01 1.533615887e-01
0.000000000e+00 0.000000000e+00
0.000000000e+00 0.000000000e+00
2.139782608e-01 0.000000000e+00
0.000000000e+00 0.000000000e+00
0.000000000e+00 0.000000000e+00
0.000000000e+00 0.000000000e+00
0.000000000e+00 7.238416374e-02
0.000000000e+00 1.690570116e-01
7.024265826e-02 3.736871481e-01
0.000000000e+00 0.000000000e+00
0.000000000e+00 0.000000000e+00
3.027658463e-01 0.000000000e+00
0.000000000e+00 3.274058700e-01
3.173551559e-01 0.000000000e+00
0.000000000e+00 0.000000000e+00
0.000000000e+00 1.764993966e-01
4.797728062e-01 0.000000000e+00
4.164081812e-01 1.855693460e-01
0.000000000e+00 1.247207820e-01
6.536114216e-02 0.000000000e+00
0.000000000e+00 2.813606858e-01
2.329745293e-01 0.000000000e+00
0.000000000e+00 0.000000000e+00
0.000000000e+00 0.000000000e+00
0.000000000e+00 4.676312804e-01
2.745079100e-01 0.000000000e+00
0.000000000e+00 3.182802498e-01
0.000000000e+00 0.000000000e+00
0.000000000e+00 0.000000000e+00
0.000000000e+00 0.000000000e+00
0.000000000e+00 1.245249063e-02
0.000000000e+00 0.000000000e+00
7.492554188e-02 8.277288079e-02
4.843141139e-02 0.000000000e+00
2.689313591e-01 3.424457908e-01
0.000000000e+00 0.000000000e+00
0.000000000e+00 0.000000000e+00
5.157685280e-02 0.000000000e+00
0.000000000e+00 0.000000000e+00
0.000000000e+00 0.000000000e+00
0.000000000e+00 2.661318481e-01
0.000000000e+00 6.156870723e-02
4.150596261e-02 0.000000000e+00
1.044302732e-01 2.157447338e-01
8.095523715e-02 0.000000000e+00
2.874659002e-01 4.634292126e-01
2.067717314e-01 0.000000000e+00
0.000000000e+00 0.000000000e+00
0.000000000e+00 0.000000000e+00
0.000000000e+00 0.000000000e+00
0.000000000e+00 0.000000000e+00
0.000000000e+00 0.000000000e+00
7.693403959e-02 0.000000000e+00
1.759874821e-01 1.168999374e-01
2.202130258e-01 0.000000000e+00
0.000000000e+00 9.789377451e-02
0.000000000e+00 0.000000000e+00
0.000000000e+00 6.031587720e-02
0.000000000e+00 0.000000000e+00
6.523859501e-02 6.883874536e-02
2.712959349e-01 0.000000000e+00
0.000000000e+00 0.000000000e+00
5.349136889e-02 0.000000000e+00
0.000000000e+00 4.860739112e-01
0.000000000e+00 0.000000000e+00
0.000000000e+00 0.000000000e+00
1.506154388e-01 0.000000000e+00
0.000000000e+00 2.584441304e-01
3.516107798e-01 0.000000000e+00
0.000000000e+00 0.000000000e+00
0.000000000e+00 3.332336545e-01
0.000000000e+00 0.000000000e+00
0.000000000e+00 0.000000000e+00
0.000000000e+00 0.000000000e+00
0.000000000e+00 0.000000000e+00
2.791498601e-02 0.000000000e+00
0.000000000e+00 0.000000000e+00
2.942262888e-01 4.314084053e-01
8.771421015e-02 0.000000000e+00
2.920110822e-01 1.083737761e-01
2.304905355e-01 2.636787891e-01
0.000000000e+00 0.000000000e+00
0.000000000e+00 0.000000000e+00
0.000000000e+00 0.000000000e+00
0.000000000e+00 0.000000000e+00
0.000000000e+00 0.000000000e+00
2.068033069e-02 0.000000000e+00
0.000000000e+00 1.881350577e-01
2.262369990e-01 0.000000000e+00
9.235471487e-02 0.000000000e+00
0.000000000e+00 2.560144663e-01
3.278671801e-01 0.000000000e+00
0.000000000e+00 1.489556283e-01
1.706908345e-01 0.000000000e+00
0.000000000e+00 0.000000000e+00
0.000000000e+00 2.099270225e-01
0.000000000e+00 0.000000000e+00
0.000000000e+00 0.000000000e+00
5.125106573e-01 3.738670051e-02
0.000000000e+00 1.678172052e-01
0.000000000e+00 0.000000000e+00
5.184331536e-02 2.833019942e-02
0.000000000e+00 5.893307924e-02
0.000000000e+00 0.000000000e+00
1.335369200e-01 2.393103242e-01
0.000000000e+00 0.000000000e+00
1.597337723e-01 0.000000000e+00
0.000000000e+00 1.282172203e-01
0.000000000e+00 8.930082619e-02
0.000000000e+00 1.540786028e-02
0.000000000e+00 0.000000000e+00
0.000000000e+00 3.034371734e-01
0.000000000e+00 0.000000000e+00
