1.024137585e-01
1.563833489e-01
3.041986916e-01
7.535906908e-02
4.246630028e-01
1.076177051e-01
5.682175937e-01
2.465569398e-01
5.964330653e-01
1.175256429e-01
9.758838684e-01
9.325612039e-01
3.917969386e-01
2.421785941e-01
2.503982129e-01
4.833935352e-01
3.999280190e-02
6.397051061e-01
4.083029083e-01
3.774065726e-01
8.093649715e-01
7.090354602e-01
9.543338154e-01
3.519362405e-01
8.975427646e-01
7.699671863e-01
3.574246516e-01
6.216654365e-01
2.885699577e-01
8.743999171e-01
1.124273172e-01
2.124343613e-01
1.830332921e-01
4.030260024e-01
7.452329600e-01
5.269074491e-01
4.876763235e-01
5.459648970e-04
4.254017254e-01
6.355377484e-02
2.082532521e-01
9.323939390e-01
2.153982043e-01
8.583376386e-01
8.028933716e-01
1.591462369e-01
6.057119573e-01
1.156618719e-01
7.278881584e-01
6.374622774e-01
8.119385617e-01
4.793845494e-01
9.148630878e-01
4.934894679e-02
2.928885650e-01
7.150525975e-01
4.181092117e-01
1.729513543e-01
1.072107454e-01
8.173391115e-01
4.731429785e-01
8.822836719e-01
7.332891343e-01
4.097262056e-01
3.735110142e-01
5.156383467e-01
8.890599532e-01
7.372785797e-01
5.152964269e-03
6.941578514e-01
9.195074069e-01
7.104557595e-01
1.770057816e-01
4.835181274e-01
1.403160179e-01
3.589952783e-01
9.371170419e-01
9.233053076e-01
2.828368522e-01
3.396310442e-01
6.002128681e-01
9.631972953e-01
1.478013341e-01
2.569166437e-01
8.735568273e-01
4.918922317e-01
8.989610922e-01
1.855178975e-01
5.326685875e-01
3.262696326e-01
3.165425599e-01
4.468769639e-01
4.330774491e-01
3.573468797e-01
9.149707703e-01
7.317441854e-01
7.275469913e-01
2.899134496e-01
5.777094243e-01
7.791794333e-01
7.955903685e-01
3.445304608e-01
7.708727566e-01
7.358938968e-01
1.415064856e-01
8.659454686e-01
4.413214702e-01
4.864104489e-01
4.483691789e-01
5.678460015e-01
6.211692474e-01
4.981795658e-01
8.667885433e-01
6.277347562e-01
4.014279493e-01
4.166917569e-01
8.108386151e-01
3.481919427e-01
2.114547958e-01
5.938318801e-02
8.760268479e-01
9.185464512e-01
1.201201822e-01
3.344737415e-01
1.753720695e-01
1.158984688e-01
8.998667430e-01
5.687725915e-02
9.804856635e-01
9.645086070e-02
8.634706492e-01
5.665061070e-01
3.679174878e-01
3.423423766e-01
7.573641432e-01
3.145732950e-01
6.573189166e-01
5.173260835e-01
4.849656452e-01
9.011621706e-01
5.546450586e-01
8.268616030e-01
7.255735341e-01
3.855724606e-02
7.731100525e-01
2.168702501e-01
9.031496469e-01
4.292419061e-02
3.330720345e-01
9.973294723e-02
