0.000000000e+00 2.188847810e-01
1.621894538e-01 0.000000000e+00
0.000000000e+00 0.000000000e+00
3.234723210e-01 4.294266999e-01
1.617466211e-01 3.111461401e-01
3.208130598e-01 4.367669523e-01
2.963498831e-01 5.763150454e-01
3.183289766e-01 2.172446698e-01
1.654333919e-01 3.451507092e-01
7.184962034e-01 1.161893383e-01
1.865045428e-01 1.121978685e-01
1.569818109e-01 3.178642392e-01
0.000000000e+00 4.327273369e-02
9.995506704e-02 4.634748995e-01
2.251935601e-01 7.834474742e-02
2.060526907e-01 4.538782537e-01
5.564376712e-02 6.398442984e-01
1.576399803e-01 1.380687356e-01
3.281813264e-01 1.645073444e-01
0.000000000e+00 3.722324967e-02
4.331960082e-01 4.599677622e-01
5.044142902e-02 2.455002218e-01
1.064437479e-01 2.925049365e-01
4.250548482e-01 0.000000000e+00
0.000000000e+00 8.735711575e-01
5.271396041e-01 3.057437241e-01
3.138111234e-01 4.742141068e-02
1.107331216e-01 1.159573644e-01
1.289990246e-01 1.754406095e-01
1.734301895e-01 2.671549320e-01
1.892933100e-01 1.174706221e-02
0.000000000e+00 0.000000000e+00
5.120230913e-01 8.062049150e-01
3.163975477e-01 2.119634748e-01
1.576262116e-01 5.042808652e-01
3.187903762e-02 0.000000000e+00
3.419402242e-01 2.398323715e-01
4.212018847e-01 0.000000000e+00
0.000000000e+00 2.684621811e-01
4.646314383e-01 2.540001571e-01
9.635470808e-02 9.148538113e-02
2.651864290e-01 0.000000000e+00
2.446698695e-01 0.000000000e+00
4.358952641e-01 5.031940341e-01
1.110740304e-01 8.218541741e-02
4.798032641e-01 3.521518409e-01
6.791638136e-01 7.171274722e-02
4.743941128e-01 8.443170786e-01
4.922702610e-01 2.366326004e-01
5.063313246e-01 1.796858907e-01
0.000000000e+00 2.731342614e-02
3.770658970e-01 3.941392899e-02
6.422218084e-01 4.057359695e-01
0.000000000e+00 2.576783299e-03
1.657372415e-01 0.000000000e+00
0.000000000e+00 6.214371324e-01
8.001855016e-02 0.000000000e+00
4.000142813e-01 0.000000000e+00
1.563844532e-01 4.265363216e-01
5.307601094e-01 1.790945977e-01
3.045924604e-01 4.615008831e-02
0.000000000e+00 3.506552577e-01
2.213876322e-02 0.000000000e+00
1.220341250e-01 4.629960954e-01
5.128492117e-01 1.515184939e-01
0.000000000e+00 0.000000000e+00
1.809063554e-02 0.000000000e+00
0.000000000e+00 0.000000000e+00
0.000000000e+00 1.833612323e-01
0.000000000e+00 0.000000000e+00
0.000000000e+00 0.000000000e+00
0.000000000e+00 0.000000000e+00
0.000000000e+00 0.000000000e+00
3.333753347e-01 3.404377401e-01
0.000000000e+00 3.279791772e-01
1.376063228e-01 0.000000000e+00
0.000000000e+00 0.000000000e+00
8.150985464e-03 3.865383267e-01
6.681843400e-01 6.734225154e-01
3.723236620e-01 5.573042631e-01
7.436935604e-02 0.000000000e+00
0.000000000e+00 0.000000000e+00
5.141376257e-01 2.797043324e-01
4.845144600e-02 1.977419555e-01
4.926952124e-01 3.124687076e-01
0.000000000e+00 0.000000000e+00
1.783967018e-04 0.000000000e+00
0.000000000e+00 4.959104359e-01
0.000000000e+00 0.000000000e+00
0.000000000e+00 3.157619536e-01
0.000000000e+00 0.000000000e+00
0.000000000e+00 0.000000000e+00
6.405795366e-02 2.568649873e-02
2.512902617e-01 2.091920078e-01
0.000000000e+00 0.000000000e+00
1.080062687e-01 2.047080249e-01
0.000000000e+00 0.000000000e+00
1.330171227e-01 1.335542947e-01
0.000000000e+00 0.000000000e+00
0.000000000e+00 0.000000000e+00
2.428700179e-01 0.000000000e+00
0.000000000e+00 0.000000000e+00
3.924013376e-01 8.206726611e-02
8.956532925e-02 0.000000000e+00
1.146001145e-01 0.000000000e+00
0.000000000e+00 1.154833362e-01
3.666310012e-01 2.178359777e-01
6.571028829e-01 1.682912111e-01
0.000000000e+00 3.490923643e-01
2.465592325e-01 0.000000000e+00
5.340857506e-01 1.921715885e-01
0.000000000e+00 0.000000000e+00
6.454806030e-02 0.000000000e+00
0.000000000e+00 0.000000000e+00
2.329084128e-01 5.357475877e-01
0.000000000e+00 5.703169703e-01
4.221332073e-01 4.550384879e-01
1.358283162e-01 0.000000000e+00
2.734275162e-02 0.000000000e+00
0.000000000e+00 1.405167133e-01
5.142718926e-02 0.000000000e+00
0.000000000e+00 0.000000000e+00
0.000000000e+00 0.000000000e+00
0.000000000e+00 0.000000000e+00
0.000000000e+00 0.000000000e+00
0.000000000e+00 0.000000000e+00
0.000000000e+00 0.000000000e+00
0.000000000e+00 0.000000000e+00
0.000000000e+00 0.000000000e+00
0.000000000e+00 0.000000000e+00
0.000000000e+00 0.000000000e+00
0.000000000e+00 0.000000000e+00
0.000000000e+00 0.000000000e+00
0.000000000e+00 0.000000000e+00
0.000000000e+00 0.000000000e+00
0.000000000e+00 0.000000000e+00
0.000000000e+00 0.000000000e+00
0.000000000e+00 0.000000000e+00
2.649030089e-02 2.711592019e-01
6.521928310e-02 0.000000000e+00
2.366456091e-01 0.000000000e+00
0.000000000e+00 0.000000000e+00
0.000000000e+00 2.215182781e-02
0.000000000e+00 0.000000000e+00
0.000000000e+00 0.000000000e+00
0.000000000e+00 0.000000000e+00
0.000000000e+00 0.000000000e+00
0.000000000e+00 0.000000000e+00
8.115175366e-02 0.000000000e+00
0.000000000e+00 0.000000000e+00
0.000000000e+00 0.000000000e+00
0.000000000e+00 0.000000000e+00
0.000000000e+00 0.000000000e+00
4.334452748e-02 0.000000000e+00
0.000000000e+00 0.000000000e+00
0.000000000e+00 0.000000000e+00
1.512450278e-01 8.437725902e-02
0.000000000e+00 0.000000000e+00
0.000000000e+00 0.000000000e+00
0.000000000e+00 0.000000000e+00
0.000000000e+00 0.000000000e+00
0.000000000e+00 0.000000000e+00
0.000000000e+00 0.000000000e+00
0.000000000e+00 0.000000000e+00
0.000000000e+00 0.000000000e+00
8.178812265e-02 0.000000000e+00
0.000000000e+00 0.000000000e+00
5.884066224e-02 0.000000000e+00
0.000000000e+00 0.000000000e+00
0.000000000e+00 0.000000000e+00
0.000000000e+00 0.000000000e+00
0.000000000e+00 0.000000000e+00
0.000000000e+00 0.000000000e+00
0.000000000e+00 0.000000000e+00
0.000000000e+00 0.000000000e+00
0.000000000e+00 0.000000000e+00
0.000000000e+00 0.000000000e+00
3.167077899e-02 0.000000000e+00
0.000000000e+00 0.000000000e+00
0.000000000e+00 0.000000000e+00
0.000000000e+00 0.000000000e+00
0.000000000e+00 0.000000000e+00
0.000000000e+00 0.000000000e+00
9.514555335e-02 0.000000000e+00
1.829319596e-01 0.000000000e+00
1.318062097e-01 1.278584152e-01
0.000000000e+00 0.000000000e+00
4.368208349e-02 1.144307107e-02
0.000000000e+00 1.343796253e-01
0.000000000e+00 1.402668655e-01
1.188092083e-01 0.000000000e+00
1.256614029e-01 0.000000000e+00
2.389403433e-02 2.779193223e-01
0.000000000e+00 0.000000000e+00
0.000000000e+00 6.703452766e-02
0.000000000e+00 0.000000000e+00
0.000000000e+00 0.000000000e+00
0.000000000e+00 0.000000000e+00
0.000000000e+00 0.000000000e+00
0.000000000e+00 0.000000000e+00
0.000000000e+00 9.703566134e-02
0.000000000e+00 2.770379484e-01
0.000000000e+00 0.000000000e+00
0.000000000e+00 1.229961365e-01
0.000000000e+00 0.000000000e+00
2.801828682e-01 1.053497642e-01
0.000000000e+00 0.000000000e+00
4.247872531e-02 0.000000000e+00
6.308549643e-02 4.096224904e-02
0.000000000e+00 1.290774494e-01
2.465235591e-01 0.000000000e+00
0.000000000e+00 0.000000000e+00
0.000000000e+00 3.144043684e-02
3.405284286e-01 0.000000000e+00
2.594359517e-01 0.000000000e+00
2.532091737e-01 1.556120813e-01
0.000000000e+00 1.526025534e-01
0.000000000e+00 0.000000000e+00
1.925155520e-01 0.000000000e+00
3.449730575e-01 5.240803361e-01
0.000000000e+00 7.238416374e-02
1.690570116e-01 3.736871481e-01
0.000000000e+00 0.000000000e+00
0.000000000e+00 3.274058700e-01
0.000000000e+00 0.000000000e+00
1.764993966e-01 0.000000000e+00
1.245249063e-02 0.000000000e+00
8.277288079e-02 0.000000000e+00
3.424457908e-01 0.000000000e+00
0.000000000e+00 0.000000000e+00
0.000000000e+00 0.000000000e+00
1.168999374e-01 0.000000000e+00
9.789377451e-02 0.000000000e+00
6.031587720e-02 0.000000000e+00
6.883874536e-02 0.000000000e+00
0.000000000e+00 0.000000000e+00
4.860739112e-01 4.314084053e-01
0.000000000e+00 1.083737761e-01
2.636787891e-01 0.000000000e+00
0.000000000e+00 0.000000000e+00
0.000000000e+00 0.000000000e+00
0.000000000e+00 1.881350577e-01
