6.094793603e-02 0.000000000e+00
4.372846708e-02 0.000000000e+00
0.000000000e+00 5.814033747e-02
5.211234465e-02 0.000000000e+00
0.000000000e+00 0.000000000e+00
0.000000000e+00 0.000000000e+00
0.000000000e+00 0.000000000e+00
0.000000000e+00 0.000000000e+00
0.000000000e+00 0.000000000e+00
0.000000000e+00 0.000000000e+00
0.000000000e+00 0.000000000e+00
0.000000000e+00 3.725837544e-02
4.868020415e-01 0.000000000e+00
0.000000000e+00 0.000000000e+00
0.000000000e+00 0.000000000e+00
0.000000000e+00 0.000000000e+00
1.461514533e-01 7.463672161e-01
3.328872845e-02 3.413959146e-01
0.000000000e+00 0.000000000e+00
0.000000000e+00 0.000000000e+00
0.000000000e+00 0.000000000e+00
0.000000000e+00 4.271976352e-01
2.646664083e-01 0.000000000e+00
0.000000000e+00 0.000000000e+00
0.000000000e+00 0.000000000e+00
0.000000000e+00 0.000000000e+00
0.000000000e+00 2.768312991e-01
0.000000000e+00 0.000000000e+00
0.000000000e+00 0.000000000e+00
0.000000000e+00 0.000000000e+00
0.000000000e+00 0.000000000e+00
4.991302849e-04 2.789831460e-01
9.058783054e-01 1.957840919e-01
0.000000000e+00 1.454598457e-01
2.195819914e-01 0.000000000e+00
0.000000000e+00 0.000000000e+00
0.000000000e+00 0.000000000e+00
0.000000000e+00 0.000000000e+00
3.810031414e-01 2.275054008e-01
7.255108356e-01 0.000000000e+00
0.000000000e+00 0.000000000e+00
0.000000000e+00 5.902734995e-01
0.000000000e+00 8.369001746e-02
0.000000000e+00 0.000000000e+00
0.000000000e+00 3.619907498e-01
2.186574638e-01 0.000000000e+00
5.730475858e-02 0.000000000e+00
0.000000000e+00 0.000000000e+00
0.000000000e+00 0.000000000e+00
0.000000000e+00 0.000000000e+00
0.000000000e+00 0.000000000e+00
0.000000000e+00 0.000000000e+00
0.000000000e+00 0.000000000e+00
0.000000000e+00 0.000000000e+00
1.562628299e-01 0.000000000e+00
0.000000000e+00 0.000000000e+00
0.000000000e+00 0.000000000e+00
0.000000000e+00 0.000000000e+00
0.000000000e+00 0.000000000e+00
0.000000000e+00 0.000000000e+00
0.000000000e+00 0.000000000e+00
0.000000000e+00 3.483628929e-01
0.000000000e+00 0.000000000e+00
0.000000000e+00 0.000000000e+00
0.000000000e+00 0.000000000e+00
1.515484899e-01 3.401628435e-01
2.732624412e-01 0.000000000e+00
2.299797088e-01 2.920410931e-01
0.000000000e+00 0.000000000e+00
0.000000000e+00 0.000000000e+00
0.000000000e+00 0.000000000e+00
0.000000000e+00 2.328435481e-01
2.662153244e-01 1.842064112e-01
0.000000000e+00 0.000000000e+00
0.000000000e+00 0.000000000e+00
0.000000000e+00 0.000000000e+00
0.000000000e+00 0.000000000e+00
0.000000000e+00 0.000000000e+00
0.000000000e+00 0.000000000e+00
0.000000000e+00 0.000000000e+00
0.000000000e+00 0.000000000e+00
0.000000000e+00 0.000000000e+00
0.000000000e+00 0.000000000e+00
0.000000000e+00 0.000000000e+00
3.970499709e-02 0.000000000e+00
0.000000000e+00 0.000000000e+00
0.000000000e+00 0.000000000e+00
0.000000000e+00 2.239232510e-01
1.253701150e-01 0.000000000e+00
0.000000000e+00 0.000000000e+00
0.000000000e+00 0.000000000e+00
2.050730586e-01 0.000000000e+00
3.725832999e-01 0.000000000e+00
0.000000000e+00 0.000000000e+00
0.000000000e+00 1.181733459e-01
0.000000000e+00 0.000000000e+00
0.000000000e+00 0.000000000e+00
0.000000000e+00 0.000000000e+00
0.000000000e+00 0.000000000e+00
8.650673926e-02 0.000000000e+00
7.647531033e-01 0.000000000e+00
0.000000000e+00 0.000000000e+00
0.000000000e+00 0.000000000e+00
0.000000000e+00 0.000000000e+00
0.000000000e+00 0.000000000e+00
0.000000000e+00 0.000000000e+00
0.000000000e+00 0.000000000e+00
0.000000000e+00 0.000000000e+00
0.000000000e+00 0.000000000e+00
0.000000000e+00 0.000000000e+00
0.000000000e+00 0.000000000e+00
0.000000000e+00 0.000000000e+00
2.063046210e-02 0.000000000e+00
0.000000000e+00 0.000000000e+00
2.802441716e-01 0.000000000e+00
0.000000000e+00 0.000000000e+00
3.761692345e-01 0.000000000e+00
0.000000000e+00 0.000000000e+00
1.099089622e+00 0.000000000e+00
0.000000000e+00 0.000000000e+00
3.735845685e-01 6.582631916e-02
0.000000000e+00 0.000000000e+00
3.629612625e-01 0.000000000e+00
0.000000000e+00 0.000000000e+00
0.000000000e+00 0.000000000e+00
0.000000000e+00 0.000000000e+00
0.000000000e+00 5.284214616e-01
0.000000000e+00 0.000000000e+00
0.000000000e+00 0.000000000e+00
0.000000000e+00 5.235929489e-01
3.531125141e-03 0.000000000e+00
0.000000000e+00 0.000000000e+00
0.000000000e+00 1.908217520e-01
0.000000000e+00 0.000000000e+00
0.000000000e+00 0.000000000e+00
0.000000000e+00 0.000000000e+00
0.000000000e+00 0.000000000e+00
0.000000000e+00 0.000000000e+00
7.440709323e-02 0.000000000e+00
0.000000000e+00 1.906895190e-01
0.000000000e+00 0.000000000e+00
0.000000000e+00 0.000000000e+00
0.000000000e+00 1.306225955e-01
1.291289479e-01 0.000000000e+00
0.000000000e+00 0.000000000e+00
0.000000000e+00 0.000000000e+00
0.000000000e+00 0.000000000e+00
1.405025572e-01 0.000000000e+00
0.000000000e+00 7.041434050e-01
0.000000000e+00 7.668551407e-04
0.000000000e+00 0.000000000e+00
1.364302635e-01 0.000000000e+00
0.000000000e+00 3.630442619e-01
1.341300905e-01 1.726050675e-01
0.000000000e+00 0.000000000e+00
0.000000000e+00 3.731315956e-02
0.000000000e+00 0.000000000e+00
3.620179892e-01 0.000000000e+00
0.000000000e+00 0.000000000e+00
0.000000000e+00 0.000000000e+00
0.000000000e+00 0.000000000e+00
2.704975381e-02 0.000000000e+00
0.000000000e+00 0.000000000e+00
0.000000000e+00 0.000000000e+00
0.000000000e+00 0.000000000e+00
0.000000000e+00 0.000000000e+00
0.000000000e+00 9.255340695e-02
0.000000000e+00 3.342746198e-01
0.000000000e+00 0.000000000e+00
0.000000000e+00 0.000000000e+00
9.923399240e-02 0.000000000e+00
5.203211308e-02 6.494314671e-01
0.000000000e+00 0.000000000e+00
0.000000000e+00 0.000000000e+00
0.000000000e+00 6.647025794e-02
0.000000000e+00 0.000000000e+00
2.757867277e-01 0.000000000e+00
0.000000000e+00 0.000000000e+00
0.000000000e+00 0.000000000e+00
0.000000000e+00 0.000000000e+00
0.000000000e+00 0.000000000e+00
2.575064898e-01 6.000452861e-02
2.061176896e-01 0.000000000e+00
0.000000000e+00 3.054078519e-01
2.263385803e-01 0.000000000e+00
0.000000000e+00 0.000000000e+00
0.000000000e+00 0.000000000e+00
0.000000000e+00 0.000000000e+00
0.000000000e+00 1.294977069e-01
0.000000000e+00 0.000000000e+00
0.000000000e+00 4.957920685e-02
3.883169591e-01 0.000000000e+00
1.227843687e-01 2.228790522e-01
0.000000000e+00 0.000000000e+00
0.000000000e+00 0.000000000e+00
1.408275068e-01 0.000000000e+00
0.000000000e+00 0.000000000e+00
0.000000000e+00 0.000000000e+00
2.542507052e-01 0.000000000e+00
0.000000000e+00 0.000000000e+00
0.000000000e+00 0.000000000e+00
0.000000000e+00 0.000000000e+00
0.000000000e+00 4.211177584e-03
0.000000000e+00 0.000000000e+00
0.000000000e+00 1.794470400e-01
0.000000000e+00 3.189029638e-03
0.000000000e+00 0.000000000e+00
0.000000000e+00 0.000000000e+00
0.000000000e+00 2.050543576e-01
0.000000000e+00 0.000000000e+00
0.000000000e+00 0.000000000e+00
0.000000000e+00 0.000000000e+00
0.000000000e+00 0.000000000e+00
3.722445369e-01 0.000000000e+00
0.000000000e+00 0.000000000e+00
2.331782505e-02 0.000000000e+00
0.000000000e+00 0.000000000e+00
0.000000000e+00 0.000000000e+00
0.000000000e+00 0.000000000e+00
0.000000000e+00 0.000000000e+00
0.000000000e+00 0.000000000e+00
0.000000000e+00 0.000000000e+00
0.000000000e+00 0.000000000e+00
0.000000000e+00 2.338564396e-01
0.000000000e+00 0.000000000e+00
0.000000000e+00 0.000000000e+00
0.000000000e+00 0.000000000e+00
0.000000000e+00 0.000000000e+00
0.000000000e+00 0.000000000e+00
0.000000000e+00 4.571461082e-01
0.000000000e+00 0.000000000e+00
0.000000000e+00 0.000000000e+00
0.000000000e+00 0.000000000e+00
0.000000000e+00 2.033901215e-02
0.000000000e+00 0.000000000e+00
0.000000000e+00 2.600050531e-02
0.000000000e+00 0.000000000e+00
0.000000000e+00 0.000000000e+00
0.000000000e+00 0.000000000e+00
0.000000000e+00 0.000000000e+00
0.000000000e+00 5.486108363e-02
3.649362922e-01 0.000000000e+00
8.780919760e-02 0.000000000e+00
0.000000000e+00 0.000000000e+00
0.000000000e+00 0.000000000e+00
0.000000000e+00 0.000000000e+00
0.000000000e+00 2.023767978e-01
0.000000000e+00 0.000000000e+00
0.000000000e+00 0.000000000e+00
0.000000000e+00 0.000000000e+00
