3.579839368611963391e-01 4.351419865163296263e-01
5.909267255335691749e-01 7.223915186982363679e-01
3.176318732739461526e-01 3.289537599189831241e-01
1.969164272370371727e-02 4.087486009401830600e-02
2.578216943085364088e-01 7.402449976749566618e-01
6.283138303739121966e-01 7.697890206778347233e-01
7.689194362148217277e-01 8.565674676693012524e-01
7.203192659868835612e-01 9.790109190008228213e-01
8.988252193018173575e-01 5.867171662232342211e-01
5.881576704911717357e-01 3.426704035222949418e-02
9.985265777083542904e-01 1.315759973661417837e-01
7.403471966315919861e-01 8.210151951243088719e-01
3.730545293052032196e-01 1.968520546653137471e-01
9.875988679055502928e-02 7.486060058295778141e-01
4.526535292056956816e-01 7.137177590011356543e-01
9.154076488518005927e-01 1.465837361510566872e-01
9.191710007237996471e-01 4.116264595084366817e-01
3.052670098972890544e-01 9.430622606027790900e-01
9.906516926063994033e-01 1.988922177674481429e-01
6.568383469519832873e-01 1.064953137710603626e-01
6.509140038575057519e-01 8.273132277758497022e-01
6.844985465240676081e-01 4.173331420625957522e-01
3.830663595637695540e-01 3.931224152234170655e-01
5.897118179929231596e-01 8.815672700724955790e-01
9.290661572687678449e-01 5.352962020731810711e-02
1.816223946456883009e-01 1.122243158282885123e-01
1.933346407669139788e-01 3.466078106091717848e-01
5.065316826226238245e-01 6.294612270091521911e-01
7.321422191397014556e-01 8.901115413858070591e-01
9.890884372297907845e-01 6.628564785571198215e-01
8.453645186677629653e-01 7.780388469246989347e-01
3.075320392187119722e-01 8.756922702349230203e-01
4.276313794779884603e-02 3.673437514578603569e-04
2.737326293884642103e-01 4.620975296274498767e-01
6.383628950006773328e-01 1.017702665445447963e-01
6.730101338348399853e-01 8.018158670596945425e-01
1.853129195793667972e-01 4.151252548317938551e-01
5.199849899533097730e-01 4.518070180844806494e-01
7.998299308884706527e-01 9.605223981193308225e-01
7.989531640081799502e-01 7.799281787582457159e-02
8.049355721591271440e-01 6.659633223555116999e-02
2.359703852415699910e-01 1.530968968357228066e-01
1.975191068460854238e-01 5.283151270573506197e-01
6.716898576108536467e-01 4.703212823360409800e-01
9.596956390292435968e-01 2.402923200301666506e-01
7.631402302547929395e-01 8.701821785071485182e-01
5.620661107547191282e-01 4.562225019615531174e-01
5.961844467792436486e-01 4.288097701603429401e-01
5.551938823233694142e-01 4.169339521288015771e-01
4.004697102941340292e-01 6.953464681395298275e-01
