1.324030876159667969e+01 1.361037254333496094e+01
1.273615264892578125e+01 1.363795280456542969e+01
1.450760936737060547e+01 1.333492946624755859e+01
1.250409698486328125e+01 1.198811054229736328e+01
1.471159267425537109e+01 1.136416721343994141e+01
1.476838302612304688e+01 1.284912204742431641e+01
1.305291652679443359e+01 1.300617313385009766e+01
1.371348381042480469e+01 1.294573497772216797e+01
1.306169986724853516e+01 1.253509330749511719e+01
1.219816017150878906e+01 1.225073623657226562e+01
1.329459190368652344e+01 1.249928092956542969e+01
1.315329074859619141e+01 1.148837089538574219e+01
1.305948352813720703e+01 1.294544887542724609e+01
1.447396850585937500e+01 1.299754333496093750e+01
1.439674854278564453e+01 1.226976203918457031e+01
1.245346164703369141e+01 1.319483470916748047e+01
1.393088150024414062e+01 1.392807960510253906e+01
1.299504947662353516e+01 1.302548313140869141e+01
1.376678943634033203e+01 1.266437625885009766e+01
1.234112167358398438e+01 1.209337806701660156e+01
1.295361995697021484e+01 1.169811725616455078e+01
1.453960227966308594e+01 1.309579467773437500e+01
1.514634227752685547e+01 1.517495918273925781e+01
1.481988143920898438e+01 1.444508647918701172e+01
1.377862262725830078e+01 1.100324821472167969e+01
1.332786273956298828e+01 1.177105331420898438e+01
1.270319175720214844e+01 1.134121513366699219e+01
1.375387382507324219e+01 1.249673461914062500e+01
1.238384437561035156e+01 1.383095836639404297e+01
1.364177608489990234e+01 1.375813293457031250e+01
1.323632335662841797e+01 1.265038490295410156e+01
1.322673225402832031e+01 1.093599987030029297e+01
1.380011177062988281e+01 1.178892612457275391e+01
1.302470588684082031e+01 1.178375816345214844e+01
1.250052356719970703e+01 1.186630535125732422e+01
1.276357936859130859e+01 1.109262466430664062e+01
1.327076435089111328e+01 1.145410442352294922e+01
1.297018432617187500e+01 1.160429286956787109e+01
1.306266498565673828e+01 1.179980087280273438e+01
1.334668064117431641e+01 1.124394035339355469e+01
1.310206413269042969e+01 1.152683734893798828e+01
1.261528587341308594e+01 1.265775394439697266e+01
1.168842315673828125e+01 1.192796516418457031e+01
1.395508289337158203e+01 1.269196128845214844e+01
1.307596588134765625e+01 1.241741180419921875e+01
1.315901851654052734e+01 1.268716335296630859e+01
1.576760101318359375e+01 1.417138004302978516e+01
1.642370033264160156e+01 1.474500751495361328e+01
1.147205638885498047e+01 1.213469696044921875e+01
1.273472499847412109e+01 1.176031780242919922e+01
1.337801170349121094e+01 1.187801074981689453e+01
1.334978866577148438e+01 1.164446067810058594e+01
1.257074165344238281e+01 1.148083686828613281e+01
1.241740608215332031e+01 1.245097446441650391e+01
1.451571559906005859e+01 1.301172637939453125e+01
1.321667385101318359e+01 1.232411956787109375e+01
1.364959239959716797e+01 1.208382797241210938e+01
1.385436630249023438e+01 1.224461936950683594e+01
1.360700035095214844e+01 1.267583847045898438e+01
1.349725341796875000e+01 1.353031349182128906e+01
1.295877170562744141e+01 1.349167919158935547e+01
1.377027034759521484e+01 1.378898239135742188e+01
1.373097705841064453e+01 1.372879695892333984e+01
1.359946727752685547e+01 1.280756664276123047e+01
1.427321910858154297e+01 1.349131202697753906e+01
1.434169960021972656e+01 1.232134723663330078e+01
1.399794960021972656e+01 1.170580673217773438e+01
1.402515792846679688e+01 1.336878871917724609e+01
1.487785339355468750e+01 1.470551395416259766e+01
1.460773658752441406e+01 1.355972862243652344e+01
1.499006843566894531e+01 1.519260311126708984e+01
1.547367000579833984e+01 1.550745487213134766e+01
1.184199523925781250e+01 1.142405605316162109e+01
1.107066822052001953e+01 1.175607395172119141e+01
1.182642459869384766e+01 1.121783638000488281e+01
1.205179119110107422e+01 1.110808467864990234e+01
1.330502700805664062e+01 1.228469657897949219e+01
1.292842292785644531e+01 1.215014743804931641e+01
1.303097343444824219e+01 1.313737297058105469e+01
1.207042884826660156e+01 1.153550338745117188e+01
1.142053413391113281e+01 9.906449317932128906e+00
1.102939701080322266e+01 1.110970211029052734e+01
1.204347896575927734e+01 1.179409885406494141e+01
1.285581111907958984e+01 1.061222076416015625e+01
1.266359424591064453e+01 1.086517429351806641e+01
1.450514221191406250e+01 1.232515621185302734e+01
1.488676357269287109e+01 1.221232223510742188e+01
1.295720005035400391e+01 1.149944400787353516e+01
1.302867221832275391e+01 1.314640808105468750e+01
1.292729568481445312e+01 1.264999198913574219e+01
1.334904098510742188e+01 1.211009883880615234e+01
1.509858131408691406e+01 1.339093112945556641e+01
1.440320682525634766e+01 1.361817169189453125e+01
1.516239929199218750e+01 1.246005821228027344e+01
1.615159988403320312e+01 1.403177642822265625e+01
1.649843978881835938e+01 1.545992279052734375e+01
1.187159252166748047e+01 1.105816268920898438e+01
1.133342742919921875e+01 1.018985176086425781e+01
1.252611064910888672e+01 1.096997165679931641e+01
1.300404453277587891e+01 1.258239173889160156e+01
1.167411613464355469e+01 1.100280094146728516e+01
1.245487403869628906e+01 1.104438972473144531e+01
1.242886543273925781e+01 1.165615272521972656e+01
1.290602111816406250e+01 1.079440498352050781e+01
1.328060340881347656e+01 1.118290710449218750e+01
1.290360069274902344e+01 1.258496856689453125e+01
1.274437999725341797e+01 1.404417610168457031e+01
1.356273078918457031e+01 1.498229885101318359e+01
1.347686386108398438e+01 1.363884925842285156e+01
1.379601573944091797e+01 1.368668842315673828e+01
1.410881900787353516e+01 1.360876655578613281e+01
1.315175724029541016e+01 1.185013771057128906e+01
1.416671371459960938e+01 1.157018089294433594e+01
1.395851707458496094e+01 1.305802345275878906e+01
1.360958957672119141e+01 1.365631294250488281e+01
1.467415809631347656e+01 1.413955497741699219e+01
1.396022415161132812e+01 1.425528907775878906e+01
1.370325946807861328e+01 1.403326606750488281e+01
1.510500240325927734e+01 1.424595546722412109e+01
1.477112865447998047e+01 1.459338760375976562e+01
1.290225601196289062e+01 1.204129886627197266e+01
1.129435920715332031e+01 1.147352886199951172e+01
1.182426261901855469e+01 1.135719966888427734e+01
1.314768314361572266e+01 1.208715629577636719e+01
1.410108661651611328e+01 1.224598407745361328e+01
1.244074726104736328e+01 1.287265968322753906e+01
1.224117183685302734e+01 1.230574226379394531e+01
1.142177104949951172e+01 1.144278049468994141e+01
1.171805191040039062e+01 1.062051010131835938e+01
1.224466323852539062e+01 9.929236412048339844e+00
1.374019622802734375e+01 1.131609439849853516e+01
1.336087608337402344e+01 1.314304733276367188e+01
1.289284038543701172e+01 1.091216373443603516e+01
1.402167320251464844e+01 1.207815361022949219e+01
1.367688941955566406e+01 1.276586341857910156e+01
1.317432975769042969e+01 1.265540313720703125e+01
1.421748924255371094e+01 1.320357799530029297e+01
1.473370933532714844e+01 1.317266273498535156e+01
1.468766498565673828e+01 1.217347621917724609e+01
1.532376766204833984e+01 1.331818866729736328e+01
1.429662704467773438e+01 1.375349903106689453e+01
1.512406635284423828e+01 1.311324501037597656e+01
1.400741767883300781e+01 1.196167755126953125e+01
1.469483661651611328e+01 1.364196109771728516e+01
1.340860652923583984e+01 1.360037899017333984e+01
1.380792808532714844e+01 1.371903228759765625e+01
1.300505256652832031e+01 1.262830829620361328e+01
1.439407157897949219e+01 1.288890838623046875e+01
1.511238098144531250e+01 1.397924137115478516e+01
1.292148303985595703e+01 1.217212867736816406e+01
1.066814613342285156e+01 1.047450542449951172e+01
1.155631351470947266e+01 1.107871913909912109e+01
1.140279388427734375e+01 1.131950950622558594e+01
1.021811676025390625e+01 1.087996482849121094e+01
1.141246032714843750e+01 1.251702022552490234e+01
1.352593517303466797e+01 1.327818870544433594e+01
1.324950122833251953e+01 1.262825107574462891e+01
1.413519191741943359e+01 1.392078113555908203e+01
1.570027065277099609e+01 1.417712306976318359e+01
1.414104366302490234e+01 1.286830520629882812e+01
1.491376590728759766e+01 1.360322093963623047e+01
1.386639499664306641e+01 1.358894920349121094e+01
1.322929477691650391e+01 1.353837394714355469e+01
1.474988555908203125e+01 1.445655536651611328e+01
1.461445045471191406e+01 1.375649547576904297e+01
1.333361721038818359e+01 1.298081684112548828e+01
1.451080226898193359e+01 1.195158576965332031e+01
1.287455368041992188e+01 1.181302452087402344e+01
1.709255218505859375e+01 1.530288982391357422e+01
1.681268882751464844e+01 1.504911708831787109e+01
1.406471920013427734e+01 1.344554805755615234e+01
1.413014507293701172e+01 1.278741550445556641e+01
1.491814231872558594e+01 1.385008335113525391e+01
1.295668411254882812e+01 1.199181270599365234e+01
1.191162776947021484e+01 9.601714134216308594e+00
1.202665519714355469e+01 1.065671157836914062e+01
1.251626491546630859e+01 1.074520015716552734e+01
1.298204612731933594e+01 1.058803462982177734e+01
1.277726268768310547e+01 1.121782875061035156e+01
1.352935504913330078e+01 1.444254016876220703e+01
1.570411300659179688e+01 1.379954719543457031e+01
1.419334888458251953e+01 1.346155834197998047e+01
1.293935680389404297e+01 1.260549640655517578e+01
1.393537712097167969e+01 1.259157466888427734e+01
1.305034637451171875e+01 1.241049098968505859e+01
1.308628559112548828e+01 1.278046131134033203e+01
1.366166114807128906e+01 1.285385131835937500e+01
1.338881587982177734e+01 1.264557743072509766e+01
1.347408294677734375e+01 1.193663215637207031e+01
1.314833831787109375e+01 1.307847499847412109e+01
1.239491748809814453e+01 1.188875579833984375e+01
1.342050743103027344e+01 1.142517089843750000e+01
1.567885112762451172e+01 1.426571655273437500e+01
1.537486362457275391e+01 1.608494567871093750e+01
1.340832519531250000e+01 1.258685398101806641e+01
1.468947029113769531e+01 1.229411983489990234e+01
1.442986965179443359e+01 1.274162197113037109e+01
1.414060974121093750e+01 1.198694705963134766e+01
1.207539176940917969e+01 1.155230998992919922e+01
1.356270980834960938e+01 1.302815818786621094e+01
1.230973339080810547e+01 1.297250461578369141e+01
1.233230400085449219e+01 1.349682998657226562e+01
1.323996067047119141e+01 1.217497730255126953e+01
1.361778926849365234e+01 1.291534423828125000e+01
1.210006618499755859e+01 1.183454513549804688e+01
1.328920173645019531e+01 1.127399635314941406e+01
1.191656017303466797e+01 1.021848011016845703e+01
1.317688369750976562e+01 1.121565055847167969e+01
1.403595447540283203e+01 1.342672920227050781e+01
1.184737300872802734e+01 1.231325244903564453e+01
1.288196945190429688e+01 1.245906162261962891e+01
1.368880939483642578e+01 1.273867321014404297e+01
1.328105926513671875e+01 1.205317687988281250e+01
1.308903408050537109e+01 1.184290981292724609e+01
1.252370643615722656e+01 1.211130619049072266e+01
1.262730789184570312e+01 1.227008247375488281e+01
1.625129508972167969e+01 1.414067077636718750e+01
1.568558788299560547e+01 1.520711898803710938e+01
1.266754150390625000e+01 1.292680168151855469e+01
1.405009269714355469e+01 1.298418617248535156e+01
1.363320255279541016e+01 1.230173397064208984e+01
1.267830848693847656e+01 1.171763610839843750e+01
1.314591121673583984e+01 1.105946063995361328e+01
1.374441719055175781e+01 1.194470024108886719e+01
1.501647567749023438e+01 1.334866809844970703e+01
1.350868225097656250e+01 1.433051681518554688e+01
1.155969524383544922e+01 1.092336368560791016e+01
1.155827808380126953e+01 1.090773487091064453e+01
1.254476928710937500e+01 1.168680000305175781e+01
1.217083263397216797e+01 1.124710178375244141e+01
1.179215240478515625e+01 1.153939914703369141e+01
1.343033313751220703e+01 1.256267738342285156e+01
1.422398185729980469e+01 1.411087131500244141e+01
1.451126575469970703e+01 1.301489925384521484e+01
1.327061939239501953e+01 1.300038528442382812e+01
1.315918159484863281e+01 1.255711460113525391e+01
1.339675617218017578e+01 1.204820346832275391e+01
1.260699653625488281e+01 1.239707469940185547e+01
1.244842624664306641e+01 1.205698776245117188e+01
1.378923130035400391e+01 1.279715919494628906e+01
1.489010715484619141e+01 1.345572376251220703e+01
1.499114608764648438e+01 1.367155456542968750e+01
1.477128314971923828e+01 1.166117382049560547e+01
1.294283103942871094e+01 1.172064399719238281e+01
1.223896884918212891e+01 1.281300449371337891e+01
1.166650009155273438e+01 1.338738727569580078e+01
1.169339275360107422e+01 1.161458683013916016e+01
1.380282974243164062e+01 1.176759719848632812e+01
1.507294940948486328e+01 1.382038688659667969e+01
1.608115005493164062e+01 1.282326030731201172e+01
1.478334808349609375e+01 1.233259391784667969e+01
1.372642707824707031e+01 1.225932407379150391e+01
1.262396907806396484e+01 1.288578510284423828e+01
1.221236133575439453e+01 1.155152606964111328e+01
1.215944576263427734e+01 1.065919399261474609e+01
1.298321533203125000e+01 1.133705425262451172e+01
1.303939723968505859e+01 1.281772899627685547e+01
1.278864383697509766e+01 1.197326850891113281e+01
1.328254985809326172e+01 1.093827056884765625e+01
1.320621490478515625e+01 1.096220111846923828e+01
1.396866321563720703e+01 1.291336822509765625e+01
1.386735439300537109e+01 1.336407661437988281e+01
1.430757617950439453e+01 1.285962104797363281e+01
1.417221355438232422e+01 1.320299816131591797e+01
1.305387878417968750e+01 1.282688140869140625e+01
1.359397220611572266e+01 1.428861427307128906e+01
1.319871044158935547e+01 1.255845642089843750e+01
1.373989582061767578e+01 1.161969470977783203e+01
1.294362258911132812e+01 1.105907630920410156e+01
1.309724807739257812e+01 1.214685058593750000e+01
1.209939670562744141e+01 1.316953372955322266e+01
1.363467025756835938e+01 1.319026756286621094e+01
1.498629379272460938e+01 1.391114997863769531e+01
1.454563140869140625e+01 1.433919715881347656e+01
1.469953250885009766e+01 1.466896724700927734e+01
1.410038661956787109e+01 1.124670791625976562e+01
1.308771038055419922e+01 1.238797092437744141e+01
1.019022369384765625e+01 1.165071487426757812e+01
1.062340164184570312e+01 1.045290088653564453e+01
1.113685607910156250e+01 1.119033241271972656e+01
1.239354038238525391e+01 1.143266105651855469e+01
1.313836574554443359e+01 1.299823093414306641e+01
1.407187461853027344e+01 1.383791351318359375e+01
1.472681713104248047e+01 1.381009483337402344e+01
1.367187690734863281e+01 1.331072616577148438e+01
1.465464401245117188e+01 1.281081295013427734e+01
1.507062339782714844e+01 1.392475032806396484e+01
1.611019706726074219e+01 1.448229598999023438e+01
1.221169567108154297e+01 1.188059902191162109e+01
1.285540008544921875e+01 1.071093177795410156e+01
1.183390045166015625e+01 1.105350780487060547e+01
1.190234088897705078e+01 1.168854522705078125e+01
1.351670169830322266e+01 1.158743762969970703e+01
1.167437648773193359e+01 1.218704891204833984e+01
1.297038078308105469e+01 1.179033946990966797e+01
1.391106891632080078e+01 1.256867790222167969e+01
1.368475723266601562e+01 1.307448863983154297e+01
1.569839572906494141e+01 1.387499809265136719e+01
1.547464275360107422e+01 1.420832538604736328e+01
1.467087078094482422e+01 1.206218147277832031e+01
1.341556644439697266e+01 1.231041049957275391e+01
1.267088031768798828e+01 1.025499629974365234e+01
1.139881515502929688e+01 1.080350780487060547e+01
1.170827007293701172e+01 1.147274780273437500e+01
1.414145946502685547e+01 1.191302871704101562e+01
1.411984825134277344e+01 1.254980564117431641e+01
1.444491195678710938e+01 1.203078365325927734e+01
1.422921180725097656e+01 1.356754112243652344e+01
1.333719158172607422e+01 1.312181091308593750e+01
1.325729179382324219e+01 1.309228801727294922e+01
1.443227481842041016e+01 1.331091022491455078e+01
1.539190196990966797e+01 1.442337703704833984e+01
1.157650947570800781e+01 1.128970909118652344e+01
1.195781230926513672e+01 1.130982017517089844e+01
1.344905376434326172e+01 1.158548164367675781e+01
1.357310581207275391e+01 1.141927814483642578e+01
1.226180076599121094e+01 1.202949523925781250e+01
1.276601600646972656e+01 1.234684181213378906e+01
1.285878467559814453e+01 1.244726467132568359e+01
1.509619712829589844e+01 1.485437107086181641e+01
1.583582305908203125e+01 1.417513179779052734e+01
1.570809650421142578e+01 1.414403915405273438e+01
1.585613346099853516e+01 1.476625823974609375e+01
1.599509811401367188e+01 1.398621082305908203e+01
1.490414905548095703e+01 1.420850849151611328e+01
1.363315868377685547e+01 1.339231777191162109e+01
1.464257144927978516e+01 1.405473899841308594e+01
1.330512905120849609e+01 1.292889595031738281e+01
1.302435493469238281e+01 1.405262088775634766e+01
1.339463710784912109e+01 1.352239513397216797e+01
1.289543056488037109e+01 1.190224742889404297e+01
1.373724365234375000e+01 1.233631134033203125e+01
1.370256614685058594e+01 1.217267990112304688e+01
1.353684997558593750e+01 1.363000011444091797e+01
1.390133380889892578e+01 1.311222267150878906e+01
1.445975971221923828e+01 1.293192577362060547e+01
1.234216499328613281e+01 1.098483848571777344e+01
1.276552391052246094e+01 1.220477294921875000e+01
1.235407638549804688e+01 1.177739143371582031e+01
1.328420734405517578e+01 1.195400619506835938e+01
1.370302963256835938e+01 1.261278057098388672e+01
1.311819553375244141e+01 1.255112361907958984e+01
1.428407859802246094e+01 1.343499660491943359e+01
1.494338321685791016e+01 1.493904209136962891e+01
1.525620651245117188e+01 1.410851764678955078e+01
1.579786109924316406e+01 1.405320072174072266e+01
1.625321197509765625e+01 1.498839759826660156e+01
1.517886638641357422e+01 1.463416957855224609e+01
1.527062129974365234e+01 1.355028820037841797e+01
1.398327255249023438e+01 1.281808567047119141e+01
1.213426971435546875e+01 1.195025253295898438e+01
1.273321533203125000e+01 1.090643978118896484e+01
1.421207427978515625e+01 1.173071575164794922e+01
1.370259094238281250e+01 1.151465320587158203e+01
1.238065528869628906e+01 1.188552665710449219e+01
1.310512638092041016e+01 1.204440021514892578e+01
1.390960216522216797e+01 1.231471157073974609e+01
1.359193706512451172e+01 1.279096412658691406e+01
1.301784706115722656e+01 1.275751209259033203e+01
1.341441631317138672e+01 1.307104969024658203e+01
1.172538661956787109e+01 1.179721450805664062e+01
1.328337001800537109e+01 1.230019187927246094e+01
1.191242599487304688e+01 1.117826080322265625e+01
1.342768669128417969e+01 1.305064010620117188e+01
1.368601799011230469e+01 1.356534767150878906e+01
1.311190223693847656e+01 1.252762317657470703e+01
1.557180500030517578e+01 1.324804496765136719e+01
1.451262950897216797e+01 1.427065849304199219e+01
1.441168785095214844e+01 1.472683620452880859e+01
1.538654518127441406e+01 1.341108036041259766e+01
1.620689964294433594e+01 1.453243827819824219e+01
1.524350166320800781e+01 1.384253311157226562e+01
1.443955326080322266e+01 1.417239093780517578e+01
1.481257820129394531e+01 1.379743862152099609e+01
1.410822677612304688e+01 1.327408981323242188e+01
1.273314380645751953e+01 1.255875778198242188e+01
1.419016265869140625e+01 1.320035552978515625e+01
1.386676502227783203e+01 1.319108009338378906e+01
1.241410350799560547e+01 1.257274913787841797e+01
1.322178173065185547e+01 1.279898548126220703e+01
1.209969520568847656e+01 1.248741817474365234e+01
1.229473018646240234e+01 1.132804965972900391e+01
1.369628334045410156e+01 1.225466632843017578e+01
1.278091144561767578e+01 1.194425010681152344e+01
1.271637535095214844e+01 1.216344356536865234e+01
1.269245433807373047e+01 1.084330368041992188e+01
1.295954990386962891e+01 1.215272140502929688e+01
1.223534107208251953e+01 1.188031578063964844e+01
1.337824344635009766e+01 1.264944744110107422e+01
1.290845870971679688e+01 1.354447841644287109e+01
1.407012939453125000e+01 1.399721622467041016e+01
1.489132118225097656e+01 1.446138381958007812e+01
1.468657779693603516e+01 1.333943748474121094e+01
1.413883495330810547e+01 1.289624309539794922e+01
1.354626464843750000e+01 1.373773384094238281e+01
1.354789543151855469e+01 1.203504657745361328e+01
1.406489372253417969e+01 1.217495536804199219e+01
1.464295864105224609e+01 1.278160953521728516e+01
1.436181640625000000e+01 1.271253204345703125e+01
1.292124938964843750e+01 1.145230674743652344e+01
1.412075138092041016e+01 1.264734268188476562e+01
1.433833599090576172e+01 1.513680458068847656e+01
1.194449138641357422e+01 1.054039001464843750e+01
1.216716861724853516e+01 1.058371067047119141e+01
1.242628479003906250e+01 1.137989616394042969e+01
1.280415344238281250e+01 1.177086544036865234e+01
1.196974945068359375e+01 1.242737197875976562e+01
1.351118183135986328e+01 1.294361686706542969e+01
1.354386329650878906e+01 1.266535949707031250e+01
1.222987461090087891e+01 1.206676864624023438e+01
1.479108333587646484e+01 1.244261169433593750e+01
1.419460868835449219e+01 1.331048774719238281e+01
1.384782314300537109e+01 1.307518863677978516e+01
1.588942337036132812e+01 1.407994270324707031e+01
1.679718399047851562e+01 1.531733512878417969e+01
1.491170787811279297e+01 1.440964508056640625e+01
1.315813446044921875e+01 1.334278392791748047e+01
1.329655551910400391e+01 1.243601131439208984e+01
1.435875320434570312e+01 1.251873493194580078e+01
1.252690601348876953e+01 1.286355686187744141e+01
1.366500186920166016e+01 1.414918422698974609e+01
1.429002666473388672e+01 1.423094940185546875e+01
1.370228862762451172e+01 1.317412185668945312e+01
1.292090034484863281e+01 1.204410362243652344e+01
1.419793605804443359e+01 1.259719848632812500e+01
1.452245616912841797e+01 1.351156139373779297e+01
1.275041103363037109e+01 1.205231761932373047e+01
1.423191356658935547e+01 1.326412296295166016e+01
1.306611728668212891e+01 1.284230327606201172e+01
1.319496822357177734e+01 1.224213027954101562e+01
1.411264133453369141e+01 1.260449695587158203e+01
1.316198348999023438e+01 1.213198757171630859e+01
1.190219306945800781e+01 1.112533950805664062e+01
1.390380954742431641e+01 1.126618766784667969e+01
1.321492385864257812e+01 1.320005035400390625e+01
1.339799976348876953e+01 1.372108840942382812e+01
1.442545223236083984e+01 1.343549251556396484e+01
1.549891757965087891e+01 1.448244380950927734e+01
1.667322731018066406e+01 1.563241100311279297e+01
1.584754180908203125e+01 1.243168067932128906e+01
1.430560111999511719e+01 1.367893028259277344e+01
1.389414691925048828e+01 1.397877502441406250e+01
1.430385398864746094e+01 1.381250286102294922e+01
1.364188766479492188e+01 1.184654712677001953e+01
1.401212596893310547e+01 1.165900230407714844e+01
1.513035297393798828e+01 1.314081192016601562e+01
1.464038181304931641e+01 1.429210281372070312e+01
1.443614006042480469e+01 1.362567234039306641e+01
1.474405860900878906e+01 1.386207103729248047e+01
1.501689720153808594e+01 1.415062332153320312e+01
1.540876579284667969e+01 1.398668479919433594e+01
1.408514595031738281e+01 1.313669586181640625e+01
1.575921154022216797e+01 1.393831253051757812e+01
1.321962165832519531e+01 1.364872837066650391e+01
1.242732238769531250e+01 1.260890293121337891e+01
1.381317424774169922e+01 1.202940177917480469e+01
1.261959266662597656e+01 1.050457382202148438e+01
1.459925174713134766e+01 1.200112056732177734e+01
1.495734310150146484e+01 1.445856094360351562e+01
1.334202575683593750e+01 1.456162071228027344e+01
1.461743927001953125e+01 1.421884536743164062e+01
1.726393318176269531e+01 1.436538696289062500e+01
1.665338134765625000e+01 1.550445270538330078e+01
1.533885097503662109e+01 1.389354038238525391e+01
1.525251197814941406e+01 1.403409767150878906e+01
1.343833255767822266e+01 1.308410739898681641e+01
1.451055717468261719e+01 1.454529476165771484e+01
1.409659385681152344e+01 1.342220211029052734e+01
1.559886360168457031e+01 1.376621627807617188e+01
1.551613807678222656e+01 1.524288082122802734e+01
1.620174217224121094e+01 1.533735084533691406e+01
1.559681797027587891e+01 1.326111698150634766e+01
1.390417385101318359e+01 1.420775032043457031e+01
1.422791194915771484e+01 1.408358001708984375e+01
1.636356544494628906e+01 1.450833606719970703e+01
1.458274745941162109e+01 1.346852016448974609e+01
1.417606067657470703e+01 1.384864902496337891e+01
1.471669578552246094e+01 1.244566726684570312e+01
1.345928192138671875e+01 1.180005168914794922e+01
1.394865036010742188e+01 1.302950859069824219e+01
1.183474063873291016e+01 1.100201511383056641e+01
1.385459518432617188e+01 1.167296314239501953e+01
1.386557483673095703e+01 1.338147163391113281e+01
1.275691032409667969e+01 1.190750312805175781e+01
1.544273376464843750e+01 1.402611923217773438e+01
1.668734931945800781e+01 1.516226959228515625e+01
1.675494384765625000e+01 1.580961608886718750e+01
1.638703727722167969e+01 1.427322101593017578e+01
1.473747444152832031e+01 1.274103927612304688e+01
1.510463047027587891e+01 1.378160476684570312e+01
1.607286262512207031e+01 1.458822154998779297e+01
1.543283557891845703e+01 1.408817386627197266e+01
1.630444145202636719e+01 1.457198905944824219e+01
1.614087486267089844e+01 1.465331935882568359e+01
1.381342506408691406e+01 1.398186874389648438e+01
1.459197521209716797e+01 1.432397651672363281e+01
1.372942829132080078e+01 1.295921421051025391e+01
1.396751785278320312e+01 1.189883136749267578e+01
1.397495555877685547e+01 1.416193675994873047e+01
1.485541057586669922e+01 1.335004997253417969e+01
1.547217082977294922e+01 1.335768699645996094e+01
1.506428813934326172e+01 1.376472854614257812e+01
1.508839225769042969e+01 1.286883163452148438e+01
1.561678981781005859e+01 1.418086338043212891e+01
1.134056282043457031e+01 1.120973014831542969e+01
1.212858772277832031e+01 1.253369140625000000e+01
1.365710735321044922e+01 1.342765140533447266e+01
1.117182540893554688e+01 1.182467746734619141e+01
1.438507556915283203e+01 1.328973484039306641e+01
1.505899143218994141e+01 1.375910377502441406e+01
1.466578674316406250e+01 1.240044784545898438e+01
1.386114978790283203e+01 1.265230369567871094e+01
1.346632289886474609e+01 1.211842346191406250e+01
1.439946365356445312e+01 1.369029903411865234e+01
1.526500415802001953e+01 1.476718521118164062e+01
1.656749153137207031e+01 1.445123672485351562e+01
1.548557090759277344e+01 1.448653316497802734e+01
1.643946266174316406e+01 1.449991130828857422e+01
1.624745178222656250e+01 1.412497520446777344e+01
1.482697772979736328e+01 1.420323181152343750e+01
1.354139995574951172e+01 1.204059982299804688e+01
1.446055507659912109e+01 1.338010692596435547e+01
1.585540962219238281e+01 1.454327487945556641e+01
1.405699062347412109e+01 1.405459213256835938e+01
1.398860263824462891e+01 1.431799221038818359e+01
1.560863685607910156e+01 1.444705200195312500e+01
1.514341640472412109e+01 1.357411479949951172e+01
1.530170822143554688e+01 1.442227745056152344e+01
1.357765960693359375e+01 1.228829383850097656e+01
1.417947769165039062e+01 1.243085861206054688e+01
1.308782386779785156e+01 1.398917865753173828e+01
1.319026374816894531e+01 1.173889636993408203e+01
1.312693023681640625e+01 1.340985298156738281e+01
1.349203968048095703e+01 1.245678901672363281e+01
1.432287597656250000e+01 1.301437759399414062e+01
1.401711940765380859e+01 1.394911193847656250e+01
1.369470787048339844e+01 1.264943885803222656e+01
1.280668449401855469e+01 1.359707927703857422e+01
1.414330101013183594e+01 1.490113639831542969e+01
1.574464511871337891e+01 1.393775081634521484e+01
1.702078437805175781e+01 1.378391551971435547e+01
1.522104835510253906e+01 1.438680267333984375e+01
1.474995326995849609e+01 1.542269611358642578e+01
1.462510013580322266e+01 1.421409988403320312e+01
1.353020095825195312e+01 1.190657997131347656e+01
1.306857585906982422e+01 1.250869274139404297e+01
1.368955326080322266e+01 1.294168090820312500e+01
1.411384582519531250e+01 1.308818244934082031e+01
1.428987503051757812e+01 1.247166728973388672e+01
1.464892387390136719e+01 1.305266189575195312e+01
1.632109069824218750e+01 1.435183143615722656e+01
1.541767597198486328e+01 1.465138053894042969e+01
1.489816856384277344e+01 1.412233448028564453e+01
1.593269443511962891e+01 1.410573196411132812e+01
1.504462623596191406e+01 1.489246654510498047e+01
1.291207981109619141e+01 1.235102748870849609e+01
1.407505035400390625e+01 1.408968067169189453e+01
1.302431201934814453e+01 1.222326469421386719e+01
1.466032886505126953e+01 1.265554714202880859e+01
1.299827480316162109e+01 1.231702613830566406e+01
1.365308856964111328e+01 1.203802776336669922e+01
1.440990924835205078e+01 1.228140449523925781e+01
1.503018379211425781e+01 1.460384273529052734e+01
1.488336753845214844e+01 1.555245685577392578e+01
1.391961383819580078e+01 1.395014476776123047e+01
1.479627132415771484e+01 1.226076316833496094e+01
1.410099506378173828e+01 1.345213413238525391e+01
1.339395141601562500e+01 1.395517635345458984e+01
1.434309577941894531e+01 1.312021636962890625e+01
1.344794559478759766e+01 1.222303676605224609e+01
1.361256885528564453e+01 1.269825458526611328e+01
1.352598667144775391e+01 1.400495147705078125e+01
1.349261474609375000e+01 1.361069297790527344e+01
1.346699333190917969e+01 1.409379196166992188e+01
1.568029880523681641e+01 1.329105854034423828e+01
1.718520927429199219e+01 1.498767375946044922e+01
