2.327166557e+00 2.285753250e+00
2.356261253e+00 2.144504309e+00
2.341337204e+00 3.575315952e+00
3.205627203e+00 2.838013887e+00
2.882089853e+00 3.249854565e+00
3.656533718e+00 5.145455360e+00
4.061999798e+00 3.949217081e+00
4.132188320e+00 4.478487015e+00
4.795967579e+00 3.944547892e+00
4.552301407e+00 4.192770481e+00
3.568969488e+00 4.284338474e+00
4.429906845e+00 3.323010683e+00
3.549835443e+00 4.533610344e+00
4.091192245e+00 4.574195862e+00
4.115894794e+00 3.477429390e+00
4.163085938e+00 4.633538723e+00
4.572885990e+00 3.946954012e+00
3.750022888e+00 4.033858776e+00
3.650924683e+00 3.528325558e+00
3.937687397e+00 3.784602404e+00
3.205929518e+00 4.400545120e+00
4.236763477e+00 3.322846413e+00
4.304168224e+00 4.335317135e+00
4.257781506e+00 3.981536627e+00
4.107248306e+00 3.637471676e+00
3.632885218e+00 4.005974770e+00
4.019666672e+00 3.677707434e+00
3.836138487e+00 3.748784304e+00
3.776329994e+00 3.617580414e+00
3.468199015e+00 3.422261000e+00
3.665885925e+00 3.974028111e+00
3.518190384e+00 3.834056377e+00
3.454751253e+00 3.595904589e+00
4.298314571e+00 3.266726017e+00
3.838377476e+00 3.853194475e+00
2.956885099e+00 4.175058365e+00
3.102744102e+00 3.180480242e+00
2.962038040e+00 3.656637669e+00
3.662392378e+00 3.781954050e+00
3.881468296e+00 3.158619404e+00
4.770900726e+00 4.183709145e+00
4.516589165e+00 3.850141048e+00
2.853589773e+00 4.089405537e+00
3.559325457e+00 4.017006874e+00
3.494873285e+00 3.533401251e+00
4.301199913e+00 4.376837254e+00
4.791885376e+00 3.481019497e+00
3.993395329e+00 4.995309830e+00
5.018265247e+00 4.663214207e+00
4.670229912e+00 4.691030025e+00
3.790990591e+00 5.313116550e+00
4.942576885e+00 4.430692196e+00
4.409240723e+00 3.915405512e+00
4.793039322e+00 3.876553774e+00
4.404858589e+00 4.693102360e+00
3.423744440e+00 4.289258003e+00
4.080624104e+00 3.380368471e+00
3.412010670e+00 1.813468456e+00
2.561445713e+00 2.685896873e+00
2.461413622e+00 2.167623997e+00
3.543877125e+00 3.759990215e+00
3.788475513e+00 3.510397673e+00
3.070565462e+00 4.384341240e+00
4.535948277e+00 4.973986149e+00
4.240504265e+00 4.307632446e+00
5.681622028e+00 5.481665134e+00
6.024809837e+00 4.838145256e+00
3.980048418e+00 4.554448128e+00
4.943692684e+00 5.626621723e+00
5.219343662e+00 4.529254913e+00
4.250083447e+00 4.566109657e+00
4.930539608e+00 4.272152901e+00
3.712197542e+00 4.092202187e+00
4.326597691e+00 5.126371861e+00
4.454730511e+00 4.564741611e+00
4.992737770e+00 4.239143848e+00
5.498806000e+00 4.774289131e+00
3.538892746e+00 3.971681595e+00
4.151018620e+00 4.632029533e+00
4.647003174e+00 4.185833454e+00
3.940455437e+00 4.294569969e+00
4.365339756e+00 3.976406813e+00
3.945796251e+00 4.152187824e+00
4.769766808e+00 5.155810833e+00
4.744536400e+00 4.368206978e+00
5.013304710e+00 5.049236298e+00
5.013641357e+00 5.211468697e+00
4.127314091e+00 4.435895920e+00
4.289371014e+00 5.515528679e+00
4.392021656e+00 4.357398987e+00
5.288894176e+00 4.682204247e+00
5.427946568e+00 4.629487038e+00
4.052097321e+00 4.293752193e+00
4.787158012e+00 4.736038685e+00
4.417736530e+00 4.420826912e+00
3.603870153e+00 3.903324604e+00
4.164770126e+00 3.672429800e+00
3.645227671e+00 4.011004925e+00
5.062212467e+00 4.471637726e+00
4.417417049e+00 4.662882805e+00
5.230637550e+00 5.414263248e+00
5.109423161e+00 5.350010872e+00
4.762531281e+00 3.746737003e+00
5.255208015e+00 5.336299419e+00
4.972326279e+00 4.358561516e+00
5.309244633e+00 5.438467503e+00
6.023456097e+00 5.508486271e+00
4.973731041e+00 5.504863262e+00
6.653491974e+00 7.141879559e+00
5.802821636e+00 4.953318119e+00
6.183467388e+00 5.078257561e+00
5.744106293e+00 6.224246502e+00
4.559966564e+00 4.530982494e+00
5.701807022e+00 5.655650616e+00
4.351545811e+00 4.750106335e+00
4.147198677e+00 4.370775700e+00
4.157304764e+00 4.769907475e+00
3.033154488e+00 2.517014027e+00
3.003670454e+00 3.138975143e+00
2.877763510e+00 2.626201153e+00
4.300096512e+00 3.958925962e+00
3.697451115e+00 4.144637108e+00
3.385627985e+00 5.318357944e+00
5.367691040e+00 5.253390789e+00
4.716282845e+00 4.881671429e+00
6.760517120e+00 6.207495213e+00
7.830162525e+00 5.990526199e+00
5.399879932e+00 6.053216457e+00
5.908081532e+00 6.231904030e+00
5.820704937e+00 5.195838451e+00
5.033097267e+00 5.785584450e+00
5.911414623e+00 5.239988327e+00
5.139418602e+00 4.976551533e+00
6.357263565e+00 4.986805916e+00
5.245219707e+00 5.183673859e+00
6.391764164e+00 6.279127598e+00
5.688969612e+00 6.238522053e+00
5.624074459e+00 5.795773983e+00
5.808476925e+00 6.139346600e+00
5.345130444e+00 4.717730045e+00
5.757714272e+00 5.965167046e+00
5.966276646e+00 5.425363541e+00
4.739032269e+00 6.395530701e+00
6.707865715e+00 6.177367687e+00
5.547322273e+00 5.758188725e+00
5.744938374e+00 5.851284981e+00
5.898671627e+00 5.717842102e+00
5.141856670e+00 5.482847214e+00
6.725626945e+00 5.974252701e+00
5.848241806e+00 5.049150467e+00
6.552410126e+00 6.579220772e+00
6.612721443e+00 6.611370564e+00
5.898005486e+00 6.232588768e+00
6.406902313e+00 7.398182869e+00
5.917478561e+00 4.749125004e+00
6.101643085e+00 6.109158516e+00
6.386044025e+00 5.937717915e+00
5.156963825e+00 5.717918873e+00
6.818738937e+00 6.209803104e+00
5.221602440e+00 5.462071896e+00
6.315059662e+00 6.922068596e+00
6.387243271e+00 6.623403072e+00
5.320560932e+00 6.813400745e+00
6.054610729e+00 5.527061939e+00
6.160178661e+00 4.603371620e+00
6.625517845e+00 7.741058826e+00
7.495311260e+00 5.917040825e+00
6.611263275e+00 8.345643044e+00
7.676523209e+00 7.304199696e+00
7.336283207e+00 5.703086376e+00
7.161842823e+00 7.827818871e+00
7.921864986e+00 7.343405247e+00
7.308028221e+00 7.087384701e+00
7.423872471e+00 7.000714779e+00
6.196884155e+00 5.676937103e+00
5.782352448e+00 5.752324104e+00
6.181952000e+00 5.557620049e+00
5.465262413e+00 3.567676544e+00
4.287008762e+00 4.595444679e+00
3.204910994e+00 3.204306602e+00
4.529743671e+00 4.018816948e+00
4.389378071e+00 4.196960926e+00
4.394376755e+00 4.604842663e+00
6.126728058e+00 4.918771267e+00
4.513010025e+00 4.669694901e+00
6.363118649e+00 7.143527508e+00
6.470886707e+00 6.609559059e+00
6.305658340e+00 5.519598007e+00
6.613894463e+00 6.009039879e+00
5.925453663e+00 4.749649048e+00
6.209518433e+00 5.872728825e+00
5.602925301e+00 5.691783905e+00
4.835149765e+00 5.207667351e+00
5.383462906e+00 5.323528767e+00
4.223556519e+00 4.137763977e+00
5.513270378e+00 5.890363216e+00
5.387050629e+00 5.904480934e+00
4.624166965e+00 5.625581264e+00
5.103758335e+00 5.037579060e+00
4.977457047e+00 4.273334980e+00
5.682731152e+00 5.664288044e+00
5.925095558e+00 5.026851654e+00
4.528574944e+00 5.837006092e+00
5.863787174e+00 6.052641869e+00
5.406411171e+00 4.789943218e+00
5.718696117e+00 5.828439713e+00
5.506602764e+00 5.085851192e+00
4.831849098e+00 5.543647289e+00
4.709233284e+00 5.311419010e+00
4.959351063e+00 4.278355122e+00
5.771307468e+00 6.511258602e+00
5.728776455e+00 5.082462788e+00
5.075433731e+00 6.601421356e+00
6.336655617e+00 5.387742043e+00
6.458915234e+00 5.165516853e+00
6.013771057e+00 6.490249634e+00
5.983101845e+00 5.786440372e+00
6.087642193e+00 7.107990265e+00
7.078059673e+00 7.221968651e+00
6.099484921e+00 5.515387058e+00
7.457124233e+00 7.006622791e+00
7.704619884e+00 6.872939587e+00
6.314380169e+00 6.645770073e+00
7.001908302e+00 7.164100647e+00
6.451272964e+00 5.812373638e+00
6.172156334e+00 7.346885681e+00
6.854390144e+00 6.110367775e+00
5.845450878e+00 7.138916492e+00
7.495507717e+00 6.720408440e+00
7.044797421e+00 6.367684841e+00
6.946541309e+00 7.214900017e+00
7.261791706e+00 6.655391693e+00
5.943708420e+00 6.563012123e+00
6.746997833e+00 6.982279778e+00
6.562352657e+00 5.083532810e+00
5.760411263e+00 6.631268501e+00
5.998654842e+00 5.818711758e+00
5.118523598e+00 3.317685843e+00
3.968174934e+00 4.696108818e+00
3.431397438e+00 3.292197466e+00
4.633786201e+00 4.578459263e+00
4.465993404e+00 4.392327785e+00
4.984910488e+00 5.637074947e+00
6.223119259e+00 5.559003353e+00
5.120352268e+00 3.914362431e+00
6.853485107e+00 7.289291382e+00
6.629058838e+00 6.985999107e+00
6.455409527e+00 7.408998013e+00
7.486350536e+00 6.534288883e+00
6.022603035e+00 5.175808907e+00
6.282022476e+00 6.105737686e+00
6.620547295e+00 6.087682724e+00
5.699026108e+00 6.098065853e+00
6.383111000e+00 7.040023804e+00
4.946220875e+00 4.694774628e+00
5.598892689e+00 5.572101593e+00
5.841114521e+00 5.582447529e+00
5.181270123e+00 4.673034191e+00
5.891442299e+00 5.543295860e+00
4.762905598e+00 4.808690548e+00
5.058458805e+00 5.092777729e+00
4.295837402e+00 4.965308189e+00
4.559551716e+00 5.295857430e+00
6.155821800e+00 6.347665310e+00
5.424201488e+00 5.476322651e+00
5.540389538e+00 5.770129204e+00
5.827701569e+00 5.862119198e+00
4.689137459e+00 5.498023033e+00
6.155050278e+00 6.083652973e+00
5.398307800e+00 5.862300873e+00
5.715170860e+00 6.037018776e+00
6.239970207e+00 5.204112053e+00
4.939763069e+00 6.022265911e+00
5.601711750e+00 5.908895969e+00
5.782001019e+00 5.045263767e+00
5.195237160e+00 5.859740734e+00
5.891774178e+00 4.946936131e+00
4.910190105e+00 6.113583565e+00
6.191660881e+00 6.235824585e+00
6.161652565e+00 5.670677662e+00
6.222266197e+00 7.173720360e+00
6.832534790e+00 6.504221439e+00
6.541791916e+00 6.519168377e+00
7.240814209e+00 6.603237152e+00
6.928978920e+00 5.924390793e+00
7.673203945e+00 7.604820728e+00
7.526674747e+00 6.987914085e+00
6.570750237e+00 8.048522949e+00
8.825982094e+00 7.980959415e+00
7.387155533e+00 6.984718323e+00
7.208785534e+00 7.101686001e+00
7.832301617e+00 6.945014000e+00
6.592369080e+00 7.581985950e+00
7.690572739e+00 7.552515507e+00
6.389085770e+00 6.159296513e+00
5.275933266e+00 5.684683323e+00
6.015163898e+00 5.952250004e+00
4.639256954e+00 3.592770576e+00
4.093398094e+00 3.996160507e+00
3.271773338e+00 3.706552029e+00
4.073143482e+00 4.307484150e+00
4.787547588e+00 3.968187809e+00
4.715095520e+00 7.083714485e+00
5.189427376e+00 5.576748371e+00
5.089415073e+00 4.397585392e+00
5.846475601e+00 6.434916019e+00
7.413524628e+00 5.789367676e+00
6.453403950e+00 6.063268661e+00
5.648644447e+00 5.725497246e+00
5.617936611e+00 4.954706192e+00
4.284099579e+00 5.968964577e+00
5.825781822e+00 5.766365528e+00
5.543757915e+00 5.905804157e+00
5.378282070e+00 5.599339008e+00
5.786349297e+00 4.897913456e+00
5.316893578e+00 5.982376575e+00
6.171414852e+00 5.258875370e+00
4.806158066e+00 5.747577667e+00
5.525634289e+00 5.920111656e+00
5.899897099e+00 4.440600872e+00
5.830726147e+00 6.149483204e+00
6.207685947e+00 5.503971577e+00
5.164100170e+00 6.557678699e+00
5.967206478e+00 5.994101048e+00
5.406009197e+00 5.078868389e+00
5.454586983e+00 5.935375690e+00
5.746141911e+00 5.426544666e+00
4.865439892e+00 5.554987907e+00
6.408923149e+00 6.145510674e+00
6.113996506e+00 4.991421700e+00
6.340297222e+00 6.308512688e+00
5.998605251e+00 6.017043591e+00
5.199702740e+00 6.242469311e+00
6.002521992e+00 7.059049129e+00
6.049247265e+00 5.718348026e+00
6.350084782e+00 6.005564213e+00
7.379077435e+00 5.788075447e+00
4.995559216e+00 7.077404022e+00
7.498349667e+00 6.645683289e+00
6.749585629e+00 6.221322060e+00
6.849740028e+00 7.042391300e+00
6.949897766e+00 6.654424191e+00
6.418169498e+00 7.364731312e+00
7.191424370e+00 6.985647202e+00
6.616413116e+00 5.975663185e+00
8.300518036e+00 8.824336052e+00
8.652654648e+00 8.055256844e+00
7.655574799e+00 7.676033020e+00
7.880911827e+00 8.042090416e+00
7.470760345e+00 6.661498070e+00
6.928906918e+00 7.819387913e+00
8.238232613e+00 7.366059303e+00
6.876136780e+00 7.039095402e+00
6.726770878e+00 8.018292427e+00
6.710542679e+00 5.801173210e+00
5.791291714e+00 5.401006222e+00
6.301642895e+00 5.426831722e+00
4.294864655e+00 2.943338156e+00
3.227716208e+00 4.007942200e+00
3.268503428e+00 3.262730122e+00
4.122238636e+00 4.106165409e+00
4.159482479e+00 4.268840313e+00
4.354952335e+00 5.599976063e+00
6.398911953e+00 6.157143593e+00
5.133949280e+00 5.688167572e+00
6.162272453e+00 6.111397266e+00
6.841326237e+00 6.155775547e+00
5.369918346e+00 6.101277828e+00
5.868803978e+00 7.070569992e+00
5.616769314e+00 5.555354595e+00
5.772602558e+00 5.010174274e+00
5.480115891e+00 4.988844395e+00
4.404606819e+00 4.603287697e+00
5.848373890e+00 4.918499947e+00
4.864224911e+00 5.917249203e+00
5.468819618e+00 5.159416676e+00
4.730105877e+00 5.493272305e+00
4.561919689e+00 5.744949341e+00
5.481166840e+00 5.709635258e+00
5.506637096e+00 5.810768604e+00
6.314829350e+00 6.964731216e+00
5.999134541e+00 5.781209946e+00
5.477917671e+00 5.493758202e+00
5.936761379e+00 6.425212860e+00
6.188587666e+00 5.960598469e+00
6.199336052e+00 5.226703167e+00
6.099004745e+00 5.018259048e+00
4.491744995e+00 5.881291389e+00
5.031925201e+00 6.489907265e+00
4.883957863e+00 4.910262108e+00
5.662245274e+00 5.759230137e+00
5.535355568e+00 5.343475819e+00
4.969264984e+00 4.653930187e+00
5.453507423e+00 4.510098457e+00
5.471714973e+00 5.345188141e+00
6.382700920e+00 6.522156715e+00
5.928029537e+00 5.867473602e+00
6.243564129e+00 7.074571133e+00
7.335522652e+00 7.357077122e+00
7.111826420e+00 5.912104607e+00
7.671250343e+00 7.785610199e+00
7.854314327e+00 7.377788067e+00
6.750861645e+00 8.219306946e+00
8.043603897e+00 8.056985855e+00
7.064714909e+00 7.115387440e+00
8.072413445e+00 8.220281601e+00
9.384472847e+00 7.616411209e+00
7.268270493e+00 8.487751007e+00
8.113763809e+00 8.293585777e+00
7.845630169e+00 6.707890034e+00
6.475767612e+00 6.946737289e+00
7.314924717e+00 6.416985989e+00
6.575364113e+00 6.052099228e+00
7.197923183e+00 7.040740967e+00
6.319898129e+00 6.260995865e+00
5.983054161e+00 5.740529060e+00
5.284747601e+00 6.330319881e+00
4.666177273e+00 3.017399788e+00
3.280230284e+00 4.049724579e+00
3.028878927e+00 3.565781355e+00
4.040978432e+00 4.335867882e+00
3.672914982e+00 4.161161423e+00
4.221759796e+00 5.690547943e+00
6.544386387e+00 5.156275749e+00
5.265180111e+00 5.092514038e+00
6.811539173e+00 6.903642654e+00
6.991811275e+00 6.995568752e+00
6.081090450e+00 6.907746315e+00
7.770553589e+00 7.721161842e+00
6.608487129e+00 5.801515579e+00
6.582736969e+00 6.503244877e+00
7.163488865e+00 6.599675655e+00
5.331755638e+00 5.770904064e+00
5.978303909e+00 6.948505402e+00
5.158605576e+00 4.625964165e+00
5.706504345e+00 5.420639515e+00
5.495157719e+00 5.260918617e+00
4.452703953e+00 5.619795322e+00
6.515862465e+00 6.166031361e+00
5.552398205e+00 5.626243114e+00
6.229133606e+00 5.956325531e+00
5.547658443e+00 5.921452045e+00
4.877692699e+00 6.063730717e+00
6.386640072e+00 6.491008282e+00
5.573103905e+00 5.795765400e+00
4.893831730e+00 6.301841736e+00
6.627689362e+00 5.561891079e+00
5.012802124e+00 5.953852177e+00
6.932207108e+00 6.449021816e+00
6.545437336e+00 5.522230148e+00
5.810393333e+00 5.634643555e+00
6.059306145e+00 5.296301842e+00
5.091051102e+00 5.125844479e+00
5.038229465e+00 5.056571960e+00
4.669733047e+00 4.078003883e+00
5.597171783e+00 5.991152287e+00
5.722703934e+00 5.264346600e+00
5.243542671e+00 6.993011951e+00
6.035977840e+00 6.014664173e+00
5.907615662e+00 5.301764965e+00
6.597383022e+00 6.303543091e+00
7.005463123e+00 6.296651840e+00
6.270117760e+00 6.278586864e+00
6.841723919e+00 7.073517323e+00
6.436806202e+00 5.905104160e+00
7.559471607e+00 7.235071659e+00
7.954627991e+00 7.395088673e+00
7.144765377e+00 7.298027992e+00
7.263602734e+00 8.052967072e+00
7.209964752e+00 6.404420376e+00
6.130846977e+00 6.013738155e+00
6.560784817e+00 6.267653465e+00
5.431293011e+00 5.980136395e+00
6.365805149e+00 5.858644962e+00
5.109710217e+00 5.568364143e+00
5.280459404e+00 5.131542206e+00
4.739326954e+00 5.426897526e+00
4.144671440e+00 2.885849714e+00
2.963844538e+00 3.148494244e+00
2.767762661e+00 2.636465311e+00
4.363282681e+00 3.648418427e+00
4.294690132e+00 3.622290373e+00
3.590119362e+00 5.711228848e+00
4.711693287e+00 4.960236073e+00
4.287106991e+00 4.288941860e+00
5.933684349e+00 7.173874378e+00
6.086741924e+00 5.816214085e+00
6.106370449e+00 5.990191936e+00
6.297182083e+00 4.940783024e+00
6.105099201e+00 5.615700722e+00
6.208903313e+00 6.939207077e+00
6.112531662e+00 5.913506508e+00
5.426944256e+00 6.511910915e+00
5.874468803e+00 6.295788765e+00
5.920476437e+00 4.987334251e+00
5.788404465e+00 6.254312992e+00
6.384263039e+00 5.364514828e+00
4.892803669e+00 5.939725876e+00
5.192060471e+00 6.717446327e+00
5.560093403e+00 4.805917740e+00
6.839614868e+00 6.353727818e+00
6.333448410e+00 5.939858437e+00
5.043097496e+00 5.054662228e+00
6.073178768e+00 6.080068111e+00
6.035336018e+00 5.396986008e+00
6.414958477e+00 6.950447559e+00
5.186625957e+00 5.608953476e+00
5.609129429e+00 6.992119312e+00
7.688118935e+00 6.601936340e+00
6.705485344e+00 5.722611427e+00
7.086994648e+00 7.376437187e+00
6.754158020e+00 6.833931446e+00
5.340843678e+00 6.667600155e+00
6.330917835e+00 7.060236454e+00
5.941714764e+00 5.150319576e+00
6.100221634e+00 6.406816959e+00
8.126343727e+00 5.346096516e+00
5.388206959e+00 6.613515854e+00
6.805883884e+00 7.045591354e+00
6.559903145e+00 5.230796337e+00
6.116222858e+00 6.441140652e+00
6.842933178e+00 6.421126366e+00
6.223268032e+00 6.692893028e+00
6.416192055e+00 6.285150528e+00
5.675978661e+00 5.808682442e+00
6.607551098e+00 7.339590073e+00
7.310109138e+00 6.477803707e+00
6.813572884e+00 6.514622211e+00
6.694859028e+00 5.998725414e+00
6.422939301e+00 5.506664276e+00
5.419582844e+00 5.425198555e+00
5.884604931e+00 5.713567734e+00
5.200801373e+00 5.369595051e+00
5.474922180e+00 5.832844734e+00
4.825589180e+00 4.828977585e+00
5.022767544e+00 4.703235149e+00
4.326430798e+00 4.900302887e+00
4.225553989e+00 2.295931578e+00
2.422235012e+00 3.528284311e+00
2.449317694e+00 2.860443354e+00
4.526585579e+00 3.747020006e+00
4.158697128e+00 4.098536015e+00
3.721142292e+00 5.333503246e+00
5.702657223e+00 6.301073074e+00
4.821558952e+00 4.881691933e+00
6.279130459e+00 5.416203976e+00
6.566874981e+00 5.687326908e+00
4.807001591e+00 5.370714664e+00
5.729564667e+00 6.139155865e+00
4.831009865e+00 5.274920940e+00
5.273851395e+00 5.768185616e+00
5.116302967e+00 5.558216095e+00
4.875464916e+00 5.430017471e+00
6.606683254e+00 5.397927284e+00
5.822626114e+00 6.249942780e+00
5.435140610e+00 5.654334545e+00
5.319466591e+00 5.054603577e+00
4.438964844e+00 5.911778927e+00
6.915595531e+00 6.977647305e+00
5.848133564e+00 6.190195560e+00
7.021733284e+00 7.153304577e+00
6.681912899e+00 6.661329746e+00
5.468819141e+00 6.093538284e+00
6.169298649e+00 6.283023834e+00
6.120785713e+00 5.543384552e+00
6.599904060e+00 7.486721039e+00
6.330460072e+00 5.886909008e+00
6.215050220e+00 7.459637642e+00
8.211308479e+00 7.210918427e+00
7.080917835e+00 6.960374832e+00
6.855533600e+00 7.299208641e+00
7.104283810e+00 6.833080292e+00
6.525563240e+00 6.405128479e+00
8.060921669e+00 7.252627373e+00
6.727539062e+00 5.447532654e+00
6.752417088e+00 7.628518581e+00
6.996134758e+00 6.628708839e+00
6.224236488e+00 6.835176945e+00
7.714090347e+00 7.773131847e+00
6.807594776e+00 5.672421932e+00
7.365180492e+00 7.274286270e+00
7.128697872e+00 7.442809582e+00
5.722352505e+00 6.558795929e+00
7.198019505e+00 6.488950253e+00
5.964900970e+00 5.537365437e+00
6.186145306e+00 6.248126984e+00
7.286274910e+00 6.150919437e+00
5.497091770e+00 6.535787582e+00
5.564068794e+00 6.547426224e+00
5.604315281e+00 4.369480133e+00
5.089417458e+00 5.253621578e+00
5.555723667e+00 4.830099583e+00
4.221447468e+00 5.589810371e+00
5.088479042e+00 4.902631283e+00
4.750821114e+00 5.083153248e+00
4.271909714e+00 4.649659157e+00
4.504005909e+00 4.256494045e+00
3.665814161e+00 2.321049929e+00
3.002301455e+00 3.211208820e+00
3.033638716e+00 2.955249310e+00
4.014627934e+00 4.404139996e+00
3.679492712e+00 4.261942863e+00
4.446423531e+00 5.369122982e+00
5.329253674e+00 5.070063591e+00
4.574862957e+00 4.232599258e+00
6.203829288e+00 6.614081383e+00
7.388256073e+00 6.502122879e+00
5.553388119e+00 6.717769146e+00
6.152008057e+00 6.973806858e+00
6.091615200e+00 5.324318409e+00
6.035170555e+00 5.688673496e+00
6.668988228e+00 5.629780769e+00
5.466661453e+00 5.788424492e+00
6.208593369e+00 5.813830853e+00
5.636718273e+00 5.128973484e+00
5.060700893e+00 5.596588135e+00
5.237099171e+00 5.504612446e+00
4.673307419e+00 5.840889454e+00
6.332116604e+00 6.230435371e+00
5.811638355e+00 5.484812737e+00
7.089998245e+00 7.234440804e+00
6.866606712e+00 7.066289902e+00
5.091618538e+00 7.645561218e+00
6.950183868e+00 7.131845951e+00
6.989459515e+00 6.330396652e+00
7.891783237e+00 8.232129097e+00
8.355917931e+00 6.607834816e+00
6.678030014e+00 8.681671143e+00
8.735836029e+00 9.392910004e+00
8.573429108e+00 7.152128220e+00
7.463597298e+00 8.590835571e+00
8.284946442e+00 7.323216915e+00
7.372553349e+00 7.229917526e+00
7.654446602e+00 7.509524822e+00
6.972686768e+00 5.951318741e+00
6.190781116e+00 7.071597576e+00
6.974324703e+00 6.363331318e+00
5.704564095e+00 7.118240833e+00
6.590593815e+00 5.791403770e+00
6.166920662e+00 5.163902760e+00
6.381472588e+00 6.102604389e+00
6.333220005e+00 5.916925430e+00
6.168541431e+00 5.968097687e+00
5.012155056e+00 5.747844696e+00
5.125204086e+00 4.140772343e+00
5.163568020e+00 5.318641663e+00
5.900401115e+00 4.999211788e+00
5.264490128e+00 5.210989952e+00
5.770006657e+00 5.238964081e+00
5.090536594e+00 5.032711983e+00
4.295969009e+00 4.492016315e+00
4.752614498e+00 4.857431412e+00
4.117044449e+00 4.903188229e+00
5.317549229e+00 4.584818363e+00
4.526524544e+00 4.765874386e+00
4.782105446e+00 4.256952286e+00
4.754261971e+00 4.641261578e+00
3.179023981e+00 2.626102686e+00
2.446283579e+00 3.591644287e+00
2.634260893e+00 2.764361858e+00
3.106959820e+00 3.317087650e+00
3.451578617e+00 3.409442663e+00
3.498983383e+00 4.599076271e+00
4.573679447e+00 4.001980305e+00
3.960701942e+00 4.328383446e+00
5.907001972e+00 5.871104240e+00
5.437726021e+00 5.291654110e+00
5.268435001e+00 5.586866856e+00
6.079421997e+00 5.787211418e+00
5.883819103e+00 5.076250553e+00
6.895946980e+00 6.843052387e+00
6.624305725e+00 6.463092804e+00
5.965854645e+00 6.767713070e+00
6.481219292e+00 7.148977280e+00
6.143932819e+00 6.091564178e+00
6.767727375e+00 6.399353981e+00
6.754662514e+00 5.813219070e+00
5.631392479e+00 5.871901989e+00
6.243560791e+00 6.660486221e+00
5.118012905e+00 6.204909801e+00
6.871610641e+00 6.825552940e+00
5.979017735e+00 6.371026516e+00
5.274749756e+00 5.854089737e+00
6.023874283e+00 6.589251995e+00
6.629514694e+00 6.522410870e+00
7.478590965e+00 7.089080334e+00
7.198953629e+00 6.328687668e+00
6.295808792e+00 8.393223763e+00
7.919023991e+00 8.946874619e+00
8.525131226e+00 8.053050995e+00
7.814390182e+00 7.861467361e+00
8.762626648e+00 7.667361259e+00
7.080909729e+00 7.976404190e+00
7.881214142e+00 8.253794670e+00
7.564295769e+00 7.081280231e+00
6.887279034e+00 7.157442570e+00
7.622227669e+00 6.448898315e+00
6.772997856e+00 5.992190361e+00
6.235630512e+00 7.040098190e+00
6.120601177e+00 5.695223808e+00
5.243024349e+00 5.455800056e+00
5.991873741e+00 5.439032078e+00
4.866805077e+00 4.151636600e+00
4.963744640e+00 5.397992134e+00
5.015700817e+00 4.424408913e+00
4.659803867e+00 5.021519184e+00
4.289146423e+00 4.594869137e+00
4.882456779e+00 3.792285919e+00
5.039311886e+00 4.084710598e+00
4.049508572e+00 3.578022003e+00
5.617415905e+00 4.742946625e+00
4.282912254e+00 5.291057587e+00
4.549321175e+00 5.397288322e+00
6.155338764e+00 6.023154259e+00
4.629006386e+00 4.950109959e+00
5.235586166e+00 4.540344715e+00
4.993651390e+00 5.201759815e+00
3.911508799e+00 2.563086748e+00
4.240348339e+00 4.237810612e+00
2.714995146e+00 3.577324152e+00
3.656352520e+00 2.926960230e+00
3.451967001e+00 3.326038599e+00
3.059689999e+00 4.169931889e+00
4.770372391e+00 4.204717636e+00
3.764771938e+00 4.227493286e+00
4.784513474e+00 5.065464973e+00
5.100056171e+00 4.854978561e+00
4.911019802e+00 5.528026104e+00
5.290881157e+00 4.909776688e+00
4.984927177e+00 4.482646942e+00
5.620490551e+00 5.421231270e+00
6.219966888e+00 5.450121880e+00
4.988584995e+00 6.237637997e+00
6.096369743e+00 5.689112663e+00
5.745699406e+00 4.901784897e+00
4.790329933e+00 5.802040577e+00
6.326250553e+00 6.059933662e+00
5.169758797e+00 5.928505421e+00
6.031667709e+00 6.463080406e+00
5.415060043e+00 5.583001614e+00
6.524129868e+00 5.600431442e+00
7.141559124e+00 5.855663776e+00
4.704770088e+00 6.137285709e+00
5.193718433e+00 6.526329041e+00
5.515451908e+00 5.445633411e+00
6.667886257e+00 6.570003986e+00
7.181213379e+00 5.864085674e+00
5.866791248e+00 7.032677650e+00
7.319005489e+00 7.265511990e+00
7.562948704e+00 7.364305019e+00
7.551218510e+00 8.283560753e+00
7.426082134e+00 7.375290871e+00
7.627676964e+00 7.455813885e+00
7.940545559e+00 7.673260212e+00
7.518598080e+00 7.365825653e+00
6.171343327e+00 7.192104340e+00
7.267356873e+00 6.635417938e+00
5.939226627e+00 6.538167477e+00
7.017528057e+00 7.020654678e+00
6.746963978e+00 5.856724262e+00
5.827483177e+00 5.960709572e+00
6.432907581e+00 5.913090706e+00
4.965175629e+00 6.224801540e+00
5.769064426e+00 4.901932240e+00
5.513844013e+00 4.313041687e+00
5.113513470e+00 5.696034908e+00
5.522212982e+00 4.769827843e+00
4.886049747e+00 5.916873455e+00
4.626891613e+00 5.210643291e+00
4.567328453e+00 3.477357388e+00
4.784706116e+00 5.139986515e+00
6.234898090e+00 4.842958450e+00
5.202136517e+00 5.627271652e+00
6.231465816e+00 5.567067146e+00
5.593982220e+00 3.990919590e+00
4.529509068e+00 5.095950127e+00
4.214856625e+00 5.521335125e+00
5.032814503e+00 3.444993258e+00
3.831953526e+00 4.265246391e+00
2.638110876e+00 2.630925894e+00
4.326569557e+00 3.845635414e+00
3.087405920e+00 4.133169651e+00
3.512060881e+00 4.742973804e+00
4.715689659e+00 4.481152058e+00
3.729452848e+00 3.725021839e+00
5.764293194e+00 5.940241814e+00
6.446911812e+00 5.514432430e+00
5.186672211e+00 5.949244976e+00
6.310026646e+00 6.226521969e+00
5.580869198e+00 4.919276714e+00
5.996690750e+00 6.597840309e+00
6.524862289e+00 5.758465767e+00
5.924802780e+00 6.201267242e+00
6.166760921e+00 6.135966778e+00
5.833897591e+00 5.103441238e+00
6.637623787e+00 6.386605740e+00
6.032912254e+00 5.904278755e+00
5.365592957e+00 5.623534679e+00
7.414454937e+00 6.264065742e+00
5.614692211e+00 6.198359013e+00
6.754974365e+00 7.474070072e+00
6.921574116e+00 7.235439777e+00
6.163567543e+00 5.610405445e+00
6.824882984e+00 6.911458492e+00
6.315037727e+00 5.986360073e+00
7.231588364e+00 7.626771450e+00
7.651665688e+00 6.953332901e+00
5.420983791e+00 7.755297184e+00
7.484580517e+00 7.516196251e+00
7.506189823e+00 6.402364254e+00
8.334207535e+00 7.769900799e+00
7.559920788e+00 6.936557293e+00
6.187887192e+00 7.196742058e+00
6.866200924e+00 7.542344093e+00
6.437482357e+00 6.200622082e+00
7.154221058e+00 6.688940525e+00
7.518713951e+00 6.375585079e+00
5.698040962e+00 6.654103756e+00
7.064450264e+00 6.580366611e+00
6.236734867e+00 5.900250435e+00
6.150894642e+00 6.764413834e+00
5.195530415e+00 5.859486580e+00
5.675498009e+00 5.518690109e+00
5.822825909e+00 5.709123135e+00
5.480205059e+00 5.351001263e+00
5.906529427e+00 6.622533321e+00
6.428573608e+00 5.455320358e+00
4.595596790e+00 5.715865612e+00
6.070121288e+00 6.286508083e+00
5.884402752e+00 5.364805698e+00
5.312895298e+00 6.662900925e+00
6.617035866e+00 5.072155476e+00
5.516455173e+00 7.619267941e+00
6.608802795e+00 6.375447750e+00
6.889863491e+00 5.297255993e+00
5.010454655e+00 5.788860798e+00
5.342105865e+00 4.844613552e+00
4.748875141e+00 3.527291536e+00
4.304388523e+00 4.404522419e+00
3.414162636e+00 3.656897068e+00
4.369210720e+00 4.778853893e+00
3.755710840e+00 4.008124828e+00
4.079948425e+00 5.432256222e+00
5.012012005e+00 4.764696121e+00
4.647976398e+00 3.904810667e+00
5.681493759e+00 6.771661758e+00
6.820319176e+00 5.332209587e+00
5.608565807e+00 6.448242664e+00
7.087814331e+00 6.543485641e+00
6.544896603e+00 4.989979267e+00
5.925649166e+00 5.791395187e+00
6.264166355e+00 5.745279789e+00
5.258703709e+00 5.727860451e+00
5.933924198e+00 6.275846958e+00
5.461064339e+00 4.355696678e+00
6.226806164e+00 5.668319225e+00
6.485578537e+00 6.237870216e+00
5.257977962e+00 5.688152313e+00
6.229007721e+00 5.586784840e+00
4.934717178e+00 4.518720150e+00
6.487285137e+00 5.886910915e+00
5.141050339e+00 6.022363186e+00
5.567558765e+00 5.911011696e+00
6.745928288e+00 5.820488453e+00
5.219975471e+00 4.826431274e+00
7.752516270e+00 6.654582500e+00
6.123907566e+00 6.806813717e+00
5.613213539e+00 7.541347980e+00
7.529409409e+00 7.760302544e+00
6.083045483e+00 6.424446583e+00
7.122593880e+00 6.243906975e+00
7.483472347e+00 6.614953041e+00
5.766427994e+00 5.627603531e+00
5.751656532e+00 7.272967815e+00
5.575839520e+00 5.388884544e+00
5.425671577e+00 5.890341759e+00
6.155507088e+00 5.451864719e+00
5.493050575e+00 5.658975601e+00
6.392559528e+00 5.576253891e+00
6.095482826e+00 5.484300613e+00
5.431332111e+00 4.882092953e+00
4.577641487e+00 5.345338345e+00
4.705736637e+00 5.600095749e+00
5.925747395e+00 6.496510506e+00
4.963662148e+00 5.157574654e+00
6.890801430e+00 7.049721718e+00
6.531769276e+00 6.651615620e+00
5.271203041e+00 5.978120327e+00
7.323803902e+00 6.416149139e+00
6.276434898e+00 5.974425793e+00
6.048660755e+00 6.396922112e+00
6.258547306e+00 5.595774174e+00
4.979799271e+00 7.550569534e+00
7.632773876e+00 7.759800434e+00
7.333952427e+00 6.040165901e+00
5.319927216e+00 4.868412018e+00
6.291589737e+00 5.523034096e+00
3.724849939e+00 3.685067654e+00
3.805189610e+00 4.533998013e+00
3.087709904e+00 3.584393740e+00
3.899546862e+00 3.366440058e+00
3.735530376e+00 3.290982246e+00
3.208545923e+00 4.332477570e+00
4.360845089e+00 4.805889606e+00
4.599024773e+00 3.969994307e+00
5.861964226e+00 5.399861813e+00
5.795460224e+00 4.931130886e+00
5.037134171e+00 5.813854218e+00
5.433735847e+00 5.793940067e+00
5.029694557e+00 4.738712788e+00
5.097437859e+00 5.026723385e+00
5.501312733e+00 5.328807354e+00
5.241808414e+00 5.285780907e+00
4.965276241e+00 4.666895390e+00
4.553949356e+00 4.456561089e+00
5.356652260e+00 5.108908653e+00
5.766616821e+00 5.177793503e+00
5.557054520e+00 5.967318058e+00
4.544770718e+00 5.374729156e+00
4.800170422e+00 4.271618843e+00
4.123731613e+00 4.679562569e+00
5.634285927e+00 4.687016964e+00
5.548839569e+00 4.900992870e+00
4.615397453e+00 5.077023983e+00
4.706420422e+00 4.389917850e+00
4.999893665e+00 6.295094013e+00
5.480383396e+00 5.804776192e+00
6.139332771e+00 6.104190826e+00
6.561422348e+00 6.218587875e+00
6.348858356e+00 5.597060204e+00
6.069100857e+00 6.644046307e+00
6.577232361e+00 6.177464485e+00
5.967379570e+00 5.826716900e+00
6.555333614e+00 6.424942970e+00
5.649182796e+00 4.963006973e+00
5.723040104e+00 6.378257275e+00
6.202691078e+00 5.541615486e+00
5.079427719e+00 7.162622929e+00
5.994608879e+00 6.271195889e+00
6.078149796e+00 5.167405605e+00
5.543468475e+00 6.084143162e+00
6.383049965e+00 5.780447006e+00
5.645849705e+00 6.233015537e+00
6.220798016e+00 6.259402275e+00
5.707004070e+00 6.311573505e+00
7.023106098e+00 7.937500954e+00
7.605727673e+00 6.806727886e+00
6.430565357e+00 6.633722305e+00
6.695081234e+00 6.410110950e+00
6.941292286e+00 5.671983719e+00
6.481098175e+00 6.857961178e+00
6.896869183e+00 5.533284187e+00
6.447506905e+00 6.887138844e+00
6.882674694e+00 7.567588329e+00
6.794958115e+00 5.912187576e+00
5.971328735e+00 5.441682339e+00
5.676651478e+00 5.963871002e+00
4.630382061e+00 3.032839298e+00
4.142141819e+00 4.384488106e+00
3.051856279e+00 4.031446934e+00
4.215458393e+00 3.352310658e+00
4.230340481e+00 4.107269764e+00
3.826673746e+00 4.614989758e+00
4.902988911e+00 4.957684517e+00
4.082468987e+00 4.703963280e+00
4.903051853e+00 6.192186832e+00
6.206902981e+00 5.427154064e+00
5.569718361e+00 5.631430149e+00
5.720746040e+00 5.487596989e+00
5.800632954e+00 4.927136421e+00
4.229328632e+00 5.264112949e+00
5.662158012e+00 5.107008457e+00
5.051779747e+00 5.047447681e+00
5.289324760e+00 4.958565712e+00
4.949457169e+00 4.173336983e+00
4.429916382e+00 5.280284405e+00
5.284074306e+00 4.644834042e+00
4.682684422e+00 5.433917999e+00
5.322268009e+00 5.976105690e+00
5.654561520e+00 4.517923355e+00
5.180438042e+00 5.608555794e+00
5.808678627e+00 5.288021564e+00
4.493021011e+00 6.122025013e+00
5.757329941e+00 5.772545338e+00
5.164707661e+00 5.636797428e+00
5.892760277e+00 6.152584076e+00
6.292965412e+00 5.294907570e+00
5.045794964e+00 6.406652451e+00
6.404181004e+00 6.126011372e+00
6.696313858e+00 5.638069153e+00
6.066926956e+00 7.373876572e+00
5.942527294e+00 6.428737640e+00
5.679528713e+00 6.092427254e+00
6.591929436e+00 5.917730331e+00
6.421124935e+00 5.601567268e+00
7.299735546e+00 7.382899284e+00
7.358980179e+00 6.035756588e+00
5.800937653e+00 7.770118237e+00
7.965860844e+00 8.371639252e+00
7.454218864e+00 6.387830257e+00
7.139231205e+00 6.943016052e+00
7.023889542e+00 6.795280933e+00
5.332912922e+00 6.127750397e+00
8.106284142e+00 7.975892544e+00
6.429008484e+00 6.586517334e+00
8.965703964e+00 8.031311035e+00
8.191814423e+00 7.766975880e+00
6.446402073e+00 6.946052551e+00
6.710628986e+00 8.222987175e+00
6.664135456e+00 6.261782169e+00
5.780912399e+00 6.852490902e+00
7.431052685e+00 6.141974926e+00
5.624757767e+00 6.301902294e+00
6.992595196e+00 6.193865776e+00
6.585361958e+00 6.242069244e+00
4.915522575e+00 5.378808022e+00
4.972338676e+00 5.391743660e+00
4.453775883e+00 3.181700706e+00
3.070084333e+00 3.497491598e+00
3.028292418e+00 2.424560070e+00
3.485664129e+00 4.333725452e+00
4.020940304e+00 4.240984917e+00
3.829604864e+00 5.082615376e+00
5.677081585e+00 4.482201099e+00
5.214649677e+00 4.197000027e+00
6.681672096e+00 6.652549267e+00
6.067524910e+00 5.651382923e+00
5.539422035e+00 6.370622158e+00
6.041455269e+00 6.565045834e+00
5.800111771e+00 4.772717476e+00
6.069566250e+00 5.904165745e+00
5.529144287e+00 5.400146008e+00
4.326416492e+00 5.613175869e+00
6.191436291e+00 5.801455021e+00
5.298618793e+00 4.779273510e+00
5.659367085e+00 5.372516155e+00
5.080964088e+00 5.094246864e+00
4.395591736e+00 5.676795959e+00
5.764819145e+00 5.570045948e+00
4.965489388e+00 4.859393120e+00
5.915038586e+00 5.854290485e+00
5.484446049e+00 5.721262455e+00
4.065256119e+00 5.706812382e+00
6.251842022e+00 6.086378574e+00
5.648742199e+00 5.313844204e+00
6.707309246e+00 5.670008183e+00
7.174425125e+00 5.816316605e+00
5.004981995e+00 7.597960949e+00
6.397662163e+00 7.363403797e+00
6.269575119e+00 6.229545593e+00
6.454134464e+00 5.830998421e+00
6.612032890e+00 5.355358601e+00
4.978437901e+00 5.849581242e+00
6.735941887e+00 5.438618660e+00
5.778242111e+00 5.885471821e+00
6.434832573e+00 7.946340561e+00
6.139063358e+00 6.598699093e+00
6.931680202e+00 7.300964355e+00
8.230103493e+00 7.332638264e+00
7.617629528e+00 6.966738224e+00
8.098227501e+00 8.218385696e+00
8.141913414e+00 8.131003380e+00
6.453554630e+00 8.703441620e+00
8.850608826e+00 8.817953110e+00
7.275596142e+00 6.809442520e+00
8.426338196e+00 9.518300056e+00
9.762761116e+00 8.256127357e+00
7.849243641e+00 7.967555046e+00
8.884648323e+00 8.445631027e+00
8.496617317e+00 6.654868603e+00
7.374753475e+00 7.973514080e+00
7.681667805e+00 7.171002388e+00
6.878528118e+00 7.999903679e+00
8.719887733e+00 7.528715611e+00
6.925074577e+00 6.373324394e+00
5.736607552e+00 5.531881809e+00
5.803399563e+00 5.733459949e+00
4.518435955e+00 3.772818089e+00
4.142974854e+00 4.948819637e+00
3.253694057e+00 3.369199753e+00
4.073181152e+00 2.752691984e+00
2.558828354e+00 3.218015909e+00
3.025438547e+00 5.314170837e+00
4.477891922e+00 4.595573902e+00
3.715398073e+00 4.091356277e+00
5.622210979e+00 5.425314426e+00
5.292354584e+00 5.128535748e+00
4.915850639e+00 4.809184074e+00
5.410721779e+00 5.353525162e+00
5.007226467e+00 5.270268917e+00
5.287397861e+00 5.079080105e+00
5.572170258e+00 5.116170406e+00
4.766920567e+00 5.683535099e+00
5.756975651e+00 5.524668217e+00
4.916184902e+00 4.502586842e+00
4.924252987e+00 5.930970669e+00
5.116743088e+00 5.529475689e+00
5.151563168e+00 5.312843323e+00
6.214600086e+00 5.335909367e+00
4.974234104e+00 5.326366425e+00
6.292550564e+00 5.823639393e+00
5.925122261e+00 5.227290630e+00
4.916212082e+00 5.228073597e+00
5.794133186e+00 6.311856747e+00
5.036863804e+00 4.465893269e+00
6.011781693e+00 7.080939770e+00
6.042357922e+00 6.246401310e+00
5.856894016e+00 5.397438526e+00
7.043399334e+00 6.358940601e+00
6.520482063e+00 6.059072495e+00
6.588502884e+00 6.332085133e+00
7.001275539e+00 6.481749058e+00
5.506011486e+00 7.076043129e+00
6.376884460e+00 7.509453773e+00
5.988042831e+00 5.731925488e+00
7.079719067e+00 6.816249371e+00
7.663936138e+00 6.193051815e+00
5.890859127e+00 7.110597134e+00
6.727149487e+00 6.795760632e+00
6.627574921e+00 6.406056881e+00
7.156903267e+00 7.437708855e+00
7.265542507e+00 7.086374283e+00
6.762691498e+00 7.115735054e+00
7.621645927e+00 7.535520554e+00
7.147448063e+00 6.775283337e+00
7.876178741e+00 8.328465462e+00
7.493885517e+00 7.516823292e+00
7.203900814e+00 7.355248451e+00
6.837134838e+00 7.336230278e+00
7.343075752e+00 6.155013561e+00
7.727981091e+00 7.822961330e+00
6.985692978e+00 6.636076927e+00
6.390946388e+00 7.046668530e+00
7.317083836e+00 7.588583946e+00
7.117619514e+00 5.965532303e+00
5.697520256e+00 5.351681232e+00
6.098029613e+00 5.650866032e+00
4.943316460e+00 3.555468321e+00
4.557749271e+00 4.822284222e+00
3.187108278e+00 3.334151268e+00
3.236643076e+00 3.418254137e+00
3.475342751e+00 3.486980438e+00
3.568290949e+00 4.875391960e+00
4.862227917e+00 4.646029472e+00
3.685843706e+00 4.378537655e+00
4.336521626e+00 4.631293297e+00
5.837558746e+00 4.857470036e+00
4.331350803e+00 4.635507107e+00
4.843348980e+00 4.948858738e+00
4.563515186e+00 3.940073252e+00
4.504757881e+00 5.449553967e+00
4.737352848e+00 4.542332649e+00
4.736030102e+00 5.077281475e+00
4.536962509e+00 5.107577801e+00
5.219513893e+00 4.523822784e+00
5.421114922e+00 5.489653587e+00
5.092483044e+00 5.227445126e+00
4.496768475e+00 5.408610821e+00
6.187006950e+00 5.885277271e+00
5.773205757e+00 5.281435013e+00
5.772469521e+00 6.625634670e+00
6.512363911e+00 5.915067196e+00
5.477870464e+00 6.313141823e+00
6.648763657e+00 6.611964703e+00
6.465060711e+00 5.038311481e+00
6.744790077e+00 6.802384377e+00
6.394505978e+00 5.815563202e+00
5.516458988e+00 6.579962254e+00
6.436986923e+00 5.899241447e+00
5.604575157e+00 4.421516418e+00
6.842249870e+00 6.559477329e+00
6.577393055e+00 6.608603954e+00
5.847935200e+00 7.314704418e+00
7.767407894e+00 8.217572212e+00
6.818049908e+00 6.487682819e+00
7.743531227e+00 7.473877430e+00
8.641134262e+00 7.605464458e+00
7.076719761e+00 7.129527092e+00
7.422291756e+00 8.615714073e+00
7.029248714e+00 7.139842987e+00
7.106384754e+00 7.113768101e+00
7.658235550e+00 6.746033669e+00
6.227910995e+00 7.257483959e+00
7.086938858e+00 7.899554729e+00
7.114855766e+00 6.678512096e+00
6.847246647e+00 6.261210442e+00
6.783690929e+00 6.306190014e+00
6.113185406e+00 6.177615166e+00
6.399289608e+00 6.461276531e+00
5.880320549e+00 6.605816841e+00
5.960872173e+00 5.764097214e+00
6.868195057e+00 6.067821980e+00
6.149018764e+00 7.095082283e+00
6.880480766e+00 6.638226986e+00
6.613385201e+00 6.011822701e+00
4.634825230e+00 5.937155247e+00
4.906027317e+00 5.534246922e+00
5.910511494e+00 3.229518175e+00
4.331700325e+00 4.305667400e+00
3.413531542e+00 3.646245718e+00
3.431173086e+00 3.397697210e+00
2.534614086e+00 3.275016308e+00
3.126554966e+00 4.083880901e+00
4.120032310e+00 4.584515095e+00
4.047786713e+00 3.451402903e+00
5.604268551e+00 5.135914326e+00
5.391324997e+00 5.280495167e+00
4.181912422e+00 5.755157471e+00
5.578967094e+00 6.152713776e+00
5.118837357e+00 5.127842903e+00
5.319545746e+00 4.943979263e+00
5.367705345e+00 4.453942299e+00
3.863154411e+00 5.445781708e+00
4.704642773e+00 5.550289154e+00
5.077963352e+00 4.971339226e+00
5.943749428e+00 5.289684296e+00
6.105494499e+00 5.167694569e+00
4.711871624e+00 6.096080303e+00
6.082123280e+00 5.733179092e+00
5.787756920e+00 5.841058254e+00
6.114498615e+00 6.968016624e+00
5.877236843e+00 5.931293488e+00
6.506789207e+00 7.111368656e+00
7.657494068e+00 6.585971355e+00
7.174469948e+00 6.578990936e+00
7.075726032e+00 7.304242134e+00
7.649745941e+00 6.614891052e+00
6.463672161e+00 6.482104301e+00
6.478642941e+00 7.883348465e+00
6.186691761e+00 5.293910027e+00
5.980784416e+00 6.750720024e+00
6.785457134e+00 6.261340141e+00
6.170834064e+00 6.786670208e+00
7.535037994e+00 6.433030605e+00
6.326895237e+00 5.805571079e+00
7.030575752e+00 7.669250488e+00
6.647715092e+00 7.655931473e+00
6.615227222e+00 7.708817959e+00
7.948073387e+00 7.518834114e+00
7.137372494e+00 6.705989361e+00
7.374763489e+00 7.563416958e+00
8.981269836e+00 7.161201000e+00
6.159273624e+00 8.063496590e+00
7.839630604e+00 8.367937088e+00
7.578618050e+00 6.543472290e+00
6.993029594e+00 7.704566479e+00
7.547117233e+00 7.032792091e+00
6.364831448e+00 5.931693077e+00
5.523056507e+00 6.779925346e+00
5.939018726e+00 5.419016838e+00
6.666791916e+00 7.349423885e+00
7.599303246e+00 6.106909752e+00
5.902693272e+00 7.701879978e+00
7.021545410e+00 7.205159664e+00
7.687773228e+00 6.251382828e+00
4.575931549e+00 4.854216576e+00
5.301331043e+00 4.509753227e+00
4.102747917e+00 4.100486279e+00
4.017490864e+00 4.422157764e+00
3.642530203e+00 3.499040604e+00
3.438042402e+00 3.086634636e+00
3.368275642e+00 2.868265390e+00
3.020033598e+00 4.547701836e+00
4.207772255e+00 3.877377510e+00
3.614349842e+00 4.093884945e+00
4.307037830e+00 5.053863049e+00
4.695330620e+00 4.351864815e+00
4.574874401e+00 4.640746117e+00
5.581329346e+00 4.767425537e+00
4.902692795e+00 4.436185360e+00
4.759002686e+00 4.943844318e+00
5.054727077e+00 5.179448605e+00
4.402352810e+00 4.614028931e+00
5.542093754e+00 5.684647560e+00
4.969659805e+00 5.186594009e+00
6.596585751e+00 6.292593956e+00
6.375812531e+00 6.016996861e+00
5.085984707e+00 6.588782310e+00
5.974484444e+00 6.800554752e+00
6.058364868e+00 5.353858948e+00
6.232372761e+00 6.827229023e+00
7.168442249e+00 5.980795383e+00
5.602407455e+00 7.462472916e+00
7.892125130e+00 7.263502121e+00
7.286027908e+00 6.946454048e+00
6.697964191e+00 7.838538170e+00
7.342716217e+00 6.822161198e+00
6.526741505e+00 7.102122307e+00
7.394814014e+00 7.205340385e+00
7.269092083e+00 6.038909912e+00
7.049829006e+00 8.082778931e+00
7.656731606e+00 6.792800426e+00
6.366079807e+00 7.883008480e+00
7.967945576e+00 7.803523064e+00
7.220348835e+00 6.190485954e+00
7.901793003e+00 7.755411625e+00
7.308835983e+00 7.388401508e+00
6.847385406e+00 7.127900600e+00
8.548810959e+00 7.720216274e+00
6.969920158e+00 6.524278641e+00
7.810562134e+00 8.616336823e+00
7.174866199e+00 7.442203045e+00
6.794847012e+00 7.851522923e+00
8.513137817e+00 7.837138176e+00
7.198870659e+00 7.174026966e+00
7.094598293e+00 6.945998669e+00
7.064577579e+00 6.478044510e+00
4.654007912e+00 5.820960522e+00
6.256038189e+00 6.442550659e+00
5.914544106e+00 5.590819836e+00
7.261991501e+00 7.471570492e+00
7.028623104e+00 6.351741314e+00
5.795056343e+00 7.452440739e+00
6.718490124e+00 7.134313583e+00
7.076255322e+00 6.397428036e+00
5.902408600e+00 4.927533150e+00
6.211999416e+00 4.861751080e+00
4.198364735e+00 3.685079098e+00
4.373153210e+00 5.304194927e+00
3.652058363e+00 4.278987885e+00
2.903812647e+00 2.239830017e+00
2.730193615e+00 3.040187120e+00
2.011823654e+00 2.631750345e+00
2.818083525e+00 3.099204063e+00
3.040858030e+00 2.806240559e+00
3.921247482e+00 3.246153116e+00
3.798137188e+00 3.177310705e+00
3.098743200e+00 4.358945847e+00
3.000182390e+00 4.163812637e+00
3.410869122e+00 3.023539543e+00
4.253042698e+00 3.284106255e+00
3.328206062e+00 3.580806255e+00
3.072609425e+00 3.374635935e+00
3.625105858e+00 2.947826624e+00
3.243813753e+00 3.599893808e+00
5.000144482e+00 4.738060474e+00
4.313538074e+00 4.662187576e+00
4.473200798e+00 5.723960400e+00
4.637391567e+00 5.601664066e+00
5.453563213e+00 4.534024239e+00
6.639197826e+00 4.603337765e+00
6.475110054e+00 5.210289478e+00
4.940177917e+00 6.875898838e+00
6.050501823e+00 7.413393021e+00
5.695534229e+00 6.066665649e+00
5.949145794e+00 5.566290855e+00
5.743010998e+00 6.080622673e+00
5.367883205e+00 5.624505520e+00
5.296152115e+00 5.371764660e+00
5.494394779e+00 6.097133636e+00
6.464466095e+00 5.909918308e+00
6.162049770e+00 5.460632324e+00
4.969180584e+00 6.866636276e+00
5.200676441e+00 6.665353775e+00
6.489401817e+00 5.634206295e+00
6.167623043e+00 5.559652328e+00
6.806891918e+00 5.558373451e+00
5.724323273e+00 6.299832344e+00
5.532358170e+00 5.933398724e+00
5.907816887e+00 5.071762562e+00
5.647534847e+00 5.329811573e+00
5.554913998e+00 5.393357754e+00
5.667848587e+00 5.726904869e+00
5.648877621e+00 5.927644730e+00
5.164984703e+00 5.009387493e+00
5.520700455e+00 3.756389141e+00
5.418256760e+00 5.268719196e+00
4.171339989e+00 4.177904606e+00
3.864648819e+00 4.789145470e+00
3.431990385e+00 4.045387268e+00
5.003715992e+00 4.321732044e+00
4.579726696e+00 4.247142315e+00
4.233564377e+00 4.259793282e+00
4.442025661e+00 4.389060974e+00
4.861307144e+00 4.555218220e+00
3.561608315e+00 3.277399302e+00
3.698291063e+00 4.271586895e+00
3.488329411e+00 2.848694324e+00
3.184249878e+00 3.391360521e+00
2.559179068e+00 3.023218870e+00
2.656938791e+00 1.628810763e+00
2.008369207e+00 2.178954840e+00
2.065486431e+00 2.649244547e+00
1.905061960e+00 2.304767132e+00
2.076592445e+00 2.192351818e+00
2.539631367e+00 2.402114868e+00
3.146861553e+00 2.296399832e+00
3.043359041e+00 2.844689369e+00
3.018239498e+00 3.218500376e+00
3.105278254e+00 3.417043686e+00
2.280635834e+00 1.947120667e+00
2.891703844e+00 2.946722031e+00
2.985284328e+00 2.766311884e+00
1.717851043e+00 2.751078606e+00
1.934352875e+00 2.367604256e+00
3.248954058e+00 2.552785873e+00
3.371268272e+00 2.634037256e+00
3.348586798e+00 2.951624155e+00
2.780542850e+00 3.311976194e+00
3.278129578e+00 3.475020885e+00
3.442976236e+00 3.559262753e+00
3.844283581e+00 3.706899405e+00
4.411852837e+00 4.619424820e+00
3.979271412e+00 5.022148132e+00
4.407422543e+00 4.583728790e+00
4.556786537e+00 3.106930494e+00
4.721307755e+00 4.499122143e+00
4.236305237e+00 3.687807083e+00
3.680455923e+00 4.698468685e+00
3.236684322e+00 4.968310833e+00
4.283630371e+00 3.761449337e+00
4.520419121e+00 4.106631279e+00
4.339845181e+00 3.963243008e+00
3.672626257e+00 4.524981499e+00
4.598916531e+00 5.272347927e+00
4.287101269e+00 3.848068476e+00
4.712412357e+00 4.051019669e+00
4.468123436e+00 4.815500736e+00
3.537952423e+00 4.846086979e+00
4.636412144e+00 4.722222328e+00
4.215634823e+00 3.850478411e+00
5.178972244e+00 3.822023630e+00
5.254857540e+00 3.621090889e+00
3.495080709e+00 4.651208401e+00
3.939785480e+00 4.393146515e+00
2.919467926e+00 3.462151051e+00
3.453948736e+00 4.167380333e+00
4.398190975e+00 2.038954973e+00
2.725814581e+00 2.723181486e+00
2.817012787e+00 3.093788862e+00
3.677073240e+00 2.925271749e+00
3.810511827e+00 3.458498716e+00
3.713417768e+00 3.624341011e+00
2.393769741e+00 3.407805204e+00
3.281263351e+00 2.786594152e+00
2.601469278e+00 2.189969540e+00
2.268678665e+00 2.508543015e+00
2.819492340e+00 1.831732512e+00
2.050834894e+00 1.847935319e+00
1.541813135e+00 2.125856161e+00
