4.881352186e-02 2.151893377e-01
1.027633548e-01 4.488319159e-02
-7.634520531e-02 1.458941102e-01
-6.241279840e-02 3.917729855e-01
4.636627436e-01 -1.165584922e-01
2.917250395e-01 2.889490128e-02
6.804454327e-02 4.255966544e-01
-4.289639592e-01 -4.128707051e-01
-4.797815979e-01 3.326198459e-01
2.781567574e-01 3.700121641e-01
4.786183238e-01 2.991585732e-01
-3.852063417e-02 2.805292010e-01
-3.817255795e-01 1.399210095e-01
-3.566467166e-01 4.446688890e-01
2.184832096e-02 -8.533805609e-02
-2.354443967e-01 2.742336988e-01
-4.384967685e-02 6.843394041e-02
-4.812102020e-01 1.176354885e-01
1.120957136e-01 1.169340014e-01
4.437480569e-01 1.818202734e-01
-1.404921114e-01 -6.296804547e-02
1.976311803e-01 -4.397745132e-01
1.667667031e-01 1.706378460e-01
-2.896174192e-01 -3.710737228e-01
-1.845716536e-01 -1.362892389e-01
7.019674778e-02 -6.139847636e-02
4.883738160e-01 -3.979551792e-01
-2.911232412e-01 -3.386904895e-01
1.531082988e-01 -2.467083931e-01
-3.368923068e-02 -2.555744052e-01
-3.410304189e-01 -3.896248639e-01
1.563295722e-01 -3.618170619e-01
-3.034176230e-01 -1.312748194e-01
3.209932446e-01 -4.028987288e-01
3.379449248e-01 -4.039015770e-01
4.764594436e-01 -3.134879470e-02
4.767611027e-01 1.048455238e-01
2.392635942e-01 -4.608122110e-01
-2.171930373e-01 -3.798034489e-01
-2.038598061e-01 -3.812722862e-01
-1.820168197e-01 -8.573701978e-02
-4.358524978e-01 1.924721003e-01
6.660145521e-02 -2.346104980e-01
2.324807644e-02 -4.060595036e-01
7.594650984e-02 4.292961955e-01
-1.814310551e-01 1.674103737e-01
-3.682021499e-01 2.163271904e-01
-2.105939090e-01 -3.168086410e-01
8.651292324e-02 -4.798924625e-01
3.289400339e-01 -4.953045249e-01
1.778165102e-01 -2.299920321e-01
2.351940274e-01 4.621885419e-01
-2.512468696e-01 7.615733147e-02
9.204190969e-02 7.225191593e-02
-2.769183517e-01 4.527490139e-01
-5.287462473e-02 3.464086652e-01
1.994792819e-01 -2.025630474e-01
3.137978315e-01 -1.034942567e-01
3.811032176e-01 8.127290010e-02
3.817353845e-01 1.925315857e-01
2.252542973e-01 1.324355602e-03
4.560836554e-01 1.439902186e-01
-7.614496350e-02 1.063932180e-01
-4.808067977e-01 -1.984251738e-01
1.601735353e-01 -2.099224031e-01
1.180154085e-01 -7.123130560e-02
-3.645259142e-01 -2.017176747e-01
6.996488571e-02 9.087276459e-02
7.432526350e-02 1.532008052e-01
1.521032453e-01 -6.858155131e-02
3.965466022e-01 -1.324381232e-01
-6.413507462e-02 3.919233680e-01
3.061940074e-01 2.038885951e-01
-3.997731209e-01 4.194825888e-01
2.142413259e-01 4.988470078e-01
-3.505516946e-01 3.681260347e-01
-3.375070691e-01 1.155595779e-01
-3.761800230e-01 3.480082154e-01
3.073189855e-01 6.910073757e-02
-9.281671047e-02 -4.308330119e-01
1.974287629e-01 -4.645732045e-02
2.220556140e-01 3.663823009e-01
4.755215049e-01 3.558033705e-01
-4.882859290e-01 -1.400219500e-01
2.299905419e-01 -3.283703327e-01
2.103662491e-02 -4.456620216e-01
-3.000034690e-01 -4.814782143e-01
2.936977148e-01 -2.760753036e-01
-1.546483338e-01 4.280812740e-01
2.044144273e-01 -4.681610763e-01
-3.353058398e-01 1.214783788e-01
7.722860575e-02 -2.621071935e-01
4.342139959e-01 1.139659286e-01
3.563278913e-02 8.990997076e-02
2.301220298e-01 -1.880550086e-01
-1.017789245e-01 -2.901562452e-01
-3.138070107e-01 4.443724155e-01
2.395507693e-01 -9.541183710e-03
-2.725853920e-01 -2.456435263e-01
-4.419708252e-01 -6.558337808e-02
-1.882041097e-01 1.963434815e-01
-1.222481728e-01 -3.203963041e-01
-4.753212631e-01 -4.327503741e-01
1.793927550e-01 -4.630315304e-02
3.657919168e-02 3.966712952e-01
4.903389215e-01 -2.831030190e-01
1.630781889e-01 -2.366776168e-01
-4.793489873e-01 2.583786249e-01
-1.799828410e-01 -1.165361106e-01
8.831709623e-02 3.310484290e-01
1.289818287e-01 3.726506829e-01
-2.264579535e-01 2.980468273e-01
-3.143640757e-01 4.527916312e-01
1.874882579e-01 -2.844923139e-01
4.473705888e-01 2.308558226e-01
-2.460583448e-01 -2.866880298e-01
1.820069551e-02 -4.743372798e-01
-2.925299406e-01 -7.531452179e-02
-1.258300245e-01 -3.642457724e-02
-2.223712802e-01 8.678436279e-02
3.638556004e-01 -3.824681342e-01
1.737910509e-02 -3.679319024e-01
2.168596983e-01 -1.039403081e-01
6.542128325e-02 -3.167201579e-01
-3.551522493e-01 -1.194372773e-02
-1.443872750e-01 4.404319525e-01
2.653252482e-01 2.486636043e-01
4.037197232e-01 -4.165775776e-01
5.219244957e-02 8.447605371e-02
4.619363546e-01 -2.078524828e-01
-2.591712177e-01 -3.997060657e-01
-4.835703671e-01 4.295293093e-01
1.699165702e-01 2.851529121e-01
-2.182698846e-01 8.641016483e-02
-4.360447228e-01 -1.437240839e-02
4.774951339e-01 3.765052557e-01
-1.618410349e-01 4.615701437e-01
-2.682983875e-01 4.493188262e-01
4.413776994e-01 2.992025614e-01
1.304479241e-01 3.742879629e-01
-2.069797218e-01 3.489435315e-01
1.178767085e-01 -4.867631495e-01
-1.527664959e-01 -3.518591523e-01
4.818294048e-01 -2.162969112e-02
-2.608627081e-03 1.394725442e-01
-1.314153969e-01 -3.630997241e-01
3.221177459e-01 -3.101520836e-01
1.131898165e-02 -2.756829858e-01
-4.021555185e-01 3.621914983e-01
4.729194641e-01 4.608346820e-01
4.065554738e-01 2.740473151e-01
-1.668548584e-01 -4.188986123e-01
-9.275883436e-02 -2.677658796e-01
-3.675123453e-01 -4.465728104e-01
2.255943418e-01 -4.885725379e-01
2.705807686e-01 -3.530533612e-01
-4.204779267e-01 -4.103969634e-01
1.720477939e-01 -2.546327710e-01
-7.946053147e-02 5.736881495e-02
3.605511785e-01 2.270442843e-01
-2.296721041e-01 -3.685172200e-01
-4.446256757e-01 -1.984013617e-01
-2.378818393e-01 -4.385942221e-02
1.832813621e-01 1.956254244e-01
-2.164811492e-01 -1.200730503e-01
-3.188490272e-01 2.885454893e-01
-4.431519210e-01 1.969972253e-01
2.786954045e-01 2.774075866e-01
-2.405774295e-01 -1.261868477e-01
8.759963512e-02 -2.271780968e-01
-1.291472018e-01 -3.029457331e-01
-4.014411569e-02 -4.553877115e-01
2.997958660e-01 -4.230435491e-01
1.883512735e-02 -1.931898892e-01
7.754296064e-02 4.594333172e-01
1.455702186e-01 -4.646375775e-01
-6.959757209e-02 1.001685858e-02
3.617751598e-02 1.813924909e-01
-2.224039137e-01 -3.711394370e-01
-1.073243320e-01 4.564056993e-01
-3.128691018e-01 4.039839506e-01
4.380595684e-02 -4.308858514e-02
3.820413947e-01 -4.139605165e-02
2.241676450e-01 -1.009746790e-01
4.040443897e-01 1.900250316e-01
1.996220350e-01 -1.722795963e-01
2.567786574e-01 1.360610723e-01
-2.599797249e-01 -3.394611776e-01
2.963914871e-01 4.591665864e-01
-4.186117649e-02 9.098416567e-02
3.577226400e-01 -4.277655482e-02
4.518744946e-01 7.575118542e-02
3.207671046e-01 4.088436961e-01
3.155238032e-01 -3.405855298e-01
1.288984418e-01 -1.015657485e-01
-4.372870326e-01 -7.596775889e-02
-2.413159311e-01 3.490383029e-01
-4.666953683e-01 4.589827061e-01
-1.446311474e-01 -1.432931125e-01
-4.836714864e-01 -3.147676587e-01
-9.874048829e-02 4.292914271e-01
-4.003850818e-01 4.453015327e-01
3.694885373e-01 -4.583761096e-02
-1.732991040e-01 -2.672558725e-01
1.144647002e-01 -4.669254124e-01
-4.843939245e-01 -7.120427489e-02
-4.319259226e-01 -2.480590045e-01
-2.788390815e-01 -2.468087971e-01
-3.689447641e-01 -4.879637659e-01
-3.845157027e-01 1.184802651e-01
4.742562175e-01 4.903450012e-01
-9.094589949e-02 -3.370455801e-01
1.387617588e-01 -9.694665670e-03
4.894098043e-01 -4.346957803e-01
2.832344174e-01 -2.116014957e-01
-2.585813999e-01 1.625045538e-01
-2.539368272e-01 1.658591032e-01
1.730853319e-02 -7.591101527e-02
5.468779802e-02 -2.129484713e-01
2.065746784e-01 -8.514311910e-02
-1.394544542e-01 3.286569118e-01
4.249669313e-01 -4.539926946e-01
-2.673730254e-01 -1.514806449e-01
3.149664998e-01 4.854914546e-01
4.689717293e-01 4.049483538e-01
-2.034437358e-01 4.920112491e-01
-2.505799532e-01 -3.940938413e-01
4.509525895e-01 -2.665797472e-01
1.897682548e-01 -4.416436553e-01
2.307090759e-01 3.817201853e-01
-2.275631130e-01 -1.209430993e-01
-1.257038116e-01 2.487882376e-01
-2.621927559e-01 -3.281469047e-01
-5.070835352e-02 -1.955316067e-01
3.391891122e-01 -2.622581720e-01
2.389431000e-03 4.425836205e-01
1.339976788e-01 3.672894239e-01
4.402096868e-01 2.507648468e-01
1.995750666e-01 4.679655433e-01
4.944007993e-01 -4.817831516e-02
-4.291302264e-01 -2.072059810e-01
-3.476452827e-01 -8.251363039e-02
-3.687106669e-01 1.041178107e-01
-1.171919405e-01 3.953858614e-01
4.677946568e-01 4.688489437e-02
-2.251764238e-01 9.223043919e-02
3.967611790e-01 -9.326666594e-02
5.207824707e-02 -2.283472419e-01
-4.455584288e-02 -9.828644991e-02
-2.515865564e-01 5.866408348e-03
-1.896191835e-01 -1.269651353e-01
2.497047186e-02 2.505950332e-01
-1.664925218e-01 4.241587520e-01
3.623185754e-01 -4.513097107e-01
-2.463574708e-01 -5.386447906e-02
-3.953720927e-01 -1.515240073e-01
2.400975227e-01 1.805144548e-01
1.223844290e-01 2.105283737e-01
-2.950763106e-01 -1.583018899e-01
1.762424707e-01 3.792347908e-01
4.367804527e-02 -2.173003554e-01
-4.697647393e-01 2.103368044e-01
-4.921158850e-01 -1.273209155e-01
3.053718805e-02 4.221114516e-01
-4.105054438e-01 -9.405767918e-02
-4.756867886e-01 -1.573890150e-01
1.222310662e-01 -2.209320664e-01
-2.902500629e-01 -3.842967749e-01
7.714027166e-02 1.952700019e-01
1.719571352e-01 4.488610029e-01
-4.972967803e-01 1.471966505e-01
1.003922224e-01 8.873963356e-02
4.627703428e-01 -4.831283391e-01
1.964824200e-01 3.136786222e-01
9.807169437e-03 -1.660351157e-01
2.908401489e-01 -4.027570784e-01
-5.796435475e-02 1.995235682e-02
1.939564347e-01 -4.091142714e-01
-2.722405195e-01 -8.969843388e-02
1.232946515e-01 3.869608045e-01
1.188261509e-01 -3.665385246e-01
4.805801511e-01 3.717857599e-01
2.720773220e-03 4.223479629e-01
4.138082266e-02 4.233060479e-01
3.298973441e-01 4.682863951e-01
4.197828174e-01 -4.639661908e-01
-3.252279758e-01 -1.108653247e-01
4.521427155e-01 -1.999710798e-01
