6.434618950e+00 5.506868362e+00
6.745804787e+00 5.872986794e+00
6.347500801e+00 6.367284298e+00
7.040212631e+00 6.454800606e+00
6.380485535e+00 6.776234150e+00
6.029249191e+00 5.161743164e+00
5.498907089e+00 5.183331013e+00
6.436869144e+00 6.111214161e+00
6.729383469e+00 5.700330734e+00
5.236615658e+00 5.212013721e+00
4.750024319e+00 5.957949638e+00
5.323443890e+00 6.244366646e+00
6.397205830e+00 6.069257736e+00
5.948518276e+00 6.897459507e+00
6.800286770e+00 7.199682713e+00
6.336216927e+00 7.425818443e+00
6.102079391e+00 6.782449722e+00
4.768350601e+00 5.943830013e+00
5.270155430e+00 6.399505615e+00
6.120404243e+00 6.001361847e+00
6.088822842e+00 5.077800274e+00
5.752179146e+00 5.820746422e+00
6.333052158e+00 6.776537895e+00
6.594240189e+00 6.357961655e+00
5.673593998e+00 5.080604553e+00
6.068382263e+00 5.310840607e+00
6.429703712e+00 6.720415115e+00
7.155149937e+00 6.283562660e+00
6.314438343e+00 6.541341305e+00
5.487898350e+00 5.455614567e+00
5.790306568e+00 6.390393734e+00
5.816092014e+00 6.374581814e+00
6.854049206e+00 5.540625095e+00
6.268887520e+00 4.982648373e+00
5.517867565e+00 6.083385468e+00
6.404594898e+00 6.435398579e+00
5.220510006e+00 5.346880913e+00
5.599123478e+00 6.597923279e+00
5.926697731e+00 5.674351692e+00
5.771014214e+00 6.235261440e+00
6.009688377e+00 6.192208767e+00
6.709070206e+00 5.537024021e+00
6.530263901e+00 5.932718754e+00
6.187886715e+00 6.517031193e+00
5.950839520e+00 5.542685032e+00
5.236117840e+00 5.884694576e+00
6.219660282e+00 7.308176517e+00
7.268157959e+00 8.390167236e+00
6.285019875e+00 6.112574577e+00
6.102276325e+00 5.296290398e+00
5.663394451e+00 4.898650169e+00
5.717099190e+00 4.781169891e+00
5.851117611e+00 5.536438942e+00
5.532948971e+00 5.036755562e+00
6.325088978e+00 5.840895176e+00
6.523127079e+00 5.583931446e+00
6.260909557e+00 5.317330837e+00
5.523298740e+00 6.036296844e+00
6.115196705e+00 6.202443600e+00
5.916986942e+00 6.099184990e+00
5.743512154e+00 5.718018055e+00
5.816160202e+00 5.464274406e+00
5.655160427e+00 5.599168777e+00
4.469123363e+00 4.469275951e+00
4.167565346e+00 5.590167522e+00
5.601111889e+00 6.811414242e+00
6.338353157e+00 7.172325611e+00
6.143135071e+00 5.915180683e+00
6.274828911e+00 6.107467651e+00
6.350512981e+00 6.955157280e+00
6.286558151e+00 6.960156441e+00
7.097752094e+00 8.108299255e+00
5.897771835e+00 5.407639503e+00
6.379394054e+00 4.922550201e+00
6.477019310e+00 5.277560234e+00
4.884991646e+00 4.443220139e+00
5.049313068e+00 5.071874619e+00
5.542351723e+00 5.759225845e+00
5.717020035e+00 5.865861893e+00
5.607921124e+00 6.877965450e+00
7.199536800e+00 7.027806759e+00
7.102989197e+00 6.660568237e+00
6.240830421e+00 6.308994770e+00
5.453842163e+00 5.088951588e+00
5.810956955e+00 5.490972519e+00
5.702323437e+00 4.349159718e+00
5.533150673e+00 5.236780167e+00
5.793296337e+00 4.891735554e+00
5.027265549e+00 5.274212360e+00
5.884540558e+00 5.416882515e+00
5.314845085e+00 4.783443928e+00
5.078245163e+00 6.344535828e+00
5.555102348e+00 7.479229450e+00
6.920777798e+00 6.897092342e+00
5.297474861e+00 6.312359810e+00
5.678118229e+00 6.911882401e+00
5.925218105e+00 5.155286789e+00
5.030845642e+00 4.177344799e+00
5.276749611e+00 4.558005810e+00
5.835485458e+00 4.651425838e+00
5.970276356e+00 5.590396404e+00
5.808197021e+00 5.469789505e+00
5.841365814e+00 4.749082088e+00
5.339577675e+00 5.441363811e+00
6.564666271e+00 7.116502285e+00
7.138955116e+00 6.632918358e+00
5.840573311e+00 6.411974430e+00
5.505656719e+00 6.811523914e+00
6.427474499e+00 5.315492630e+00
6.064038754e+00 4.938973904e+00
5.821629524e+00 5.653107643e+00
5.955371380e+00 5.005635738e+00
6.201303482e+00 6.540943146e+00
6.252933025e+00 6.510451317e+00
5.485641956e+00 5.249101639e+00
6.245107651e+00 6.393152237e+00
7.493906021e+00 7.976379395e+00
7.604045391e+00 6.971951485e+00
6.384528637e+00 6.061428070e+00
5.388614655e+00 6.043888569e+00
5.248949051e+00 5.651019096e+00
5.205515862e+00 4.798385620e+00
4.751158237e+00 5.291371346e+00
4.837906837e+00 5.865273476e+00
6.514842987e+00 6.292572498e+00
6.316473007e+00 5.793590546e+00
6.211596966e+00 5.580873013e+00
5.135848999e+00 5.241202354e+00
5.952460289e+00 5.594808102e+00
5.740510941e+00 5.076544285e+00
4.470090389e+00 3.993697166e+00
4.993100166e+00 4.651674271e+00
6.535366058e+00 6.259580612e+00
5.700797558e+00 5.249757290e+00
6.312225819e+00 6.010547161e+00
5.597845554e+00 5.966978073e+00
5.741593838e+00 6.446490288e+00
5.406245708e+00 6.197905064e+00
6.508407116e+00 5.923548698e+00
5.742593765e+00 5.695495605e+00
6.148605347e+00 6.131206512e+00
6.280725002e+00 5.891559124e+00
5.983546257e+00 5.851370811e+00
5.662749767e+00 5.117811203e+00
6.535945415e+00 6.508060932e+00
6.337928772e+00 5.786569118e+00
5.974045277e+00 4.543565750e+00
5.911259174e+00 5.140264034e+00
6.190791607e+00 6.402998924e+00
6.263033390e+00 7.250204563e+00
6.056282997e+00 5.478692532e+00
5.244264126e+00 5.480734825e+00
5.356448650e+00 4.666672230e+00
5.917198658e+00 6.250118732e+00
5.385850430e+00 5.990849018e+00
6.011638641e+00 6.233660221e+00
8.255745888e+00 6.841336250e+00
5.432292938e+00 4.844311237e+00
5.081642151e+00 5.087080956e+00
5.524768353e+00 5.441072941e+00
7.037306786e+00 6.370653629e+00
6.512721062e+00 7.168269157e+00
6.432289124e+00 5.973408222e+00
5.758639812e+00 5.607428551e+00
5.841253757e+00 5.107892513e+00
5.907239437e+00 5.039728642e+00
5.864594460e+00 5.841223717e+00
5.231404305e+00 5.532018661e+00
7.234430313e+00 6.322496891e+00
4.996283531e+00 5.070798874e+00
4.195191860e+00 5.726681709e+00
5.292398930e+00 6.686374187e+00
6.332947731e+00 6.464231491e+00
6.917000771e+00 6.475541592e+00
5.967587948e+00 5.866099358e+00
5.660833836e+00 5.820875168e+00
4.160843849e+00 4.535277367e+00
4.885869980e+00 5.921821594e+00
4.981592178e+00 5.623215675e+00
5.200099468e+00 6.395017624e+00
6.878751278e+00 5.854522228e+00
6.008078575e+00 5.223807335e+00
4.900550365e+00 6.212212086e+00
5.343545914e+00 6.329282761e+00
6.230821133e+00 6.446659565e+00
6.962872505e+00 7.192245007e+00
7.080756664e+00 5.705080986e+00
6.464774609e+00 5.872044086e+00
5.562984467e+00 5.509387970e+00
5.274068356e+00 5.289329529e+00
5.521826267e+00 5.327630520e+00
5.524762154e+00 6.161795616e+00
6.736469746e+00 7.091104984e+00
6.557849407e+00 5.809411049e+00
6.340179443e+00 6.560331345e+00
6.769496441e+00 7.238134384e+00
7.304014683e+00 6.842404366e+00
6.835849285e+00 5.541110992e+00
5.919868946e+00 6.365421295e+00
6.549948692e+00 6.662025452e+00
5.322013378e+00 5.423219204e+00
5.497644424e+00 5.366985321e+00
5.049438953e+00 5.134924889e+00
5.609357357e+00 5.047253132e+00
6.816228867e+00 6.672225475e+00
5.841401577e+00 6.809817791e+00
6.171625137e+00 7.385927677e+00
6.900817871e+00 7.701204300e+00
6.069415569e+00 6.284754276e+00
6.571802139e+00 6.093588352e+00
6.176077366e+00 5.450922966e+00
6.633215904e+00 5.642956734e+00
5.393717289e+00 5.169919014e+00
5.097543716e+00 4.878928185e+00
5.784076214e+00 5.078064919e+00
5.326524258e+00 3.880323648e+00
6.043640137e+00 7.328397274e+00
7.123533249e+00 7.880404472e+00
7.779401302e+00 8.152682304e+00
8.106797218e+00 8.576558113e+00
7.693051815e+00 7.351650238e+00
5.353178501e+00 5.065690994e+00
4.599252224e+00 5.302193642e+00
5.969680309e+00 5.807779789e+00
5.295464039e+00 6.326136112e+00
5.884844780e+00 5.851914883e+00
5.353664398e+00 6.242576122e+00
6.059653282e+00 5.676000118e+00
6.623893738e+00 7.341105938e+00
7.710463524e+00 7.773682594e+00
6.851941586e+00 6.707204819e+00
7.542334080e+00 6.995656013e+00
6.329748631e+00 5.172336102e+00
5.659832001e+00 5.414078236e+00
4.743700504e+00 5.990323544e+00
5.928892136e+00 5.841598988e+00
6.223413944e+00 5.225995064e+00
5.163371563e+00 4.970527172e+00
5.970232487e+00 6.031648636e+00
6.200446606e+00 6.429105759e+00
7.569236755e+00 7.119921684e+00
7.310104847e+00 7.004437447e+00
6.698956013e+00 6.164307117e+00
6.290719986e+00 6.627138615e+00
6.225518227e+00 5.487807274e+00
5.993377209e+00 5.398855686e+00
5.431884289e+00 5.755623341e+00
5.953066826e+00 5.971275330e+00
5.730209827e+00 5.673736572e+00
5.971141815e+00 5.105593681e+00
5.131531239e+00 5.260617256e+00
5.970236778e+00 5.955757141e+00
5.660461426e+00 4.814425468e+00
5.794195652e+00 5.351057053e+00
4.828501701e+00 5.256310940e+00
4.981642246e+00 5.887604713e+00
5.243079662e+00 6.011274815e+00
5.103418350e+00 4.991961956e+00
5.137898445e+00 5.007175446e+00
5.839056492e+00 6.176144600e+00
6.724125385e+00 5.892764568e+00
5.532053947e+00 6.062376499e+00
6.009035587e+00 6.534853935e+00
6.357982635e+00 7.436123371e+00
5.269384384e+00 5.402138710e+00
5.617338657e+00 5.695031166e+00
5.167236328e+00 5.145618439e+00
4.754399776e+00 5.481727600e+00
3.976000547e+00 5.424959183e+00
3.688051701e+00 4.812647820e+00
5.037238598e+00 5.428069115e+00
6.392103195e+00 6.125604153e+00
6.815113544e+00 6.260638714e+00
6.559421539e+00 6.389709949e+00
6.456369877e+00 6.811900139e+00
6.196480751e+00 7.128741741e+00
5.039784908e+00 4.319529057e+00
5.027449131e+00 4.715504169e+00
5.262516975e+00 4.989487648e+00
5.563974857e+00 5.082046986e+00
6.576097965e+00 6.231922150e+00
6.312353611e+00 6.332038879e+00
5.989909172e+00 5.805765152e+00
5.057065964e+00 5.165637970e+00
5.971921921e+00 6.096884251e+00
6.762418270e+00 6.808573246e+00
6.830406189e+00 6.571544170e+00
6.163250923e+00 6.886003017e+00
6.086854458e+00 7.301393986e+00
6.116536617e+00 7.262101650e+00
7.133274078e+00 6.891005516e+00
7.879654884e+00 7.031162739e+00
6.788737774e+00 6.929308414e+00
5.982223988e+00 5.506676197e+00
5.152699947e+00 6.689179420e+00
5.539558887e+00 7.189155579e+00
6.438928127e+00 6.994265556e+00
7.159568310e+00 6.649425507e+00
6.334831238e+00 6.812482834e+00
6.055122852e+00 6.362871647e+00
6.316095352e+00 6.951872826e+00
6.383872986e+00 7.148760796e+00
7.295270920e+00 7.195631027e+00
7.816412926e+00 7.468315125e+00
7.246997356e+00 6.800338268e+00
6.608259201e+00 5.540980816e+00
6.853269577e+00 6.321065426e+00
6.427627087e+00 5.745995998e+00
5.564519405e+00 5.207071781e+00
5.628620625e+00 5.824599743e+00
6.723605633e+00 6.837675095e+00
6.859180450e+00 5.900331497e+00
5.818113327e+00 5.963255882e+00
6.132189274e+00 6.196417332e+00
6.104707241e+00 6.768656731e+00
7.539940357e+00 5.984614849e+00
6.847807884e+00 5.422246933e+00
7.245334148e+00 5.006279469e+00
7.762800694e+00 6.750653744e+00
7.300849915e+00 7.029676437e+00
6.911526203e+00 5.880894661e+00
5.853065491e+00 5.792574406e+00
5.610942841e+00 6.894121647e+00
6.601175308e+00 6.580098629e+00
5.740333080e+00 5.626668930e+00
6.271986008e+00 6.316438675e+00
5.870618820e+00 6.816555023e+00
6.539565086e+00 6.244837284e+00
6.148849487e+00 6.417825699e+00
6.493796825e+00 4.916565895e+00
6.995597839e+00 6.372730732e+00
6.184648991e+00 7.052872181e+00
6.688619614e+00 6.058693409e+00
6.346549034e+00 6.917821884e+00
6.029812813e+00 7.697555065e+00
7.699634075e+00 7.425975323e+00
6.946241379e+00 6.702208996e+00
6.607370853e+00 6.278740406e+00
6.559742451e+00 5.864148617e+00
6.231562138e+00 6.291691780e+00
5.862309933e+00 7.042349339e+00
6.593596935e+00 6.134438515e+00
6.935090542e+00 6.922073841e+00
5.276415825e+00 5.892829418e+00
6.099072456e+00 5.470048428e+00
6.230941296e+00 6.831127644e+00
6.493564606e+00 7.140620708e+00
6.945436478e+00 6.588388443e+00
6.821610451e+00 6.971730232e+00
6.211112022e+00 6.934240341e+00
6.197814465e+00 6.506439686e+00
4.539583683e+00 6.067676067e+00
5.032332897e+00 6.314109325e+00
5.987763882e+00 6.674968243e+00
6.945582867e+00 6.957644939e+00
6.606247902e+00 6.742712021e+00
6.824883938e+00 6.270313740e+00
6.429576397e+00 6.467821598e+00
7.133150578e+00 7.508266449e+00
7.437359333e+00 7.666294575e+00
5.600640774e+00 6.115829945e+00
6.116408348e+00 5.563390255e+00
5.398052692e+00 5.963031292e+00
5.318232059e+00 4.928314686e+00
5.838780880e+00 6.322232246e+00
6.677438736e+00 5.872976303e+00
6.172444820e+00 6.012492657e+00
6.789102077e+00 7.479595184e+00
7.821455479e+00 7.820957661e+00
7.414716721e+00 6.530743599e+00
7.209599495e+00 6.862961769e+00
6.498616219e+00 6.655380726e+00
5.146511078e+00 6.105210304e+00
5.197999477e+00 5.639557838e+00
4.936942577e+00 6.058785915e+00
5.691658497e+00 5.053576469e+00
5.813418388e+00 5.691814899e+00
6.048152447e+00 6.111443043e+00
6.118041039e+00 5.596311092e+00
6.463728428e+00 6.577229023e+00
7.076392174e+00 7.307399750e+00
7.276438236e+00 6.567486763e+00
6.205225945e+00 6.250832558e+00
6.063590527e+00 7.178466320e+00
5.361916065e+00 6.436327934e+00
5.748080254e+00 5.054148197e+00
5.200607300e+00 5.535684586e+00
5.124190331e+00 6.038148403e+00
5.875888348e+00 6.416491032e+00
5.481445789e+00 5.531694412e+00
5.284424782e+00 5.003500938e+00
6.342766285e+00 6.475735188e+00
6.911337376e+00 6.569680691e+00
6.768087864e+00 6.457117558e+00
6.487032890e+00 6.081731796e+00
7.053966045e+00 6.618217945e+00
6.221692085e+00 6.159341812e+00
6.789254189e+00 5.534951687e+00
5.781915665e+00 6.287395000e+00
5.264993191e+00 5.609362602e+00
5.888048649e+00 7.134216309e+00
6.678567886e+00 6.733712196e+00
6.025438786e+00 6.425394535e+00
6.488673210e+00 7.830810070e+00
7.263321877e+00 8.154327393e+00
7.497684956e+00 7.302215099e+00
6.528632164e+00 6.925328255e+00
6.707878113e+00 6.556617260e+00
6.162579060e+00 5.816074848e+00
6.411793709e+00 5.252110004e+00
5.784868717e+00 6.740355015e+00
6.217885017e+00 6.052019596e+00
7.323364258e+00 6.202854633e+00
6.223318100e+00 5.778133869e+00
6.556484699e+00 6.256710052e+00
6.160193443e+00 7.150028706e+00
6.842983246e+00 7.560819149e+00
7.191328526e+00 6.492973804e+00
5.807903290e+00 5.221037865e+00
4.825966835e+00 4.933969498e+00
6.781389713e+00 5.041031837e+00
6.179670334e+00 4.761815548e+00
5.503247261e+00 6.124257088e+00
5.831449986e+00 6.244529247e+00
7.354788303e+00 6.649842739e+00
6.760393143e+00 5.714211941e+00
5.873898983e+00 5.589529037e+00
4.932601929e+00 6.520656586e+00
5.227735043e+00 5.564982414e+00
6.270463467e+00 6.209298611e+00
4.670619488e+00 6.009284019e+00
5.279732227e+00 6.285388470e+00
7.551098347e+00 5.813908100e+00
6.778957844e+00 5.842755318e+00
6.023580551e+00 6.054562569e+00
5.143748283e+00 5.633504391e+00
6.719154358e+00 6.553673744e+00
7.096578598e+00 6.534628391e+00
7.073668957e+00 6.118869781e+00
6.130471230e+00 6.081031322e+00
5.975924015e+00 6.337903500e+00
6.633547306e+00 6.678691387e+00
5.705110073e+00 6.640764236e+00
6.211392403e+00 7.182826996e+00
8.340122223e+00 6.280279160e+00
6.533575058e+00 5.575040817e+00
5.803658485e+00 6.869550228e+00
5.771842480e+00 6.634706020e+00
7.693380833e+00 6.874670982e+00
6.746222019e+00 6.680491924e+00
7.301687241e+00 6.195258141e+00
6.241539478e+00 6.257929325e+00
6.236631393e+00 6.354179859e+00
6.523571014e+00 6.628235817e+00
6.543379307e+00 6.330665112e+00
6.576627731e+00 6.473572254e+00
6.874063969e+00 6.748026848e+00
5.009459019e+00 5.029293060e+00
4.761870861e+00 5.806581020e+00
5.235244751e+00 7.058286667e+00
7.453151226e+00 7.014600754e+00
7.104867458e+00 7.263857841e+00
7.273078918e+00 5.567635059e+00
5.639222622e+00 5.867745399e+00
4.645769596e+00 4.820860863e+00
5.125358105e+00 5.463799000e+00
5.087981224e+00 4.447361946e+00
5.620550156e+00 6.091024876e+00
6.869816780e+00 6.643872738e+00
6.367814064e+00 5.181177139e+00
6.672500610e+00 5.460247517e+00
6.928236485e+00 6.671349049e+00
6.872320652e+00 6.432480335e+00
6.372451305e+00 7.789459229e+00
6.780230522e+00 6.192595959e+00
6.460936546e+00 6.127512932e+00
5.660009861e+00 5.511644840e+00
6.606583595e+00 6.092550755e+00
5.949263573e+00 6.000382423e+00
6.744550705e+00 6.156940460e+00
6.188611507e+00 7.099493504e+00
6.717929363e+00 6.508707047e+00
6.854491711e+00 6.226310253e+00
8.028690338e+00 6.907837391e+00
7.625876904e+00 6.718413830e+00
6.535981178e+00 7.687169075e+00
5.856115341e+00 6.471450329e+00
6.986568451e+00 6.152061462e+00
6.032969475e+00 5.318304062e+00
6.164549351e+00 5.712160110e+00
5.854893208e+00 6.168222427e+00
6.180780411e+00 6.859709740e+00
7.009448051e+00 7.573044300e+00
6.596456528e+00 6.440331936e+00
7.151059628e+00 6.937180042e+00
7.767349243e+00 7.678539276e+00
6.545232773e+00 6.739850044e+00
6.697508812e+00 7.181515694e+00
6.488840103e+00 6.782691002e+00
6.233348846e+00 6.380943298e+00
6.180161953e+00 5.563344002e+00
6.092302322e+00 5.434298038e+00
5.632876873e+00 5.872395039e+00
4.134961605e+00 5.050058365e+00
7.438165188e+00 7.254146099e+00
7.658425331e+00 7.223869324e+00
7.495081425e+00 7.439828873e+00
8.039534569e+00 8.351824760e+00
7.624713421e+00 6.231344223e+00
6.581805706e+00 5.909567356e+00
5.249099731e+00 6.180581570e+00
6.271574497e+00 6.285466671e+00
5.623158932e+00 5.371086121e+00
5.823724270e+00 6.269135475e+00
5.463202000e+00 6.935261250e+00
5.660995483e+00 6.641593456e+00
7.191123962e+00 7.196492195e+00
7.621039867e+00 8.107858658e+00
7.804565430e+00 7.947525501e+00
8.354987144e+00 7.832144737e+00
6.548075199e+00 5.816780090e+00
6.236378193e+00 6.158226490e+00
5.472933769e+00 6.041189671e+00
7.067288876e+00 6.471053123e+00
6.414035320e+00 5.563232422e+00
6.408157349e+00 5.218957901e+00
6.109924793e+00 7.083533764e+00
6.694112301e+00 6.598189354e+00
7.718200207e+00 7.677534580e+00
7.315825939e+00 8.236382484e+00
6.803711891e+00 7.002213001e+00
7.205963612e+00 7.165098667e+00
6.232295513e+00 5.896122456e+00
6.481727600e+00 5.616974354e+00
6.008867264e+00 6.660086155e+00
6.599217415e+00 6.272054195e+00
5.686730862e+00 6.405253887e+00
5.879283428e+00 6.042693615e+00
5.896885395e+00 5.890944481e+00
5.442139626e+00 5.813987732e+00
5.971309185e+00 7.099995613e+00
6.207952499e+00 6.981739044e+00
6.015325546e+00 5.987769604e+00
5.730685234e+00 6.832919121e+00
5.732236862e+00 5.602879524e+00
5.908002377e+00 5.340582848e+00
6.185802937e+00 5.769907951e+00
6.677687645e+00 6.628464699e+00
6.124979973e+00 6.283180237e+00
5.550888062e+00 6.049609661e+00
6.908237457e+00 6.013392448e+00
6.923403740e+00 6.688150883e+00
5.602942944e+00 5.553992748e+00
5.538437366e+00 6.371624470e+00
5.551394939e+00 6.127713680e+00
6.437100887e+00 5.560198307e+00
6.615256310e+00 5.502442360e+00
5.291807652e+00 5.133707047e+00
5.429825783e+00 5.616284370e+00
5.446072578e+00 7.322376728e+00
6.783751965e+00 7.234524727e+00
6.891605854e+00 6.862462997e+00
7.443210602e+00 6.996422291e+00
7.799556255e+00 7.854283810e+00
6.019443035e+00 5.424372673e+00
5.492565155e+00 5.897979736e+00
5.591845989e+00 5.423759460e+00
6.271807194e+00 5.082827568e+00
5.731047630e+00 6.168411255e+00
6.264437199e+00 5.635430336e+00
6.733134747e+00 5.546585083e+00
5.705397606e+00 6.719400883e+00
6.053598881e+00 7.197593212e+00
6.650527954e+00 6.781205654e+00
7.322564602e+00 6.129893303e+00
6.808692932e+00 7.604294777e+00
6.499186516e+00 6.496583462e+00
5.702344418e+00 7.151775360e+00
6.864722729e+00 7.506907463e+00
7.329880238e+00 7.285107136e+00
7.669543743e+00 6.793639660e+00
7.940145493e+00 5.834522247e+00
6.608744621e+00 6.445565224e+00
5.702822208e+00 6.476383209e+00
6.938060284e+00 7.266915798e+00
6.885445118e+00 6.128863335e+00
5.965207100e+00 6.590566635e+00
5.590942860e+00 6.910512447e+00
6.829586029e+00 6.295159340e+00
7.167336941e+00 7.501449585e+00
7.197656155e+00 7.088748932e+00
7.632925987e+00 7.007521629e+00
8.083505630e+00 7.139209270e+00
7.066018105e+00 5.927367210e+00
6.814717770e+00 5.583034515e+00
6.995770931e+00 6.664423943e+00
6.852231979e+00 6.308197498e+00
5.754110813e+00 4.977412701e+00
6.319815159e+00 6.839298725e+00
7.427309990e+00 7.104020596e+00
6.818622589e+00 6.329175949e+00
6.317354202e+00 6.751145840e+00
6.420924187e+00 7.249260426e+00
7.303593636e+00 7.124865055e+00
7.111295223e+00 7.089212894e+00
6.859084606e+00 4.972326756e+00
6.700973988e+00 6.070807457e+00
7.842108727e+00 7.255813122e+00
7.905885220e+00 6.028174877e+00
6.427227497e+00 5.976734161e+00
5.989913940e+00 6.844198704e+00
6.800776958e+00 7.346320152e+00
6.506239891e+00 5.354012012e+00
6.849741936e+00 6.489996433e+00
6.870613575e+00 7.673488617e+00
6.809516430e+00 7.042914391e+00
6.370822906e+00 6.739805698e+00
6.293894768e+00 5.408410549e+00
7.449181080e+00 6.560133934e+00
7.281703472e+00 6.525777340e+00
7.243716717e+00 5.911445618e+00
6.648247242e+00 7.206205845e+00
6.482120991e+00 7.889302731e+00
7.719078541e+00 8.170913696e+00
6.442696571e+00 6.388285160e+00
6.222409725e+00 6.598623753e+00
7.517271996e+00 6.986121655e+00
5.955852509e+00 6.360063076e+00
6.648910522e+00 6.872740746e+00
6.087213039e+00 6.594015121e+00
7.193408966e+00 6.823837757e+00
6.016407490e+00 7.115152836e+00
6.904632092e+00 5.844543934e+00
6.274933338e+00 6.322094917e+00
6.571776867e+00 7.115119457e+00
6.776691437e+00 7.570746899e+00
7.025203228e+00 6.599841118e+00
6.857843399e+00 6.654168129e+00
6.307089329e+00 6.279294491e+00
5.631876469e+00 5.214400768e+00
4.978400707e+00 6.708355427e+00
6.156174660e+00 7.176714420e+00
7.419686317e+00 7.125125885e+00
6.850800514e+00 6.831488132e+00
6.953289986e+00 5.748658180e+00
7.325212479e+00 6.451272488e+00
7.329903603e+00 8.180943489e+00
7.620516300e+00 8.576281548e+00
7.113599300e+00 6.582892418e+00
5.894941807e+00 4.965635777e+00
6.068536282e+00 5.571666241e+00
5.943204880e+00 5.141204357e+00
4.955689907e+00 6.241147041e+00
6.224182606e+00 6.345494270e+00
6.793199539e+00 6.365482330e+00
7.000374317e+00 6.551712036e+00
7.119560242e+00 8.082880974e+00
7.842609882e+00 8.222658157e+00
7.193558693e+00 6.880651474e+00
5.884162426e+00 7.363451481e+00
6.640236378e+00 6.247990608e+00
5.753481865e+00 5.174097061e+00
6.227900028e+00 6.080967426e+00
5.199711800e+00 4.603371620e+00
5.758231640e+00 5.587643623e+00
7.006635666e+00 6.900008202e+00
6.606599808e+00 5.525876999e+00
5.965364456e+00 6.121180534e+00
7.360899448e+00 8.078559875e+00
7.821926117e+00 7.268053055e+00
6.974478245e+00 6.605291367e+00
6.742705345e+00 7.840811729e+00
6.575899124e+00 6.356369495e+00
6.561562538e+00 4.570844650e+00
5.848399162e+00 6.076769352e+00
5.850658894e+00 5.639832497e+00
5.998310089e+00 5.638792038e+00
5.794538498e+00 6.345892429e+00
5.276305676e+00 5.957705021e+00
6.272848129e+00 6.288619518e+00
7.252924442e+00 8.018572807e+00
7.904530048e+00 7.526847839e+00
6.301517010e+00 6.091138840e+00
6.072305679e+00 6.905073166e+00
6.979038239e+00 6.094860554e+00
6.734156609e+00 4.711905479e+00
6.767539978e+00 6.158920288e+00
6.778223038e+00 5.444302559e+00
6.538395882e+00 6.794826508e+00
6.136903286e+00 6.399452209e+00
6.716245651e+00 6.708066940e+00
5.871464252e+00 7.069926739e+00
7.423053265e+00 8.823360443e+00
8.258106232e+00 7.918897629e+00
6.277912617e+00 8.033206940e+00
6.650815964e+00 6.808396339e+00
6.868642330e+00 5.768873692e+00
6.480531693e+00 5.012388229e+00
6.154200554e+00 5.676531792e+00
6.467892647e+00 6.037029743e+00
7.055236340e+00 6.456577301e+00
6.532836437e+00 7.280683517e+00
7.415404797e+00 5.798655987e+00
5.767644882e+00 6.469149590e+00
7.157696247e+00 7.391400337e+00
7.451557159e+00 7.227995396e+00
6.043464184e+00 5.921005249e+00
5.450942993e+00 5.595366955e+00
7.262910843e+00 6.410730839e+00
6.291125298e+00 5.394165039e+00
6.252115726e+00 5.889493942e+00
5.880240917e+00 6.269159794e+00
7.504070282e+00 6.717195034e+00
7.141169548e+00 6.814800739e+00
6.720392704e+00 6.178322792e+00
5.856442451e+00 6.431180954e+00
5.932966709e+00 6.405952454e+00
6.938882351e+00 6.974722862e+00
5.249300957e+00 6.586321354e+00
5.289765358e+00 5.813684464e+00
8.728345871e+00 6.674739838e+00
6.873602390e+00 5.808267117e+00
6.502479076e+00 5.596437931e+00
6.104161739e+00 5.834212780e+00
7.237109184e+00 6.627572536e+00
7.151728153e+00 7.363957882e+00
7.605120659e+00 6.176981926e+00
6.404288292e+00 5.864765644e+00
5.731591702e+00 6.394702435e+00
6.493043900e+00 5.640089512e+00
6.595507622e+00 6.407027721e+00
5.827306271e+00 6.680237293e+00
8.496685028e+00 7.428154469e+00
7.347749233e+00 5.924634457e+00
6.698754311e+00 6.111064434e+00
5.985077381e+00 6.379143238e+00
6.674806595e+00 7.040603161e+00
6.843661308e+00 7.937697887e+00
7.625254154e+00 6.519372940e+00
6.353356838e+00 6.445925713e+00
6.846705437e+00 5.770166397e+00
6.922756195e+00 6.775848866e+00
6.846415043e+00 6.235634804e+00
6.246915340e+00 6.487265587e+00
7.973079681e+00 8.514657974e+00
6.238588810e+00 4.706186771e+00
4.984931946e+00 5.530878544e+00
5.105904102e+00 6.923085213e+00
7.043064117e+00 7.742955685e+00
7.624755859e+00 7.892318726e+00
6.754014492e+00 5.859365940e+00
6.943524361e+00 5.878906250e+00
5.477421284e+00 4.869262218e+00
5.448424339e+00 5.642955780e+00
5.102529049e+00 6.022610664e+00
6.950042248e+00 6.533413887e+00
8.442023277e+00 6.876380920e+00
5.720880985e+00 5.006773472e+00
6.512097359e+00 5.280297279e+00
7.396510124e+00 6.906230450e+00
6.543127060e+00 7.441159248e+00
7.335157394e+00 8.280981064e+00
6.661521435e+00 6.336512089e+00
7.475434780e+00 7.190265179e+00
5.684375763e+00 5.501024246e+00
6.080893040e+00 6.309398651e+00
6.153693199e+00 6.717530727e+00
6.611949921e+00 6.016578674e+00
7.269833565e+00 7.310765266e+00
6.691919327e+00 6.404158115e+00
6.190254211e+00 7.112252712e+00
7.635041714e+00 7.674491405e+00
8.098900795e+00 7.535869598e+00
7.505123138e+00 7.224321842e+00
6.528739929e+00 7.052458286e+00
7.651587009e+00 5.900012970e+00
6.144384384e+00 5.585512161e+00
6.336254597e+00 5.720841885e+00
5.952750206e+00 6.749119759e+00
6.022617817e+00 6.411071777e+00
7.101770878e+00 8.528066635e+00
7.188429832e+00 7.218936920e+00
7.132520676e+00 7.527891159e+00
7.149809837e+00 7.785682201e+00
7.471599579e+00 7.458651543e+00
7.801368237e+00 7.444796085e+00
6.220205307e+00 7.141613960e+00
6.900350094e+00 6.944804668e+00
6.239872932e+00 6.193783283e+00
5.663876057e+00 5.858177662e+00
5.521478653e+00 5.665875435e+00
4.765450478e+00 5.627113819e+00
8.104327202e+00 8.200336456e+00
7.875870228e+00 8.229855537e+00
6.885266781e+00 8.494369507e+00
8.751010895e+00 9.335665703e+00
8.177865982e+00 7.552602768e+00
7.077116966e+00 6.022101402e+00
5.983863831e+00 5.887069702e+00
6.481452465e+00 6.435195446e+00
6.260653973e+00 6.355060577e+00
6.318608761e+00 5.735386372e+00
5.535259724e+00 6.127285004e+00
6.440983772e+00 6.815684795e+00
6.915168285e+00 7.742873669e+00
8.107989311e+00 8.808869362e+00
8.170304298e+00 8.590835571e+00
8.327734947e+00 8.415988922e+00
6.788891315e+00 7.369164467e+00
7.578259945e+00 4.902376175e+00
5.434947491e+00 5.816601276e+00
7.114703655e+00 6.934457779e+00
6.278133392e+00 6.655157566e+00
6.227706909e+00 5.393557549e+00
6.284578323e+00 6.609759331e+00
6.791990280e+00 6.172461987e+00
7.455104828e+00 7.828316212e+00
8.906874657e+00 9.033204079e+00
7.448753357e+00 7.734511852e+00
7.868483543e+00 8.166872978e+00
7.532165527e+00 5.994472027e+00
6.252133369e+00 5.216467381e+00
5.117356300e+00 6.706088066e+00
6.444499493e+00 7.287624836e+00
6.697923183e+00 6.898928165e+00
6.019392014e+00 5.510231018e+00
6.621409416e+00 6.170979977e+00
6.707819462e+00 6.669346333e+00
6.347643852e+00 7.406432152e+00
7.062029362e+00 7.475128651e+00
5.846864223e+00 6.113179684e+00
5.967259884e+00 6.534203529e+00
5.581370831e+00 6.809998989e+00
5.604362011e+00 6.096201420e+00
6.315225601e+00 5.765300274e+00
7.138801575e+00 6.231534004e+00
6.522652626e+00 5.653146744e+00
6.433819294e+00 6.404328823e+00
7.057048321e+00 6.387456894e+00
7.443012714e+00 7.022912502e+00
6.214872360e+00 5.871137142e+00
6.187852859e+00 6.472118378e+00
5.479357719e+00 5.570260525e+00
6.197852612e+00 6.349692345e+00
6.159271717e+00 5.783492088e+00
5.908929825e+00 5.590210438e+00
5.598482609e+00 5.959872246e+00
5.295665264e+00 6.910275936e+00
6.858572006e+00 7.465282440e+00
6.953661919e+00 7.433836460e+00
6.885487556e+00 6.974084377e+00
7.003543377e+00 7.923406601e+00
5.415415287e+00 4.616296291e+00
5.756449223e+00 5.610134602e+00
5.638250351e+00 5.490144730e+00
5.032723427e+00 5.943719864e+00
6.227685928e+00 6.666369438e+00
6.037947655e+00 6.176101685e+00
6.792393684e+00 5.751544476e+00
6.439027786e+00 6.551663876e+00
6.538493633e+00 6.912742615e+00
7.605885029e+00 7.101572990e+00
7.356409550e+00 6.283759117e+00
7.688228130e+00 8.383915901e+00
7.004221439e+00 7.057765007e+00
6.729190826e+00 7.540081978e+00
7.229334354e+00 7.566064835e+00
8.409040451e+00 7.888661385e+00
7.389843941e+00 7.893122196e+00
7.604987621e+00 6.152072430e+00
6.526175022e+00 6.369325161e+00
5.755281925e+00 7.097660065e+00
7.347386360e+00 7.256413937e+00
6.970416069e+00 6.659586430e+00
6.278741360e+00 6.960299492e+00
6.247625351e+00 6.980460167e+00
6.951811314e+00 6.922649384e+00
7.265090942e+00 7.262889385e+00
7.379980087e+00 7.229484081e+00
8.021245003e+00 7.366635799e+00
7.944385052e+00 7.663562775e+00
6.354412556e+00 6.560795784e+00
6.821531773e+00 7.014076710e+00
6.922572613e+00 7.214095592e+00
6.787709713e+00 5.835936069e+00
5.969795227e+00 5.789687157e+00
6.826447010e+00 7.451685905e+00
7.249331951e+00 6.909377098e+00
6.328338623e+00 6.514256477e+00
5.809367180e+00 6.574256897e+00
6.706414700e+00 7.907378674e+00
7.315336704e+00 6.669666290e+00
6.949446678e+00 7.125614166e+00
6.526451588e+00 5.585237503e+00
7.155328751e+00 7.442297935e+00
7.319740772e+00 7.890404224e+00
7.615245342e+00 6.475863457e+00
6.786067009e+00 6.131354332e+00
5.937704086e+00 7.385169983e+00
6.829326153e+00 6.883595467e+00
6.194963455e+00 5.930218697e+00
6.977397442e+00 7.258589745e+00
7.336089134e+00 7.251138687e+00
7.629480839e+00 6.781413555e+00
6.710715771e+00 6.984401226e+00
7.268176556e+00 5.703887463e+00
7.737815857e+00 6.740959644e+00
6.473809719e+00 7.263002872e+00
6.978013039e+00 6.544419765e+00
6.722548962e+00 6.998935223e+00
6.777535915e+00 8.483982086e+00
8.284652710e+00 8.363616943e+00
6.980090618e+00 7.522575855e+00
6.707985878e+00 7.340412617e+00
7.285166740e+00 6.800725937e+00
6.595015049e+00 6.940033436e+00
7.053443909e+00 7.388481617e+00
6.738429070e+00 6.311372280e+00
7.396038055e+00 6.435775280e+00
6.189281940e+00 7.224404812e+00
7.183667660e+00 6.182438374e+00
6.075559616e+00 6.798964977e+00
6.885735035e+00 7.759314537e+00
7.191580296e+00 7.807881832e+00
6.870576382e+00 7.026905537e+00
7.371524811e+00 6.237262249e+00
6.014151573e+00 6.421824932e+00
5.903677464e+00 5.780387402e+00
5.827244759e+00 7.034202099e+00
6.561165333e+00 6.755505562e+00
7.637730598e+00 7.549770355e+00
7.259317398e+00 7.464872837e+00
7.408661842e+00 6.377424717e+00
7.331665993e+00 7.395153522e+00
7.485596180e+00 8.592672348e+00
8.342819214e+00 8.875745773e+00
6.204171181e+00 6.444463253e+00
6.100934505e+00 5.274092197e+00
6.075509548e+00 5.972456455e+00
5.432145596e+00 5.475713730e+00
6.019035816e+00 6.540803909e+00
6.232667923e+00 6.265139103e+00
6.970533848e+00 7.016733646e+00
7.110725403e+00 8.283613205e+00
7.556521416e+00 8.211068153e+00
7.881638527e+00 7.999016285e+00
7.090362072e+00 7.155528545e+00
6.162125587e+00 7.090308189e+00
6.180397034e+00 6.388706684e+00
6.181391716e+00 5.847752094e+00
6.365678310e+00 5.946905613e+00
5.279421329e+00 5.011312485e+00
5.885768890e+00 5.712858677e+00
6.759731770e+00 6.727263451e+00
6.847336292e+00 5.716269493e+00
6.634925365e+00 7.244659901e+00
6.927873135e+00 7.726798534e+00
7.691751480e+00 6.788371086e+00
6.787514687e+00 6.975455284e+00
7.062587261e+00 7.790450573e+00
6.860545158e+00 6.715701103e+00
6.440804005e+00 5.543573856e+00
5.897693634e+00 6.100262165e+00
5.939413071e+00 5.875534058e+00
5.777366638e+00 5.949228764e+00
6.010766029e+00 6.477885246e+00
5.842732430e+00 6.137623787e+00
7.166433334e+00 6.781322956e+00
6.854320526e+00 8.060553551e+00
7.688686848e+00 7.983472824e+00
6.792640209e+00 6.738039017e+00
6.725417614e+00 7.615193844e+00
7.243222713e+00 6.670707226e+00
6.664737701e+00 5.594018936e+00
6.813059807e+00 7.210602760e+00
6.381384373e+00 5.376740456e+00
6.852028847e+00 7.389761925e+00
7.068780899e+00 6.832427979e+00
6.698256016e+00 6.584293842e+00
6.850821495e+00 7.376101971e+00
8.397061348e+00 9.510743141e+00
8.908579826e+00 8.088540077e+00
7.553162098e+00 7.488955498e+00
7.008049488e+00 6.826354027e+00
6.665564537e+00 6.092296600e+00
5.894783020e+00 4.983172417e+00
5.669544220e+00 7.033685684e+00
5.958827972e+00 6.593596935e+00
7.473099709e+00 7.209402561e+00
6.880941868e+00 6.916604996e+00
6.771643162e+00 5.830403805e+00
5.594394684e+00 6.617105961e+00
7.443007946e+00 7.607108593e+00
7.718173027e+00 6.935150146e+00
5.578621864e+00 4.955137730e+00
5.598258495e+00 5.334257603e+00
6.974274158e+00 6.794044495e+00
5.886011124e+00 5.098888397e+00
6.374221325e+00 6.796818733e+00
5.605036259e+00 6.885473251e+00
7.610547066e+00 7.537268162e+00
6.829517841e+00 6.093759537e+00
7.038272381e+00 6.286974430e+00
5.674879074e+00 6.730184078e+00
6.198524952e+00 6.991140366e+00
7.403673172e+00 6.606313229e+00
5.221465111e+00 6.592070580e+00
6.218669415e+00 6.225026608e+00
8.625519753e+00 6.693337917e+00
7.425278187e+00 6.160341740e+00
6.758923054e+00 6.024511814e+00
5.965518951e+00 6.432455063e+00
7.373846531e+00 6.915748119e+00
7.076325893e+00 8.036661148e+00
8.061408043e+00 6.174944878e+00
6.245715141e+00 6.644177437e+00
6.458825588e+00 6.781650543e+00
7.243321896e+00 6.299954414e+00
6.711029530e+00 7.068208694e+00
6.854395866e+00 7.460992813e+00
8.504216194e+00 7.190791130e+00
7.122538567e+00 6.423059464e+00
6.209229469e+00 6.465198994e+00
5.659789085e+00 7.278565884e+00
7.874893665e+00 6.683540821e+00
7.297500610e+00 8.536519051e+00
8.173299789e+00 6.397504330e+00
6.354717255e+00 7.032229900e+00
6.628262997e+00 6.189706802e+00
6.890625954e+00 6.879106522e+00
6.736982822e+00 6.452343941e+00
6.088110924e+00 6.801580429e+00
8.319188118e+00 7.313704967e+00
6.304500580e+00 5.055808067e+00
5.070175648e+00 6.343892574e+00
5.410638332e+00 8.012748718e+00
7.545117378e+00 7.254948139e+00
8.227179527e+00 7.761620522e+00
7.172576427e+00 5.994824409e+00
6.569268227e+00 6.220744610e+00
4.734814167e+00 5.231492043e+00
5.640552044e+00 5.943488598e+00
5.455944061e+00 6.050506115e+00
6.438640594e+00 6.405489445e+00
8.079012871e+00 6.569948196e+00
6.647330284e+00 5.931792259e+00
6.483974457e+00 6.506191254e+00
7.272749424e+00 7.468291283e+00
6.696867466e+00 6.997325897e+00
7.799215317e+00 8.557065964e+00
7.368071079e+00 6.220722198e+00
7.245455265e+00 6.969912052e+00
5.718153477e+00 6.070081711e+00
6.324692249e+00 7.011977673e+00
6.550971985e+00 6.550876141e+00
6.616778374e+00 6.828227997e+00
7.638108253e+00 8.322674751e+00
7.491399765e+00 6.484753609e+00
6.561231613e+00 7.545421600e+00
7.685855389e+00 7.768966198e+00
8.175936699e+00 7.593228817e+00
7.956790924e+00 7.482973576e+00
6.861598015e+00 7.046359539e+00
7.716005325e+00 6.471907139e+00
6.204010010e+00 5.919823170e+00
6.681884289e+00 5.975466728e+00
5.903010845e+00 6.415688038e+00
6.761282921e+00 6.634000778e+00
8.091011047e+00 8.841028214e+00
6.518355370e+00 7.069402695e+00
7.346481323e+00 7.156063080e+00
7.721412659e+00 7.854398727e+00
7.260670662e+00 7.374129295e+00
8.428050041e+00 7.827981949e+00
6.176241875e+00 7.105495930e+00
7.419059277e+00 7.439892292e+00
5.805524349e+00 6.004662991e+00
5.900903702e+00 5.714809895e+00
5.791335583e+00 5.887962818e+00
5.130427837e+00 5.150194168e+00
8.035081863e+00 7.936568260e+00
7.445215702e+00 8.371128082e+00
7.874297142e+00 8.592320442e+00
9.341146469e+00 9.495035172e+00
8.377903938e+00 7.477688313e+00
6.945077896e+00 6.282077789e+00
5.700853348e+00 6.640016556e+00
7.437422752e+00 6.448412418e+00
6.142729282e+00 6.191875458e+00
6.842026234e+00 5.688117027e+00
6.357564926e+00 7.272332668e+00
6.536569118e+00 6.344237328e+00
7.015706539e+00 7.826738358e+00
8.420834541e+00 9.243367195e+00
8.907736778e+00 8.364400864e+00
9.178095818e+00 7.833939552e+00
7.328768253e+00 6.887022018e+00
7.128969193e+00 5.715390205e+00
5.273926258e+00 7.518631935e+00
7.316170692e+00 6.956178188e+00
6.613417625e+00 6.448478222e+00
6.287899971e+00 5.845168114e+00
7.050724983e+00 7.288199425e+00
6.123531342e+00 6.557368279e+00
8.452573776e+00 8.404118538e+00
8.848358154e+00 8.901426315e+00
7.925662518e+00 7.377937794e+00
8.231520653e+00 8.476405144e+00
7.335362434e+00 5.923196793e+00
6.599729538e+00 5.912502766e+00
6.220070362e+00 7.190387249e+00
6.282471180e+00 6.842497826e+00
7.010393143e+00 6.561899662e+00
6.672429562e+00 5.757122040e+00
6.665321350e+00 6.030750275e+00
6.293881416e+00 7.139909744e+00
7.040170670e+00 7.192729950e+00
7.038172722e+00 7.138425827e+00
6.062858105e+00 6.615784168e+00
6.596294403e+00 7.108137131e+00
6.343682289e+00 7.221184731e+00
6.116833210e+00 5.936840534e+00
6.356437683e+00 5.588868618e+00
6.782194138e+00 6.628664017e+00
6.887478828e+00 6.342894554e+00
6.709873199e+00 6.896146297e+00
6.756832600e+00 7.049282551e+00
7.862678051e+00 8.265971184e+00
6.199838638e+00 6.104681969e+00
6.776345730e+00 6.860129356e+00
5.880742550e+00 6.232957363e+00
6.847286224e+00 6.426840305e+00
6.264294624e+00 6.293401241e+00
5.493102551e+00 5.118503094e+00
5.451946259e+00 6.010397911e+00
6.123775482e+00 7.719954967e+00
7.678292751e+00 8.032858849e+00
6.804044724e+00 6.969786644e+00
7.306046963e+00 7.843951225e+00
7.520892620e+00 8.923262596e+00
5.700304985e+00 5.662204742e+00
6.071639061e+00 6.303707600e+00
5.905323029e+00 5.981658459e+00
5.793496609e+00 5.639303207e+00
6.653863907e+00 7.253812790e+00
6.414055824e+00 6.203209400e+00
6.957066536e+00 6.286981583e+00
7.329450130e+00 6.897682667e+00
6.943872452e+00 6.948725224e+00
7.255433083e+00 7.173182011e+00
7.715560913e+00 6.599363327e+00
7.729569912e+00 8.395409584e+00
6.420349598e+00 6.252354622e+00
6.043702126e+00 6.736992359e+00
7.211500168e+00 7.339336872e+00
7.449238777e+00 7.770168781e+00
7.805419922e+00 7.208335400e+00
8.106554985e+00 6.215775013e+00
6.310861111e+00 6.192980289e+00
6.158011913e+00 6.411588669e+00
6.973143101e+00 6.954092979e+00
6.935825348e+00 5.653718472e+00
6.165073872e+00 6.061990738e+00
6.145940781e+00 5.998118401e+00
6.625704288e+00 6.049055099e+00
6.867174625e+00 7.080558777e+00
6.825175762e+00 6.852169991e+00
6.907063961e+00 7.539828777e+00
7.684545517e+00 6.894409180e+00
7.270180702e+00 6.024558544e+00
6.744795799e+00 5.691974163e+00
7.557765484e+00 6.824365616e+00
7.189176083e+00 6.150160789e+00
5.433218002e+00 5.240462780e+00
5.918961048e+00 6.831066132e+00
7.038285732e+00 6.982174873e+00
6.593920708e+00 5.761154175e+00
6.656091690e+00 6.381585121e+00
6.496586323e+00 6.696011066e+00
7.411503315e+00 6.972387314e+00
7.158159256e+00 7.117031574e+00
6.574161530e+00 4.899663925e+00
6.474235058e+00 6.310083866e+00
7.624468327e+00 7.412943363e+00
7.772411823e+00 6.016418457e+00
6.068377972e+00 6.138525009e+00
5.654213905e+00 6.421167374e+00
7.072913647e+00 6.814719200e+00
6.526685715e+00 6.002365589e+00
7.085737705e+00 6.730858803e+00
7.302110672e+00 7.720884323e+00
7.010519981e+00 7.233015060e+00
6.216631413e+00 7.190624237e+00
6.003538132e+00 5.962388992e+00
6.548397541e+00 7.260838032e+00
6.646773815e+00 6.561933041e+00
7.380081654e+00 5.586969852e+00
6.690277576e+00 7.284105778e+00
6.816263199e+00 7.467695713e+00
8.237950325e+00 7.978469372e+00
6.936500549e+00 6.484183788e+00
6.593763351e+00 6.955359936e+00
8.058975220e+00 7.158964634e+00
6.367454052e+00 7.138764381e+00
6.477249622e+00 6.410216808e+00
6.151136398e+00 6.397005081e+00
6.469813347e+00 7.425841331e+00
6.399398804e+00 7.131379604e+00
7.128872871e+00 5.650158882e+00
6.068401814e+00 6.115595818e+00
6.763181686e+00 6.994093418e+00
7.523914337e+00 7.453668594e+00
6.874552250e+00 6.753601551e+00
6.540441990e+00 6.231730461e+00
6.351514339e+00 6.501198769e+00
6.117606163e+00 5.477886677e+00
5.471138000e+00 6.089182854e+00
6.664464474e+00 7.050446510e+00
7.234030247e+00 7.563264370e+00
7.004765511e+00 6.748565197e+00
6.495058537e+00 6.699466705e+00
6.995719433e+00 6.920034885e+00
7.764988899e+00 7.982346535e+00
8.065199852e+00 8.137619972e+00
6.317892551e+00 6.519828796e+00
5.514364719e+00 5.348052979e+00
5.611918926e+00 5.733576298e+00
6.116180897e+00 4.851364136e+00
5.016541481e+00 5.572425842e+00
6.525924206e+00 6.651301861e+00
6.852497101e+00 6.920532703e+00
6.920497417e+00 5.723199844e+00
7.312958241e+00 7.693027020e+00
7.920711517e+00 7.518145561e+00
7.176190376e+00 6.231338024e+00
6.325156212e+00 7.259373665e+00
6.314136505e+00 6.576759815e+00
6.236225605e+00 5.428359509e+00
5.775353432e+00 5.694346428e+00
4.903382301e+00 4.624454975e+00
5.542884827e+00 6.130239487e+00
6.944429874e+00 7.430412769e+00
6.184366226e+00 5.725798130e+00
5.685139656e+00 5.738900661e+00
7.249290466e+00 7.501161098e+00
7.721383572e+00 7.538468361e+00
7.025358200e+00 6.992098808e+00
7.162602901e+00 7.546257973e+00
6.113938332e+00 6.844583988e+00
6.813566208e+00 5.002513409e+00
6.007035255e+00 6.022143364e+00
5.466572762e+00 5.112631321e+00
5.831903934e+00 5.865141392e+00
6.220165253e+00 6.187912941e+00
6.017139435e+00 6.226273537e+00
5.741827488e+00 6.694103718e+00
7.353803158e+00 8.201623917e+00
8.439853668e+00 7.313274384e+00
6.291090965e+00 5.938403606e+00
6.528511047e+00 6.470057011e+00
6.682272434e+00 6.004521847e+00
6.477623463e+00 5.601428986e+00
6.585031986e+00 6.309944630e+00
6.669842243e+00 5.720386028e+00
6.762965202e+00 6.593608379e+00
5.950270176e+00 6.295658112e+00
6.826267242e+00 6.126767159e+00
5.756625652e+00 7.571661949e+00
7.974085808e+00 8.889365196e+00
8.814141273e+00 7.689063072e+00
6.923161030e+00 7.852208138e+00
6.559554577e+00 6.857111931e+00
6.210290432e+00 5.306882381e+00
5.867737770e+00 5.397303104e+00
5.764447212e+00 5.347008228e+00
6.603908062e+00 5.948878288e+00
7.046670914e+00 6.565766335e+00
6.648303986e+00 7.025094986e+00
6.665929794e+00 5.231765747e+00
5.599634647e+00 6.836767197e+00
7.005364418e+00 7.199152470e+00
7.141039371e+00 6.995914936e+00
5.691175938e+00 6.007062912e+00
5.324755192e+00 5.896635056e+00
7.661208153e+00 5.992768288e+00
6.435483932e+00 5.624449730e+00
6.103727341e+00 5.824922562e+00
6.349840641e+00 5.830624104e+00
7.405133724e+00 6.396613121e+00
7.335343838e+00 6.809810162e+00
6.533566475e+00 6.630033970e+00
6.097366333e+00 6.588828564e+00
6.792448997e+00 6.493230343e+00
7.232563972e+00 6.638754368e+00
6.075333118e+00 6.575217724e+00
5.879135609e+00 6.036959171e+00
8.254575729e+00 7.042280674e+00
6.464814186e+00 6.357673168e+00
5.585605145e+00 6.508000374e+00
6.162958622e+00 5.911464214e+00
6.905827045e+00 6.802450180e+00
7.720498562e+00 7.370275497e+00
7.104129791e+00 6.596619129e+00
6.373574257e+00 5.917718887e+00
6.130578041e+00 6.077185154e+00
6.161603928e+00 6.361330509e+00
6.744743824e+00 6.205208778e+00
6.049228191e+00 6.267802715e+00
8.478652000e+00 8.064089775e+00
7.248547554e+00 6.305017471e+00
5.936110497e+00 6.237380028e+00
6.136812210e+00 5.738286495e+00
6.621981621e+00 7.428143024e+00
7.317407608e+00 7.979364395e+00
7.653341770e+00 6.806576252e+00
6.250418186e+00 6.669762135e+00
6.639488220e+00 5.917302608e+00
6.799032688e+00 6.844614029e+00
6.133591175e+00 5.612524033e+00
5.973913193e+00 5.659233570e+00
8.386100769e+00 8.689402580e+00
5.961770535e+00 5.023999691e+00
5.428741932e+00 5.145689011e+00
6.017748833e+00 5.942590714e+00
7.525041103e+00 7.684096813e+00
7.326675892e+00 7.705437660e+00
6.285181046e+00 6.280788898e+00
6.296294689e+00 5.952317715e+00
5.618686199e+00 4.649980545e+00
5.741958618e+00 5.675324917e+00
5.512988567e+00 5.970134735e+00
6.720559120e+00 6.295267582e+00
8.212576866e+00 7.090867519e+00
5.555049896e+00 5.738085270e+00
5.951607704e+00 5.684324741e+00
7.189528942e+00 6.328712463e+00
7.228657722e+00 7.350705147e+00
7.346125603e+00 8.034067154e+00
6.564654827e+00 6.701949596e+00
7.363934994e+00 6.949781895e+00
6.051748276e+00 5.404378891e+00
6.434845924e+00 6.124319553e+00
6.390568733e+00 6.584909916e+00
6.888067245e+00 6.569442749e+00
7.493323326e+00 7.136900425e+00
6.420043945e+00 6.275082588e+00
6.126435757e+00 6.800312042e+00
7.400774002e+00 7.491687775e+00
8.220090866e+00 8.039012909e+00
7.024819374e+00 7.181665421e+00
6.805631161e+00 7.262665749e+00
6.958499908e+00 6.255448818e+00
5.972127438e+00 6.032587051e+00
5.908657551e+00 5.964354038e+00
6.439623833e+00 6.729749680e+00
5.695735931e+00 6.615525723e+00
6.939232349e+00 7.691696167e+00
7.416005135e+00 6.497958660e+00
6.758055210e+00 6.734851837e+00
6.971121788e+00 8.141818047e+00
7.635752201e+00 7.955870152e+00
7.504302502e+00 7.189824581e+00
6.805419445e+00 7.309126377e+00
6.857051849e+00 6.528120995e+00
6.531286716e+00 5.501302242e+00
5.761212826e+00 5.805729866e+00
5.556174278e+00 5.689030170e+00
5.008234978e+00 6.123924732e+00
7.659804821e+00 7.478010178e+00
8.115808487e+00 7.630228996e+00
7.380123138e+00 8.629422188e+00
8.857134819e+00 9.210493088e+00
8.402271271e+00 7.346902370e+00
7.127961636e+00 6.546314716e+00
6.289861679e+00 5.840799332e+00
6.530403137e+00 6.596479416e+00
6.350334644e+00 6.260046005e+00
6.291501045e+00 6.174831390e+00
5.293753147e+00 6.039174557e+00
6.441788673e+00 6.252164364e+00
7.036619186e+00 7.508673191e+00
8.447614670e+00 8.704731941e+00
8.278106689e+00 8.192776680e+00
8.143500328e+00 8.711024284e+00
6.903059006e+00 7.785079956e+00
6.848519802e+00 5.562390327e+00
5.800612450e+00 5.532059193e+00
7.183264732e+00 6.804549694e+00
6.473864555e+00 6.616852283e+00
6.231417179e+00 5.691361904e+00
5.660682201e+00 6.323155403e+00
6.458166122e+00 5.734123230e+00
7.497812748e+00 8.348203659e+00
8.861357689e+00 9.178403854e+00
8.010116577e+00 8.178006172e+00
7.859961033e+00 8.867938042e+00
7.110278130e+00 6.187743664e+00
5.903772354e+00 5.520553589e+00
5.042236328e+00 5.907561302e+00
7.311958313e+00 7.106398106e+00
7.056205273e+00 6.648258209e+00
5.671267033e+00 5.924073696e+00
6.057738304e+00 6.690453053e+00
6.898970604e+00 6.231080532e+00
6.712934971e+00 7.431623459e+00
7.082489967e+00 7.121971607e+00
6.634680271e+00 6.304745197e+00
6.274420738e+00 6.559482098e+00
6.924597740e+00 6.151789188e+00
5.650413036e+00 6.109301567e+00
5.742008686e+00 5.966300488e+00
6.344638348e+00 6.644419193e+00
6.169495106e+00 6.220315456e+00
6.098525524e+00 6.634049892e+00
7.093535900e+00 6.980738640e+00
7.594699860e+00 6.974283218e+00
7.107460976e+00 6.238723755e+00
6.578325748e+00 6.693146229e+00
5.926476479e+00 5.803840160e+00
6.504981518e+00 6.246733189e+00
6.246896744e+00 5.750385284e+00
5.486730099e+00 5.401919842e+00
5.973808289e+00 6.025501251e+00
5.704738140e+00 6.844303131e+00
7.025205612e+00 6.575473785e+00
6.998191833e+00 7.062984467e+00
7.273395061e+00 6.445118904e+00
7.227039337e+00 7.911882877e+00
5.542252064e+00 5.058379650e+00
5.588360310e+00 5.562537193e+00
5.902210236e+00 5.088686943e+00
5.116209507e+00 6.247808933e+00
6.195183277e+00 6.661731243e+00
6.135610104e+00 6.101361275e+00
7.208754063e+00 6.467555046e+00
6.431348801e+00 6.422983170e+00
6.020478725e+00 7.095000744e+00
7.418710232e+00 6.975396156e+00
6.844607353e+00 6.826657295e+00
7.489253521e+00 7.779357910e+00
6.436247826e+00 6.573115349e+00
6.073795795e+00 7.101979733e+00
7.044019222e+00 7.751477242e+00
7.194829464e+00 7.790193081e+00
7.394847393e+00 7.227388859e+00
8.412034035e+00 5.503324509e+00
7.358032703e+00 5.899822235e+00
7.141257763e+00 6.532649040e+00
7.184442997e+00 7.392952442e+00
6.774648190e+00 5.930335522e+00
6.517393112e+00 6.410106182e+00
6.420052052e+00 6.364371300e+00
7.180129051e+00 6.409017563e+00
7.824608326e+00 6.756770611e+00
7.469521999e+00 6.602066994e+00
8.360033989e+00 7.061977386e+00
8.056608200e+00 6.685194492e+00
7.618662357e+00 5.942805767e+00
6.920842648e+00 6.369001865e+00
7.593165874e+00 7.310263634e+00
6.785759926e+00 6.272246361e+00
5.870752335e+00 5.767659664e+00
5.859902859e+00 7.734592438e+00
6.642106056e+00 7.541597843e+00
6.671168804e+00 7.054415226e+00
6.518522739e+00 7.935171604e+00
6.590229988e+00 8.271967888e+00
7.101476669e+00 8.132677078e+00
6.730701923e+00 8.114297867e+00
5.182569027e+00 6.569575787e+00
6.367511749e+00 7.181482315e+00
7.259551048e+00 8.121850967e+00
6.958757401e+00 6.415861130e+00
6.407682896e+00 6.984553337e+00
6.199234962e+00 7.704462051e+00
7.275905132e+00 7.374805927e+00
6.617797375e+00 6.356609344e+00
7.405397415e+00 6.668310165e+00
8.213440895e+00 7.412868023e+00
7.921555519e+00 6.961176872e+00
6.954357624e+00 7.578562737e+00
5.809863091e+00 6.738019943e+00
6.858001709e+00 7.812865734e+00
6.104366779e+00 7.448760986e+00
7.525187969e+00 5.854880810e+00
7.690309048e+00 6.946400166e+00
7.185063839e+00 7.894091129e+00
8.230714798e+00 7.287322998e+00
6.292778015e+00 7.042859554e+00
6.082197666e+00 7.775480270e+00
7.179129601e+00 7.578611851e+00
6.352998257e+00 7.170020103e+00
6.298329353e+00 7.466967106e+00
6.827349186e+00 6.191903591e+00
7.993570328e+00 7.297882080e+00
6.412152767e+00 8.040082932e+00
6.568148136e+00 6.203867912e+00
6.210992813e+00 6.880748272e+00
6.888345242e+00 8.234766960e+00
7.614037991e+00 8.132618904e+00
7.169468880e+00 6.904453754e+00
6.774672508e+00 6.024236202e+00
6.723945141e+00 5.744787216e+00
6.744739056e+00 4.976894379e+00
6.281367779e+00 6.086786270e+00
7.822433949e+00 5.999477863e+00
8.322834015e+00 6.787650108e+00
7.293900013e+00 6.867200851e+00
7.063911915e+00 6.661020279e+00
7.067906380e+00 7.106829643e+00
7.697116375e+00 8.039218903e+00
7.855085850e+00 7.827797413e+00
6.925586224e+00 7.100557804e+00
5.441180706e+00 6.145732880e+00
5.659965992e+00 6.280666351e+00
5.649562359e+00 5.441493988e+00
5.088654995e+00 6.361289978e+00
6.574600697e+00 7.478165627e+00
7.043014050e+00 7.495318413e+00
6.736422062e+00 6.763222694e+00
7.405556679e+00 8.170638084e+00
7.393867016e+00 8.318453789e+00
6.786980152e+00 7.140400887e+00
7.071543217e+00 8.380053520e+00
6.850550652e+00 6.989114285e+00
7.000816822e+00 5.399103642e+00
6.562954903e+00 6.087369919e+00
4.798990250e+00 5.674914360e+00
6.197842121e+00 6.371916294e+00
7.050790310e+00 7.027525425e+00
6.148087025e+00 6.444689274e+00
6.208552361e+00 6.832094669e+00
8.038245201e+00 8.016102791e+00
8.244961739e+00 7.311993599e+00
7.879090786e+00 6.734643936e+00
7.491461754e+00 6.735159397e+00
6.773065090e+00 6.946437836e+00
6.812043190e+00 5.357301712e+00
6.007075310e+00 6.686819077e+00
5.583574772e+00 6.218548775e+00
6.013005257e+00 6.232006550e+00
6.297008991e+00 6.503703117e+00
5.757107735e+00 6.475592613e+00
6.177616119e+00 7.768224239e+00
6.973671913e+00 9.083015442e+00
7.668466568e+00 7.845303535e+00
6.019612312e+00 6.767532825e+00
6.736431122e+00 6.746430397e+00
5.805035114e+00 6.539203644e+00
6.222779274e+00 5.829499722e+00
6.339474201e+00 6.550782681e+00
6.730103970e+00 5.927291393e+00
7.269696712e+00 6.409836769e+00
6.732989311e+00 6.076559067e+00
7.191450119e+00 5.776798725e+00
6.824043274e+00 7.688393593e+00
7.684719086e+00 8.880559921e+00
8.618371010e+00 7.445058346e+00
7.176084995e+00 7.678234100e+00
6.987163544e+00 7.113306999e+00
7.105607033e+00 5.542037487e+00
6.504688263e+00 5.778656483e+00
6.234892368e+00 6.296468258e+00
6.783891678e+00 6.308267593e+00
7.444290161e+00 7.255861759e+00
6.645484447e+00 7.557285309e+00
6.524518013e+00 5.929385185e+00
6.626674175e+00 7.298404217e+00
7.718161106e+00 7.625459671e+00
7.930690765e+00 7.271903992e+00
6.240556240e+00 6.533093929e+00
5.821070671e+00 6.231594563e+00
6.514466763e+00 6.859384537e+00
5.950545788e+00 6.208632946e+00
5.930884838e+00 6.846932411e+00
5.247155190e+00 7.010762691e+00
7.653223038e+00 7.186761379e+00
7.512701035e+00 6.624491215e+00
7.535412312e+00 6.257853985e+00
6.510004520e+00 6.851273060e+00
6.418636799e+00 6.768394947e+00
7.000892639e+00 6.251696110e+00
6.247862339e+00 5.841505051e+00
5.880016327e+00 6.058287144e+00
8.619796753e+00 6.857873917e+00
7.058565140e+00 5.986430168e+00
6.524365902e+00 7.667021275e+00
5.328745365e+00 7.355865479e+00
6.771000862e+00 7.590594769e+00
7.485563278e+00 7.133982182e+00
7.714461803e+00 6.626947403e+00
6.490998268e+00 6.454951763e+00
6.472642422e+00 6.754908085e+00
6.972811699e+00 6.265239239e+00
7.070323467e+00 6.139360905e+00
7.026395798e+00 5.956641197e+00
7.944309235e+00 8.145926476e+00
7.229696274e+00 6.317779541e+00
6.525162697e+00 6.459238052e+00
6.099949360e+00 6.601578236e+00
6.908318043e+00 7.617812634e+00
7.567048550e+00 8.046564102e+00
7.570219040e+00 6.387400150e+00
6.332006931e+00 7.079537868e+00
6.012694836e+00 6.442959785e+00
6.961442947e+00 6.945105553e+00
6.052299500e+00 6.526436329e+00
6.282567024e+00 6.908312321e+00
9.403206825e+00 7.351991177e+00
6.939204216e+00 4.751106739e+00
5.742865086e+00 5.608200550e+00
6.385432720e+00 6.871497631e+00
8.052894592e+00 7.211811543e+00
7.823067665e+00 7.866901875e+00
6.714275837e+00 6.474749088e+00
6.672205448e+00 6.138634205e+00
6.192221642e+00 4.993327618e+00
6.673709393e+00 5.927961826e+00
6.045170307e+00 6.533343315e+00
7.408950806e+00 6.503201485e+00
7.968180656e+00 7.081791401e+00
5.486485958e+00 6.469825268e+00
5.636221886e+00 6.578501225e+00
6.815486908e+00 7.264680386e+00
7.713279247e+00 7.153767586e+00
7.916946888e+00 8.144506454e+00
6.782761574e+00 6.935998917e+00
7.133759499e+00 7.455923557e+00
5.316555023e+00 6.112102032e+00
6.083957195e+00 7.112609386e+00
6.079806805e+00 7.247134209e+00
6.428568840e+00 7.497121334e+00
7.707436085e+00 6.899323940e+00
6.611961842e+00 6.558628082e+00
5.852967739e+00 7.965644836e+00
6.799431324e+00 8.400728226e+00
7.908688545e+00 7.515517712e+00
7.769999027e+00 7.662694931e+00
7.673673630e+00 7.025597572e+00
7.330165386e+00 6.301190376e+00
6.421997070e+00 6.223548889e+00
6.316459656e+00 6.237556458e+00
6.413100243e+00 6.522178650e+00
6.279881954e+00 6.836335659e+00
7.492196560e+00 8.295644760e+00
7.412849903e+00 7.071310043e+00
7.271751881e+00 7.282762527e+00
8.391397476e+00 7.406619072e+00
8.836083412e+00 7.404356956e+00
8.205109596e+00 7.129437447e+00
6.651429176e+00 7.761261463e+00
6.865754128e+00 7.596947193e+00
5.760515213e+00 6.639325619e+00
5.893241882e+00 6.123651981e+00
5.822977543e+00 5.747159004e+00
5.411752701e+00 6.383941174e+00
7.704535961e+00 8.265995979e+00
7.906617641e+00 8.097353935e+00
7.843389988e+00 8.818876266e+00
9.063474655e+00 9.150375366e+00
7.684247971e+00 7.133065701e+00
7.678282261e+00 6.328790188e+00
6.619469166e+00 6.466365337e+00
6.979293823e+00 6.568307400e+00
6.841538906e+00 5.869934559e+00
7.243365288e+00 5.073435307e+00
6.770101547e+00 5.806334496e+00
6.726053238e+00 5.698861122e+00
7.030130863e+00 8.542057037e+00
8.358241081e+00 9.614015579e+00
8.656939507e+00 8.396718025e+00
9.415208817e+00 8.552649498e+00
7.527103901e+00 8.160156250e+00
6.552969456e+00 5.970769405e+00
5.265651703e+00 6.476953030e+00
7.275232315e+00 7.045401096e+00
6.186326504e+00 7.191939354e+00
6.470025539e+00 6.401405811e+00
6.319528103e+00 7.075526714e+00
6.360801220e+00 6.593079567e+00
7.291047573e+00 8.628362656e+00
9.318735123e+00 8.725528717e+00
8.466805458e+00 7.614081383e+00
8.682392120e+00 8.371564865e+00
6.899684906e+00 5.873493671e+00
6.184257030e+00 5.934593678e+00
5.320940971e+00 7.085818291e+00
7.075720310e+00 7.320116520e+00
7.134552956e+00 6.147515297e+00
6.482173443e+00 5.760907173e+00
7.054919720e+00 7.383933544e+00
6.753673553e+00 6.908088684e+00
7.848698139e+00 7.361862183e+00
7.444637775e+00 7.685922623e+00
6.889756203e+00 6.143651009e+00
7.187069893e+00 6.603312016e+00
7.167279720e+00 6.003548145e+00
6.447942734e+00 6.688803673e+00
5.947477341e+00 6.664376259e+00
6.850903988e+00 6.591840267e+00
6.819339752e+00 6.019105434e+00
6.895068169e+00 6.740323067e+00
6.990718842e+00 7.047071457e+00
7.477016449e+00 7.421301842e+00
6.991319180e+00 5.615284920e+00
6.748073101e+00 6.091908932e+00
6.038091183e+00 5.953501701e+00
6.200449944e+00 6.559479237e+00
6.374033928e+00 5.729653835e+00
6.259280205e+00 5.658158779e+00
6.801424503e+00 5.812386990e+00
6.262248516e+00 7.519536018e+00
7.058274269e+00 7.450901508e+00
6.745434284e+00 7.567156315e+00
6.803755760e+00 7.321550846e+00
7.562981129e+00 8.788486481e+00
5.617075920e+00 5.800895214e+00
5.597412109e+00 6.437325478e+00
5.241926193e+00 6.028313160e+00
4.988027096e+00 6.705487728e+00
5.683741570e+00 7.370873928e+00
4.752869129e+00 6.819257736e+00
7.119731426e+00 6.027004242e+00
7.414602280e+00 6.289103508e+00
7.488332272e+00 7.357487679e+00
7.301156044e+00 7.736762524e+00
7.254765034e+00 7.163747311e+00
7.572145462e+00 8.260642052e+00
