1.371412658691406250e+01 1.392063236236572266e+01
1.255947589874267578e+01 1.232263565063476562e+01
1.320997047424316406e+01 1.394821166992187500e+01
1.244936561584472656e+01 1.197376441955566406e+01
1.498142719268798828e+01 1.364518833160400391e+01
1.240829086303710938e+01 1.274526119232177734e+01
1.297791481018066406e+01 1.229836940765380859e+01
1.347371387481689453e+01 1.252745151519775391e+01
1.518541049957275391e+01 1.167442703247070312e+01
1.178343963623046875e+01 1.229289245605468750e+01
1.524220180511474609e+01 1.315938091278076172e+01
1.188402748107910156e+01 1.163724517822265625e+01
1.352673530578613281e+01 1.331643295288085938e+01
1.218926620483398438e+01 1.122935485839843750e+01
1.418730258941650391e+01 1.325599384307861328e+01
1.260950279235839844e+01 1.015008640289306641e+01
1.353551769256591797e+01 1.284535312652587891e+01
1.239797019958496094e+01 1.183593082427978516e+01
1.267197799682617188e+01 1.256099414825439453e+01
1.204306125640869141e+01 1.236678218841552734e+01
1.376841068267822266e+01 1.280953979492187500e+01
1.108284091949462891e+01 1.163957977294921875e+01
1.362710952758789062e+01 1.179863071441650391e+01
1.115667724609375000e+01 1.157372093200683594e+01
1.353330230712890625e+01 1.325570869445800781e+01
1.394127368927001953e+01 1.302447223663330078e+01
1.494778633117675781e+01 1.330780220031738281e+01
1.272676467895507812e+01 1.302251052856445312e+01
1.487056732177734375e+01 1.258002090454101562e+01
1.176157379150390625e+01 1.047755241394042969e+01
1.292727947235107422e+01 1.350509452819824219e+01
1.261559867858886719e+01 1.211191463470458984e+01
1.440469837188720703e+01 1.423833942413330078e+01
1.222941112518310547e+01 1.292949485778808594e+01
1.346886730194091797e+01 1.333574199676513672e+01
1.187308406829833984e+01 1.204706096649169922e+01
1.424060726165771484e+01 1.297463512420654297e+01
1.195577716827392578e+01 1.298252391815185547e+01
1.281493854522705078e+01 1.240363788604736328e+01
1.317399978637695312e+01 1.406083106994628906e+01
1.342743778228759766e+01 1.200837612152099609e+01
1.255449199676513672e+01 1.184885692596435547e+01
1.501342105865478516e+01 1.340605449676513672e+01
1.278674411773681641e+01 1.255461597442626953e+01
1.562016010284423828e+01 1.548521804809570312e+01
1.444691753387451172e+01 1.434861469268798828e+01
1.529369926452636719e+01 1.475534725189208984e+01
1.449832248687744141e+01 1.514964294433593750e+01
1.425244140625000000e+01 1.131350708007812500e+01
1.225873184204101562e+01 1.097406482696533203e+01
1.380168056488037109e+01 1.208131313323974609e+01
1.106927204132080078e+01 9.896055221557617188e+00
1.317700958251953125e+01 1.165147590637207031e+01
1.192246913909912109e+01 1.102726364135742188e+01
1.422769165039062500e+01 1.280699348449707031e+01
1.139270973205566406e+01 1.055375576019287109e+01
1.285766220092773438e+01 1.414121723175048828e+01
1.226077556610107422e+01 1.061495685577392578e+01
1.411559391021728516e+01 1.406839275360107422e+01
1.195043945312500000e+01 1.226948356628417969e+01
1.371014118194580078e+01 1.296064281463623047e+01
1.292827415466308594e+01 1.263644218444824219e+01
1.370055103302001953e+01 1.124625968933105469e+01
1.210908794403076172e+01 1.253123950958251953e+01
1.427392959594726562e+01 1.209918594360351562e+01
1.197193050384521484e+01 1.154862594604492188e+01
1.349852371215820312e+01 1.209401798248291016e+01
1.120196914672851562e+01 1.064239692687988281e+01
1.297434139251708984e+01 1.217656421661376953e+01
1.065849399566650391e+01 1.059710025787353516e+01
1.323739719390869141e+01 1.140288448333740234e+01
1.056145858764648438e+01 1.010361289978027344e+01
1.374458122253417969e+01 1.176436328887939453e+01
1.158628082275390625e+01 1.006372261047363281e+01
1.344400215148925781e+01 1.191455268859863281e+01
1.249489307403564453e+01 1.126467990875244141e+01
1.353648281097412109e+01 1.211005973815917969e+01
1.120785045623779297e+01 9.899009704589843750e+00
1.382049846649169922e+01 1.155419921875000000e+01
1.170863437652587891e+01 1.080945396423339844e+01
1.357588291168212891e+01 1.183709716796875000e+01
1.162600421905517578e+01 1.130425548553466797e+01
1.308910369873046875e+01 1.296801376342773438e+01
1.103705596923828125e+01 1.064934921264648438e+01
1.216224098205566406e+01 1.223822498321533203e+01
1.068550586700439453e+01 1.153706550598144531e+01
1.442890071868896484e+01 1.300222015380859375e+01
1.293714809417724609e+01 1.240992259979248047e+01
1.354978370666503906e+01 1.272767162322998047e+01
1.322502136230468750e+01 1.119047069549560547e+01
1.363283729553222656e+01 1.299742221832275391e+01
1.341003990173339844e+01 1.270440959930419922e+01
1.624141883850097656e+01 1.448163890838623047e+01
1.415082454681396484e+01 1.500373363494873047e+01
1.689751815795898438e+01 1.505526638031005859e+01
1.457010555267333984e+01 1.391387367248535156e+01
1.194587326049804688e+01 1.244495677947998047e+01
1.217241764068603516e+01 1.091230964660644531e+01
1.320854187011718750e+01 1.207057762145996094e+01
1.143057060241699219e+01 1.057836151123046875e+01
1.385183048248291016e+01 1.218827056884765625e+01
1.272593212127685547e+01 1.151918983459472656e+01
1.382360649108886719e+01 1.195471954345703125e+01
1.121358394622802734e+01 1.041699218750000000e+01
1.304455947875976562e+01 1.179109668731689453e+01
1.120729064941406250e+01 1.144556427001953125e+01
1.289122390747070312e+01 1.276123523712158203e+01
1.134261894226074219e+01 1.320028495788574219e+01
1.498953342437744141e+01 1.332198619842529297e+01
1.163780975341796875e+01 1.135630702972412109e+01
1.369049167633056641e+01 1.263437938690185547e+01
1.229497241973876953e+01 1.056860256195068359e+01
1.412341022491455078e+01 1.239408588409423828e+01
1.412776088714599609e+01 1.306058120727539062e+01
1.432818412780761719e+01 1.255487823486328125e+01
1.362967967987060547e+01 1.116580390930175781e+01
1.408081817626953125e+01 1.298609733581542969e+01
1.202707099914550781e+01 1.164618682861328125e+01
1.397107028961181641e+01 1.384057331085205078e+01
1.183615207672119141e+01 1.276833820343017578e+01
1.343258953094482422e+01 1.380193805694580078e+01
1.251492214202880859e+01 1.209216213226318359e+01
1.424408817291259766e+01 1.409924221038818359e+01
1.219068813323974609e+01 1.203825950622558594e+01
1.420479583740234375e+01 1.403905582427978516e+01
1.213138103485107422e+01 1.173976612091064453e+01
1.407328605651855469e+01 1.311782455444335938e+01
1.283811855316162109e+01 1.262348747253417969e+01
1.474703598022460938e+01 1.380157184600830078e+01
1.322910881042480469e+01 1.210025787353515625e+01
1.481551933288574219e+01 1.263160610198974609e+01
1.162586975097656250e+01 1.295678424835205078e+01
1.447176837921142578e+01 1.201606750488281250e+01
1.230726528167724609e+01 1.236291122436523438e+01
1.449897575378417969e+01 1.367904758453369141e+01
1.314324760437011719e+01 1.280468940734863281e+01
1.535167121887207031e+01 1.501577281951904297e+01
1.277980709075927734e+01 1.309094905853271484e+01
1.508155536651611328e+01 1.386998844146728516e+01
1.268600749969482422e+01 1.339571285247802734e+01
1.546388626098632812e+01 1.550286293029785156e+01
1.421542167663574219e+01 1.336366653442382812e+01
1.594748687744140625e+01 1.581771373748779297e+01
1.414400577545166016e+01 1.448299598693847656e+01
1.231581497192382812e+01 1.173431491851806641e+01
1.171701049804687500e+01 1.079963302612304688e+01
1.154448604583740234e+01 1.206633281707763672e+01
1.153840160369873047e+01 1.025017166137695312e+01
1.230024337768554688e+01 1.152809524536132812e+01
1.124029064178466797e+01 1.204791736602783203e+01
1.252560997009277344e+01 1.141834354400634766e+01
1.118518352508544922e+01 1.123795795440673828e+01
1.377884674072265625e+01 1.259495544433593750e+01
1.130118942260742188e+01 1.102401161193847656e+01
1.340224075317382812e+01 1.246040725708007812e+01
1.292256736755371094e+01 1.081918621063232422e+01
1.350479125976562500e+01 1.344763183593750000e+01
1.230953216552734375e+01 1.170849418640136719e+01
1.254424762725830078e+01 1.184576416015625000e+01
1.132742977142333984e+01 1.209931468963623047e+01
1.189435291290283203e+01 1.021670722961425781e+01
1.092853736877441406e+01 1.050202465057373047e+01
1.150321578979492188e+01 1.141996192932128906e+01
1.218587207794189453e+01 1.089179420471191406e+01
1.251729679107666016e+01 1.210435867309570312e+01
1.099169921875000000e+01 1.099198722839355469e+01
1.332962989807128906e+01 1.092247962951660156e+01
9.874856948852539062e+00 1.008625507354736328e+01
1.313741207122802734e+01 1.117543411254882812e+01
1.211360931396484375e+01 1.208206558227539062e+01
1.497896003723144531e+01 1.263541507720947266e+01
1.263972949981689453e+01 1.138107681274414062e+01
1.536058139801025391e+01 1.252258205413818359e+01
1.175136852264404297e+01 1.120720100402832031e+01
1.343101882934570312e+01 1.180970382690429688e+01
1.200288486480712891e+01 1.040739822387695312e+01
1.350249099731445312e+01 1.345666790008544922e+01
1.241988468170166016e+01 1.283007526397705078e+01
1.340111351013183594e+01 1.296025085449218750e+01
1.165121173858642578e+01 1.080817222595214844e+01
1.382285976409912109e+01 1.242035865783691406e+01
1.272422504425048828e+01 1.161376953125000000e+01
1.557239913940429688e+01 1.370118999481201172e+01
1.351863861083984375e+01 1.319827747344970703e+01
1.487702560424804688e+01 1.392843055725097656e+01
1.308808040618896484e+01 1.351558876037597656e+01
1.563621711730957031e+01 1.277031803131103516e+01
1.310120201110839844e+01 1.228701305389404297e+01
1.662541770935058594e+01 1.434203624725341797e+01
1.439872837066650391e+01 1.235721969604492188e+01
1.697225952148437500e+01 1.577018165588378906e+01
1.464578151702880859e+01 1.359079170227050781e+01
1.234541130065917969e+01 1.136842250823974609e+01
1.094091606140136719e+01 1.138811397552490234e+01
1.180724716186523438e+01 1.050011062622070312e+01
1.116101074218750000e+01 1.065911865234375000e+01
1.299992752075195312e+01 1.128023147583007812e+01
9.954795837402343750e+00 9.755890846252441406e+00
1.347786331176757812e+01 1.289265155792236328e+01
1.128031730651855469e+01 1.055572128295898438e+01
1.214793491363525391e+01 1.131305980682373047e+01
1.177605819702148438e+01 1.127872943878173828e+01
1.292869186401367188e+01 1.135464859008789062e+01
1.297289562225341797e+01 1.157397842407226562e+01
1.290268325805664062e+01 1.196641159057617188e+01
1.115666866302490234e+01 1.090733337402343750e+01
1.337983989715576172e+01 1.110466384887695312e+01
1.137425613403320312e+01 1.041303634643554688e+01
1.375442123413085938e+01 1.149316596984863281e+01
1.105660820007324219e+01 1.015838527679443359e+01
1.337741947174072266e+01 1.289522838592529297e+01
1.127837371826171875e+01 1.111020374298095703e+01
1.321819782257080078e+01 1.435443592071533203e+01
1.113361263275146484e+01 1.325300502777099609e+01
1.403654861450195312e+01 1.529255867004394531e+01
1.173047351837158203e+01 1.263074111938476562e+01
1.395068168640136719e+01 1.394911003112792969e+01
1.275103282928466797e+01 1.265481090545654297e+01
1.426983356475830078e+01 1.399694633483886719e+01
1.448930358886718750e+01 1.374166202545166016e+01
1.458263778686523438e+01 1.391902542114257812e+01
1.363530254364013672e+01 1.297454357147216797e+01
1.362557601928710938e+01 1.216039752960205078e+01
1.246371078491210938e+01 1.270169830322265625e+01
1.464053249359130859e+01 1.188044071197509766e+01
1.317989253997802734e+01 1.212979698181152344e+01
1.443233489990234375e+01 1.336828327178955078e+01
1.258116722106933594e+01 1.203364849090576172e+01
1.408340740203857422e+01 1.396657276153564453e+01
1.223896884918212891e+01 1.191397953033447266e+01
1.514797592163085938e+01 1.444981384277343750e+01
1.269771480560302734e+01 1.362399864196777344e+01
1.443404293060302734e+01 1.456554794311523438e+01
1.343550205230712891e+01 1.308422565460205078e+01
1.417707729339599609e+01 1.434352588653564453e+01
1.356864452362060547e+01 1.250514602661132812e+01
1.557881927490234375e+01 1.455621528625488281e+01
1.412827587127685547e+01 1.289680290222167969e+01
1.524494647979736328e+01 1.490364646911621094e+01
1.502162647247314453e+01 1.495338249206542969e+01
1.337607383728027344e+01 1.235155773162841797e+01
1.208757781982421875e+01 1.072414398193359375e+01
1.176817703247070312e+01 1.178378868103027344e+01
1.112146282196044922e+01 1.075152111053466797e+01
1.229808044433593750e+01 1.166745948791503906e+01
1.201915264129638672e+01 1.157385158538818359e+01
1.362150096893310547e+01 1.239741516113281250e+01
1.128657913208007812e+01 1.305350303649902344e+01
1.457490539550781250e+01 1.255624198913574219e+01
1.124223041534423828e+01 1.134990119934082031e+01
1.291456604003906250e+01 1.318291950225830078e+01
1.316748237609863281e+01 1.085034942626953125e+01
1.271498966217041016e+01 1.261600112915039062e+01
1.200587940216064453e+01 1.060893058776855469e+01
1.189558982849121094e+01 1.175304031372070312e+01
1.255232906341552734e+01 1.162362194061279297e+01
1.219187068939208984e+01 1.093076992034912109e+01
1.139690208435058594e+01 1.239743900299072266e+01
1.271848201751708984e+01 1.023949432373046875e+01
1.080019283294677734e+01 1.126520729064941406e+01
1.421401405334472656e+01 1.162635421752929688e+01
1.093087196350097656e+01 1.102610301971435547e+01
1.383469390869140625e+01 1.345330619812011719e+01
1.263864326477050781e+01 1.242315578460693359e+01
1.336665916442871094e+01 1.122242259979248047e+01
1.192288208007812500e+01 1.107953357696533203e+01
1.449549102783203125e+01 1.238841342926025391e+01
1.278125667572021484e+01 1.186714935302734375e+01
1.415070819854736328e+01 1.307612323760986328e+01
1.306566715240478516e+01 1.200577735900878906e+01
1.364814662933349609e+01 1.296566295623779297e+01
1.206031417846679688e+01 1.113947200775146484e+01
1.469130706787109375e+01 1.351383876800537109e+01
1.380018901824951172e+01 1.294908332824707031e+01
1.520752811431884766e+01 1.348292255401611328e+01
1.270952892303466797e+01 1.235638236999511719e+01
1.516148281097412109e+01 1.248373508453369141e+01
1.181368064880371094e+01 1.335642337799072266e+01
1.579758548736572266e+01 1.362844753265380859e+01
1.257787990570068359e+01 1.161306190490722656e+01
1.477044486999511719e+01 1.406375885009765625e+01
1.318944072723388672e+01 1.181221961975097656e+01
1.559788417816162109e+01 1.342350387573242188e+01
1.255147266387939453e+01 1.151125526428222656e+01
1.448123645782470703e+01 1.227193737030029297e+01
1.205498790740966797e+01 1.129668712615966797e+01
1.516865539550781250e+01 1.395222091674804688e+01
1.273910236358642578e+01 1.164434432983398438e+01
1.388242435455322266e+01 1.391063785552978516e+01
1.284570121765136719e+01 1.426883029937744141e+01
1.428174591064453125e+01 1.402929115295410156e+01
1.235137557983398438e+01 1.214054775238037109e+01
1.347887039184570312e+01 1.293856716156005859e+01
1.210914802551269531e+01 1.115698623657226562e+01
1.486789035797119141e+01 1.319916820526123047e+01
1.335934257507324219e+01 1.276282978057861328e+01
1.558619976043701172e+01 1.428949928283691406e+01
1.351338195800781250e+01 1.230079936981201172e+01
1.339530086517333984e+01 1.248238754272460938e+01
1.196225070953369141e+01 1.183685874938964844e+01
1.114196395874023438e+01 1.078476428985595703e+01
1.113647937774658203e+01 1.085674571990966797e+01
1.203013134002685547e+01 1.138897895812988281e+01
1.022007369995117188e+01 1.037674808502197266e+01
1.187661170959472656e+01 1.162976837158203125e+01
1.098036003112792969e+01 1.009294986724853516e+01
1.069193649291992188e+01 1.119022464752197266e+01
1.048623180389404297e+01 1.012617301940917969e+01
1.188627815246582031e+01 1.282727909088134766e+01
1.276213932037353516e+01 1.257282161712646484e+01
1.399975395202636719e+01 1.358844757080078125e+01
1.204883766174316406e+01 1.244743824005126953e+01
1.372332000732421875e+01 1.293851089477539062e+01
1.309315872192382812e+01 1.378891563415527344e+01
1.460900878906250000e+01 1.423104000091552734e+01
1.472255611419677734e+01 1.390204715728759766e+01
1.617408943176269531e+01 1.448738193511962891e+01
1.340030956268310547e+01 1.347357749938964844e+01
1.461486148834228516e+01 1.317856502532958984e+01
1.467494869232177734e+01 1.385204124450683594e+01
1.538758373260498047e+01 1.391347980499267578e+01
1.252864074707031250e+01 1.252247905731201172e+01
1.434021377563476562e+01 1.389920806884765625e+01
1.288148784637451172e+01 1.308554172515869141e+01
1.370311260223388672e+01 1.384863281250000000e+01
1.279150867462158203e+01 1.180297660827636719e+01
1.522370338439941406e+01 1.476681423187255859e+01
1.383775234222412109e+01 1.329836368560791016e+01
1.508826828002929688e+01 1.406675434112548828e+01
1.374699783325195312e+01 1.287010383605957031e+01
1.380743503570556641e+01 1.329107666015625000e+01
1.341759204864501953e+01 1.152631855010986328e+01
1.498461914062500000e+01 1.226184558868408203e+01
1.212141132354736328e+01 1.155895233154296875e+01
1.334837245941162109e+01 1.212328338623046875e+01
1.265826320648193359e+01 1.230146884918212891e+01
1.756637001037597656e+01 1.561314964294433594e+01
1.393167304992675781e+01 1.448433685302734375e+01
1.728650665283203125e+01 1.535937595367431641e+01
1.469709682464599609e+01 1.519599342346191406e+01
1.453853702545166016e+01 1.375580787658691406e+01
1.306697368621826172e+01 1.176732635498046875e+01
1.460396385192871094e+01 1.309767532348632812e+01
1.463950824737548828e+01 1.296900081634521484e+01
1.539196014404296875e+01 1.416034221649169922e+01
1.293638801574707031e+01 1.276280593872070312e+01
1.343050193786621094e+01 1.230207252502441406e+01
1.201658344268798828e+01 1.282684421539306641e+01
1.238544654846191406e+01 9.911973953247070312e+00
9.727561950683593750e+00 9.903339385986328125e+00
1.250047302246093750e+01 1.096697139739990234e+01
1.120693397521972656e+01 1.053588581085205078e+01
1.299008274078369141e+01 1.105545902252197266e+01
1.103940677642822266e+01 1.194662666320800781e+01
1.345586490631103516e+01 1.089829444885253906e+01
1.060390663146972656e+01 1.010398769378662109e+01
1.325107955932617188e+01 1.152808856964111328e+01
1.090925693511962891e+01 1.073290443420410156e+01
1.400317382812500000e+01 1.475279903411865234e+01
1.274656200408935547e+01 1.250595474243164062e+01
1.617793464660644531e+01 1.410980606079101562e+01
1.129713439941406250e+01 1.036534404754638672e+01
1.466716766357421875e+01 1.377181720733642578e+01
1.384777641296386719e+01 1.252204895019531250e+01
1.341317462921142578e+01 1.291575527191162109e+01
1.274738121032714844e+01 1.247453594207763672e+01
1.440919589996337891e+01 1.290183353424072266e+01
1.228652381896972656e+01 1.218118667602539062e+01
1.352416419982910156e+01 1.272074985504150391e+01
1.110263156890869141e+01 1.113753700256347656e+01
1.356010437011718750e+01 1.309072113037109375e+01
1.199694347381591797e+01 1.116782379150390625e+01
1.413547992706298828e+01 1.316411018371582031e+01
1.278728294372558594e+01 1.187154197692871094e+01
1.386263465881347656e+01 1.295583724975585938e+01
1.270027065277099609e+01 1.149569892883300781e+01
1.394789981842041016e+01 1.224689102172851562e+01
1.214750766754150391e+01 1.263922309875488281e+01
1.362215614318847656e+01 1.338873386383056641e+01
1.301446247100830078e+01 1.153151607513427734e+01
1.286873435974121094e+01 1.219901561737060547e+01
1.179582691192626953e+01 1.136630535125732422e+01
1.389432525634765625e+01 1.173542976379394531e+01
1.130701541900634766e+01 1.057038688659667969e+01
1.615266799926757812e+01 1.457597541809082031e+01
1.423516941070556641e+01 1.524938488006591797e+01
1.584868240356445312e+01 1.639520454406738281e+01
1.393212509155273438e+01 1.474726486206054688e+01
1.388214302062988281e+01 1.289711284637451172e+01
1.364376926422119141e+01 1.268862342834472656e+01
1.516328907012939453e+01 1.260437965393066406e+01
1.441496467590332031e+01 1.220873832702636719e+01
1.490368747711181641e+01 1.305188179016113281e+01
1.361009407043457031e+01 1.253090572357177734e+01
1.461442756652832031e+01 1.229720592498779297e+01
1.183006095886230469e+01 1.190467262268066406e+01
1.254920959472656250e+01 1.186256980895996094e+01
1.143849277496337891e+01 1.032148647308349609e+01
1.403652954101562500e+01 1.333841705322265625e+01
1.110684776306152344e+01 1.257827186584472656e+01
1.278355121612548828e+01 1.328276348114013672e+01
1.116486167907714844e+01 1.045173740386962891e+01
1.280612182617187500e+01 1.380708980560302734e+01
1.228731155395507812e+01 1.124036026000976562e+01
1.371377849578857422e+01 1.248523807525634766e+01
1.257505130767822266e+01 1.040677547454833984e+01
1.409160804748535156e+01 1.322560405731201172e+01
1.357029914855957031e+01 1.198349952697753906e+01
1.257388401031494141e+01 1.214480400085449219e+01
1.231534099578857422e+01 1.251696014404296875e+01
1.376301860809326172e+01 1.158425521850585938e+01
1.128441429138183594e+01 1.176548862457275391e+01
1.239037799835205078e+01 1.052873897552490234e+01
1.187872314453125000e+01 1.089313125610351562e+01
1.365070152282714844e+01 1.152590942382812500e+01
1.147788429260253906e+01 1.073202610015869141e+01
1.450977420806884766e+01 1.373698806762695312e+01
1.167396545410156250e+01 1.102311611175537109e+01
1.232119083404541016e+01 1.262351131439208984e+01
1.160446166992187500e+01 1.212822246551513672e+01
1.335578823089599609e+01 1.276932144165039062e+01
1.270893478393554688e+01 1.250891971588134766e+01
1.416262722015380859e+01 1.304893302917480469e+01
1.229057407379150391e+01 1.175471210479736328e+01
1.375487804412841797e+01 1.236343574523925781e+01
1.215896987915039062e+01 1.161757946014404297e+01
1.356285095214843750e+01 1.215316867828369141e+01
1.241143417358398438e+01 1.221800136566162109e+01
1.299752330780029297e+01 1.242156505584716797e+01
1.158524417877197266e+01 1.199662494659423828e+01
1.310112571716308594e+01 1.258034229278564453e+01
1.274771595001220703e+01 1.309212970733642578e+01
1.672511291503906250e+01 1.445092964172363281e+01
1.362560749053955078e+01 1.345241165161132812e+01
1.615940666198730469e+01 1.551737785339355469e+01
1.323649311065673828e+01 1.231329441070556641e+01
1.314135932922363281e+01 1.323706150054931641e+01
1.302203559875488281e+01 1.218053817749023438e+01
1.452391052246093750e+01 1.329444599151611328e+01
1.295173263549804688e+01 1.268836975097656250e+01
1.410702037811279297e+01 1.261199283599853516e+01
1.289113903045654297e+01 1.176693725585937500e+01
1.315212726593017578e+01 1.202789592742919922e+01
1.170453739166259766e+01 1.121351718902587891e+01
1.361972904205322266e+01 1.136972045898437500e+01
1.193795680999755859e+01 1.199633121490478516e+01
1.421823501586914062e+01 1.225495815277099609e+01
1.144550895690917969e+01 1.061952304840087891e+01
1.549029350280761719e+01 1.365892791748046875e+01
1.199844932556152344e+01 1.177978897094726562e+01
1.398250007629394531e+01 1.464077663421630859e+01
1.184672451019287109e+01 1.226929187774658203e+01
1.203351402282714844e+01 1.123362255096435547e+01
1.112252998352050781e+01 1.179219150543212891e+01
1.203209495544433594e+01 1.121799373626708984e+01
1.124306869506835938e+01 1.048960971832275391e+01
1.301858711242675781e+01 1.199705886840820312e+01
1.024663066864013672e+01 1.057575607299804688e+01
1.264465045928955078e+01 1.155736160278320312e+01
1.216461372375488281e+01 1.055761623382568359e+01
1.226596927642822266e+01 1.184965896606445312e+01
1.145940399169921875e+01 1.056576633453369141e+01
1.390415096282958984e+01 1.287293720245361328e+01
1.175337219238281250e+01 1.144397258758544922e+01
1.469779872894287109e+01 1.442113018035888672e+01
1.235982322692871094e+01 1.309832859039306641e+01
1.498508358001708984e+01 1.332515811920166016e+01
1.118932247161865234e+01 1.095629692077636719e+01
1.374443626403808594e+01 1.331064510345458984e+01
1.362406253814697266e+01 1.203706455230712891e+01
1.363299942016601562e+01 1.286737346649169922e+01
1.224850654602050781e+01 1.257928180694580078e+01
1.387057399749755859e+01 1.235846138000488281e+01
1.170959663391113281e+01 1.212069702148437500e+01
1.308081436157226562e+01 1.270733451843261719e+01
1.110982799530029297e+01 1.147648620605468750e+01
1.292224311828613281e+01 1.236724662780761719e+01
1.116471290588378906e+01 1.150999927520751953e+01
1.426304912567138672e+01 1.310741806030273438e+01
1.265019607543945312e+01 1.257135200500488281e+01
1.536392593383789062e+01 1.376598262786865234e+01
1.355943679809570312e+01 1.202422809600830078e+01
1.546496391296386719e+01 1.398181343078613281e+01
1.397579765319824219e+01 1.293312644958496094e+01
1.524510097503662109e+01 1.197143268585205078e+01
1.201674365997314453e+01 1.194379806518554688e+01
1.341664886474609375e+01 1.203090381622314453e+01
1.223622608184814453e+01 1.056202697753906250e+01
1.271278667449951172e+01 1.312326335906982422e+01
1.019750881195068359e+01 1.175418758392333984e+01
1.214031887054443359e+01 1.369764614105224609e+01
1.057782649993896484e+01 1.128636646270751953e+01
1.216721153259277344e+01 1.192484569549560547e+01
1.202253055572509766e+01 1.127517032623291016e+01
1.427664756774902344e+01 1.207785701751708984e+01
1.281305217742919922e+01 1.207705783843994141e+01
1.554676818847656250e+01 1.413064575195312500e+01
1.461786556243896484e+01 1.465896892547607422e+01
1.655496978759765625e+01 1.313352012634277344e+01
1.253919410705566406e+01 1.307729053497314453e+01
1.525716590881347656e+01 1.264285373687744141e+01
1.235507583618164062e+01 1.142197990417480469e+01
1.420024585723876953e+01 1.256958293914794922e+01
1.235267353057861328e+01 1.134746074676513672e+01
1.309778690338134766e+01 1.319604396820068359e+01
1.205350208282470703e+01 1.077384757995605469e+01
1.268617916107177734e+01 1.186178493499755859e+01
1.100155448913574219e+01 1.048453235626220703e+01
1.263326263427734375e+01 1.096945381164550781e+01
1.150254917144775391e+01 1.082477474212646484e+01
1.345703506469726562e+01 1.164731311798095703e+01
1.095242404937744141e+01 1.026572418212890625e+01
1.351321506500244141e+01 1.312798881530761719e+01
1.136358833312988281e+01 1.161444854736328125e+01
1.326246166229248047e+01 1.228352737426757812e+01
1.218970966339111328e+01 1.308955192565917969e+01
1.375636768341064453e+01 1.124852943420410156e+01
1.265882015228271484e+01 1.140089416503906250e+01
1.368003368377685547e+01 1.127246093750000000e+01
1.154897212982177734e+01 1.098212337493896484e+01
1.444248104095458984e+01 1.322362709045410156e+01
1.231997680664062500e+01 1.112132740020751953e+01
1.434117221832275391e+01 1.367433547973632812e+01
1.211133003234863281e+01 1.284989261627197266e+01
1.478139400482177734e+01 1.316988086700439453e+01
1.194594669342041016e+01 1.171454524993896484e+01
1.464603042602539062e+01 1.351325702667236328e+01
1.279991245269775391e+01 1.302910614013671875e+01
1.352769660949707031e+01 1.313714122772216797e+01
1.270650386810302734e+01 1.178920841217041016e+01
1.406779193878173828e+01 1.459887409210205078e+01
1.325717163085937500e+01 1.412663650512695312e+01
1.367252826690673828e+01 1.286871528625488281e+01
1.301621341705322266e+01 1.200118255615234375e+01
1.421371459960937500e+01 1.192995452880859375e+01
1.187462234497070312e+01 1.292058753967285156e+01
1.341744041442871094e+01 1.136933517456054688e+01
1.064183902740478516e+01 1.138672256469726562e+01
1.357106590270996094e+01 1.245710945129394531e+01
1.060556888580322266e+01 1.097433948516845703e+01
1.257321453094482422e+01 1.347979354858398438e+01
1.228744888305664062e+01 1.174622631072998047e+01
1.410848903656005859e+01 1.350052738189697266e+01
1.224682044982910156e+01 1.187868785858154297e+01
1.546011161804199219e+01 1.422140979766845703e+01
1.427360630035400391e+01 1.386116409301757812e+01
1.501945018768310547e+01 1.464945602416992188e+01
1.454420471191406250e+01 1.421873855590820312e+01
1.517335033416748047e+01 1.497922706604003906e+01
1.491678714752197266e+01 1.396368217468261719e+01
1.457420444488525391e+01 1.155696678161621094e+01
1.166318798065185547e+01 1.190326023101806641e+01
1.356152915954589844e+01 1.269823074340820312e+01
1.234658813476562500e+01 1.122961330413818359e+01
1.066404056549072266e+01 1.196097469329833984e+01
9.877299308776855469e+00 9.906041145324707031e+00
1.109721946716308594e+01 1.076315975189208984e+01
1.053488349914550781e+01 9.561926841735839844e+00
1.161067390441894531e+01 1.150059127807617188e+01
1.077495670318603516e+01 1.098152637481689453e+01
1.286735820770263672e+01 1.174291896820068359e+01
1.134335994720458984e+01 1.218558692932128906e+01
1.361218357086181641e+01 1.330848884582519531e+01
1.198863887786865234e+01 1.219956970214843750e+01
1.454569244384765625e+01 1.414817333221435547e+01
1.281276988983154297e+01 1.265287303924560547e+01
1.520063495635986328e+01 1.412035465240478516e+01
1.320604228973388672e+01 1.182235431671142578e+01
1.414569473266601562e+01 1.362098503112792969e+01
1.312707901000976562e+01 1.324630832672119141e+01
1.512846279144287109e+01 1.312107276916503906e+01
1.398883628845214844e+01 1.329572868347167969e+01
1.554444217681884766e+01 1.423500919342041016e+01
1.358263874053955078e+01 1.318773365020751953e+01
1.658401489257812500e+01 1.479255485534667969e+01
1.448639106750488281e+01 1.363320255279541016e+01
1.268551349639892578e+01 1.219085884094238281e+01
1.097649097442626953e+01 1.048037242889404297e+01
1.332921886444091797e+01 1.102119159698486328e+01
1.127368927001953125e+01 1.112563323974609375e+01
1.230771923065185547e+01 1.136376667022705078e+01
1.156513595581054688e+01 1.055426597595214844e+01
1.237615871429443359e+01 1.199880409240722656e+01
1.130667114257812500e+01 1.102781009674072266e+01
1.399052047729492188e+01 1.189769744873046875e+01
1.149180603027343750e+01 1.073513889312744141e+01
1.214819526672363281e+01 1.249730777740478516e+01
1.183115673065185547e+01 1.108125591278076172e+01
1.344419956207275391e+01 1.210059928894042969e+01
1.125317001342773438e+01 1.244328212738037109e+01
1.438488769531250000e+01 1.287893676757812500e+01
1.158885288238525391e+01 1.119179153442382812e+01
1.415857505798339844e+01 1.338474750518798828e+01
1.254192638397216797e+01 1.232704448699951172e+01
1.617221260070800781e+01 1.418525695800781250e+01
1.404695224761962891e+01 1.285961818695068359e+01
1.594846153259277344e+01 1.451858425140380859e+01
1.415273666381835938e+01 1.322397041320800781e+01
1.514468955993652344e+01 1.237244129180908203e+01
1.188433742523193359e+01 1.193780326843261719e+01
1.388938522338867188e+01 1.262067031860351562e+01
1.179503917694091797e+01 1.167752075195312500e+01
1.314469814300537109e+01 1.056525611877441406e+01
9.900475502014160156e+00 1.082177734375000000e+01
1.187263298034667969e+01 1.111376762390136719e+01
9.788171768188476562e+00 9.417662620544433594e+00
1.218208789825439453e+01 1.178300666809082031e+01
9.761175155639648438e+00 9.426149368286132812e+00
1.461527824401855469e+01 1.222328758239746094e+01
1.126601600646972656e+01 9.966672897338867188e+00
1.459366607666015625e+01 1.286006546020507812e+01
1.374010467529296875e+01 1.154800605773925781e+01
1.491873073577880859e+01 1.234104251861572266e+01
1.168345928192138672e+01 1.193692016601562500e+01
1.470302963256835938e+01 1.387780094146728516e+01
1.275103855133056641e+01 1.311549091339111328e+01
1.381101036071777344e+01 1.343206977844238281e+01
1.192653274536132812e+01 1.150231647491455078e+01
1.373110961914062500e+01 1.340254688262939453e+01
1.418144321441650391e+01 1.247914981842041016e+01
1.490609169006347656e+01 1.362117004394531250e+01
1.281334590911865234e+01 1.238903331756591797e+01
1.586571979522705078e+01 1.473363590240478516e+01
1.476393318176269531e+01 1.433573532104492188e+01
1.205032825469970703e+01 1.159996891021728516e+01
1.074932384490966797e+01 1.218895149230957031e+01
1.243163108825683594e+01 1.162007904052734375e+01
1.178697872161865234e+01 1.103756332397460938e+01
1.392287254333496094e+01 1.189574050903320312e+01
1.156228828430175781e+01 1.145105934143066406e+01
1.404692363739013672e+01 1.172953701019287109e+01
1.249256992340087891e+01 1.154560279846191406e+01
1.273561859130859375e+01 1.233975410461425781e+01
1.146656703948974609e+01 1.124127292633056641e+01
1.323983287811279297e+01 1.265710163116455078e+01
1.123897171020507812e+01 1.189512729644775391e+01
1.333260250091552734e+01 1.275752449035644531e+01
1.244160175323486328e+01 1.178582096099853516e+01
1.557001495361328125e+01 1.516462993621826172e+01
1.272182178497314453e+01 1.347137737274169922e+01
1.630964088439941406e+01 1.448539066314697266e+01
1.397505664825439453e+01 1.251456165313720703e+01
1.618191528320312500e+01 1.445429801940917969e+01
1.439885139465332031e+01 1.414500427246093750e+01
1.632995223999023438e+01 1.507651710510253906e+01
1.443600749969482422e+01 1.363883590698242188e+01
1.646891403198242188e+01 1.429647064208984375e+01
1.233181953430175781e+01 1.265338516235351562e+01
1.537796783447265625e+01 1.451876735687255859e+01
1.250320053100585938e+01 1.255017375946044922e+01
1.410697555541992188e+01 1.370257663726806641e+01
1.371555709838867188e+01 1.284814453125000000e+01
1.511638927459716797e+01 1.436499786376953125e+01
1.275745582580566406e+01 1.148419475555419922e+01
1.377894687652587891e+01 1.323915576934814453e+01
1.319130611419677734e+01 1.253356838226318359e+01
1.349817371368408203e+01 1.436287975311279297e+01
1.362506389617919922e+01 1.268216609954833984e+01
1.386845493316650391e+01 1.383265399932861328e+01
1.315950298309326172e+01 1.309039592742919922e+01
1.336924839019775391e+01 1.221250629425048828e+01
1.248418331146240234e+01 1.189827728271484375e+01
1.421106243133544922e+01 1.264657020568847656e+01
1.181852626800537109e+01 1.229025173187255859e+01
1.417638397216796875e+01 1.248293876647949219e+01
1.313266849517822266e+01 1.300328636169433594e+01
1.401066780090332031e+01 1.394025897979736328e+01
1.280003643035888672e+01 1.162401866912841797e+01
1.437515258789062500e+01 1.342248153686523438e+01
1.250497531890869141e+01 1.307177829742431641e+01
1.493357753753662109e+01 1.324218559265136719e+01
1.297475910186767578e+01 1.265397071838378906e+01
1.281598281860351562e+01 1.129509735107421875e+01
1.132487773895263672e+01 9.889037132263183594e+00
1.323934268951416016e+01 1.251503276824951172e+01
1.271348571777343750e+01 1.179730510711669922e+01
1.282789421081542969e+01 1.208765125274658203e+01
1.282769870758056641e+01 1.132871246337890625e+01
1.375802516937255859e+01 1.226426410675048828e+01
1.184336566925048828e+01 1.182058238983154297e+01
1.417684745788574219e+01 1.292304039001464844e+01
1.206695747375488281e+01 1.251156425476074219e+01
1.359201431274414062e+01 1.286138343811035156e+01
1.145293712615966797e+01 1.136723232269287109e+01
1.475789642333984375e+01 1.374525642395019531e+01
1.303798961639404297e+01 1.255136203765869141e+01
1.541720199584960938e+01 1.524930095672607422e+01
1.373007678985595703e+01 1.241827774047851562e+01
1.573002433776855469e+01 1.441877746582031250e+01
1.460819339752197266e+01 1.387984180450439453e+01
1.627168083190917969e+01 1.436346054077148438e+01
1.447729206085205078e+01 1.283220100402832031e+01
1.672702980041503906e+01 1.529865646362304688e+01
1.406760120391845703e+01 1.341959476470947266e+01
1.565268516540527344e+01 1.494442939758300781e+01
1.292439460754394531e+01 1.333652305603027344e+01
1.574443912506103516e+01 1.386054706573486328e+01
1.218632602691650391e+01 1.343273162841796875e+01
1.445709037780761719e+01 1.312834453582763672e+01
1.376258373260498047e+01 1.307147693634033203e+01
1.260808753967285156e+01 1.226051235198974609e+01
1.259022712707519531e+01 1.148788452148437500e+01
1.320703220367431641e+01 1.121669769287109375e+01
1.267067623138427734e+01 1.117200279235839844e+01
1.468589210510253906e+01 1.204097461700439453e+01
1.247944641113281250e+01 1.252920722961425781e+01
1.417640876770019531e+01 1.182491207122802734e+01
1.201437473297119141e+01 1.120820903778076172e+01
1.285447311401367188e+01 1.219578742980957031e+01
1.167468738555908203e+01 1.093747711181640625e+01
1.357894420623779297e+01 1.235466003417968750e+01
1.236668872833251953e+01 1.190839004516601562e+01
1.438341999053955078e+01 1.262496948242187500e+01
1.249568557739257812e+01 1.182157325744628906e+01
1.406575489044189453e+01 1.310122299194335938e+01
1.155766010284423828e+01 1.167454719543457031e+01
1.349166584014892578e+01 1.306777191162109375e+01
1.246940612792968750e+01 1.142614269256591797e+01
1.388823413848876953e+01 1.338130855560302734e+01
1.239153289794921875e+01 1.138157272338867188e+01
1.219920444488525391e+01 1.210747337341308594e+01
1.125253963470458984e+01 1.191351413726806641e+01
1.375718688964843750e+01 1.261045074462890625e+01
1.224221420288085938e+01 1.174920654296875000e+01
1.238624382019042969e+01 1.148851966857910156e+01
1.147238826751708984e+01 1.149459743499755859e+01
1.390150451660156250e+01 1.336089897155761719e+01
1.174376964569091797e+01 1.198156070709228516e+01
1.415983676910400391e+01 1.387560749053955078e+01
1.275431537628173828e+01 1.303479862213134766e+01
1.358572006225585938e+01 1.283788299560546875e+01
1.192875385284423828e+01 1.235232639312744141e+01
1.604562568664550781e+01 1.355830478668212891e+01
1.384415340423583984e+01 1.453740501403808594e+01
1.498644733428955078e+01 1.458091735839843750e+01
1.401971817016601562e+01 1.296217155456542969e+01
1.488550567626953125e+01 1.503709506988525391e+01
1.361006927490234375e+01 1.374726581573486328e+01
1.586036396026611328e+01 1.372133922576904297e+01
1.513350582122802734e+01 1.378226184844970703e+01
1.668071746826171875e+01 1.484269714355468750e+01
1.412641048431396484e+01 1.295310401916503906e+01
1.571731948852539062e+01 1.415279197692871094e+01
1.393567657470703125e+01 1.372863578796386719e+01
1.491337013244628906e+01 1.448264980316162109e+01
1.345667743682861328e+01 1.287539482116699219e+01
1.528639698028564453e+01 1.410769844055175781e+01
1.306941986083984375e+01 1.375282382965087891e+01
1.458204555511474609e+01 1.358434963226318359e+01
1.382109069824218750e+01 1.310955333709716797e+01
1.320696258544921875e+01 1.286901664733886719e+01
1.362418365478515625e+01 1.387382888793945312e+01
1.466398048400878906e+01 1.351061534881591797e+01
1.369620227813720703e+01 1.369525432586669922e+01
1.434058284759521484e+01 1.350133895874023438e+01
1.179810810089111328e+01 1.192945861816406250e+01
1.288792133331298828e+01 1.288300800323486328e+01
1.262279987335205078e+01 1.144286632537841797e+01
1.369559955596923828e+01 1.310924530029296875e+01
1.283090305328369141e+01 1.198696231842041016e+01
1.257351398468017578e+01 1.279767704010009766e+01
1.199808597564697266e+01 1.100115489959716797e+01
1.276854801177978516e+01 1.163830852508544922e+01
1.059904670715332031e+01 1.151856422424316406e+01
1.417010116577148438e+01 1.256492614746093750e+01
1.222132301330566406e+01 1.166538619995117188e+01
1.325472927093505859e+01 1.225450897216796875e+01
1.269069480895996094e+01 1.113792228698730469e+01
1.319019412994384766e+01 1.247370338439941406e+01
1.229203701019287109e+01 1.080528831481933594e+01
1.316627311706542969e+01 1.115356445312500000e+01
1.137216758728027344e+01 1.098894786834716797e+01
1.343336772918701172e+01 1.246298027038574219e+01
1.111710548400878906e+01 1.056156730651855469e+01
1.270915985107421875e+01 1.219057464599609375e+01
1.214222621917724609e+01 1.147501182556152344e+01
1.385206031799316406e+01 1.295970726013183594e+01
1.173394012451171875e+01 1.299207305908203125e+01
1.338227748870849609e+01 1.385473823547363281e+01
1.191319370269775391e+01 1.238271617889404297e+01
1.454394626617431641e+01 1.430747509002685547e+01
1.309864521026611328e+01 1.303127670288085938e+01
1.536513996124267578e+01 1.477164268493652344e+01
1.334859561920166016e+01 1.290782165527343750e+01
1.516039562225341797e+01 1.364969730377197266e+01
1.479674243927001953e+01 1.305578613281250000e+01
1.461265277862548828e+01 1.320650291442871094e+01
1.403725242614746094e+01 1.222201919555664062e+01
1.402008247375488281e+01 1.404799365997314453e+01
1.393373107910156250e+01 1.368965435028076172e+01
1.402171421051025391e+01 1.234530544281005859e+01
1.365239906311035156e+01 1.254425334930419922e+01
1.453871154785156250e+01 1.248521423339843750e+01
1.318118953704833984e+01 1.282360553741455078e+01
1.511677837371826172e+01 1.309186935424804688e+01
1.413008499145507812e+01 1.383320999145507812e+01
1.483563423156738281e+01 1.302279186248779297e+01
1.256794071197509766e+01 1.323860931396484375e+01
1.339506626129150391e+01 1.176256561279296875e+01
1.251921463012695312e+01 1.092276668548583984e+01
1.459456920623779297e+01 1.295760250091552734e+01
1.280635547637939453e+01 1.306815719604492188e+01
1.481215381622314453e+01 1.544706344604492188e+01
1.231965923309326172e+01 1.187722778320312500e+01
1.241830921173095703e+01 1.085064983367919922e+01
1.123897552490234375e+01 1.186006736755371094e+01
1.264098739624023438e+01 1.089396953582763672e+01
1.215451717376708984e+01 1.098791790008544922e+01
1.290010261535644531e+01 1.169015502929687500e+01
1.113746261596679688e+01 1.005167675018310547e+01
1.327797126770019531e+01 1.208112430572509766e+01
1.098410892486572266e+01 1.048408699035644531e+01
1.244356822967529297e+01 1.273762989044189453e+01
1.209284591674804688e+01 1.151365280151367188e+01
1.398499965667724609e+01 1.325387763977050781e+01
1.172442436218261719e+01 1.314938831329345703e+01
1.401768207550048828e+01 1.297561931610107422e+01
1.225373935699462891e+01 1.109806537628173828e+01
1.270369243621826172e+01 1.237702751159667969e+01
1.163410854339599609e+01 1.124643707275390625e+01
1.526490116119384766e+01 1.275287151336669922e+01
1.310785293579101562e+01 1.357294845581054688e+01
1.466842651367187500e+01 1.362074756622314453e+01
1.253725624084472656e+01 1.191240882873535156e+01
1.432164192199707031e+01 1.338544750213623047e+01
1.232048702239990234e+01 1.306639003753662109e+01
1.636324310302734375e+01 1.439020156860351562e+01
1.372024059295654297e+01 1.329982185363769531e+01
1.727100181579589844e+01 1.562759494781494141e+01
1.469006919860839844e+01 1.367817401885986328e+01
1.538552570343017578e+01 1.471990489959716797e+01
1.373246192932128906e+01 1.362203502655029297e+01
1.363195133209228516e+01 1.365304279327392578e+01
1.350393295288085938e+01 1.287200164794921875e+01
1.377037334442138672e+01 1.274627017974853516e+01
1.216197013854980469e+01 1.280159664154052734e+01
1.483257198333740234e+01 1.282899379730224609e+01
1.218092823028564453e+01 1.184539985656738281e+01
1.300072479248046875e+01 1.317381572723388672e+01
1.384562492370605469e+01 1.216351890563964844e+01
1.413882064819335938e+01 1.445944404602050781e+01
1.357713317871093750e+01 1.235781383514404297e+01
1.476384449005126953e+01 1.454120826721191406e+01
1.368233585357666016e+01 1.450489139556884766e+01
1.417610645294189453e+01 1.348438167572021484e+01
1.259013748168945312e+01 1.344582653045654297e+01
1.339471721649169922e+01 1.235436248779296875e+01
1.295456504821777344e+01 1.265983295440673828e+01
1.467175483703613281e+01 1.290745735168457031e+01
1.257931518554687500e+01 1.245446300506591797e+01
1.499627399444580078e+01 1.382182025909423828e+01
1.195123291015625000e+01 1.306241321563720703e+01
1.322422790527343750e+01 1.236257648468017578e+01
1.194388484954833984e+01 1.112702846527099609e+01
1.470573234558105469e+01 1.357438278198242188e+01
1.221349525451660156e+01 1.194653987884521484e+01
1.353993511199951172e+01 1.315256214141845703e+01
1.233216094970703125e+01 1.202817821502685547e+01
1.366878604888916016e+01 1.255238914489746094e+01
1.183673095703125000e+01 1.169958019256591797e+01
1.458645725250244141e+01 1.291475582122802734e+01
1.129895210266113281e+01 1.190888690948486328e+01
1.363580131530761719e+01 1.244224739074707031e+01
1.155467128753662109e+01 1.017767143249511719e+01
1.237601184844970703e+01 1.143559932708740234e+01
1.159088802337646484e+01 1.084151840209960938e+01
1.437762737274169922e+01 1.157644653320312500e+01
1.157670783996582031e+01 1.162361049652099609e+01
1.368874168395996094e+01 1.351030921936035156e+01
1.247404861450195312e+01 1.168808460235595703e+01
1.387181758880615234e+01 1.403134727478027344e+01
1.142827892303466797e+01 1.216064548492431641e+01
1.489927005767822266e+01 1.374575233459472656e+01
1.327702140808105469e+01 1.184345436096191406e+01
1.597273635864257812e+01 1.479270267486572266e+01
1.520701789855957031e+01 1.391084098815917969e+01
1.714704513549804688e+01 1.594267082214355469e+01
1.593620204925537109e+01 1.464867973327636719e+01
1.632135963439941406e+01 1.274194049835205078e+01
1.316103267669677734e+01 1.328531837463378906e+01
1.477941989898681641e+01 1.398919010162353516e+01
1.337736988067626953e+01 1.326266956329345703e+01
1.436796474456787109e+01 1.428903293609619141e+01
1.294546222686767578e+01 1.281099128723144531e+01
1.477767181396484375e+01 1.412276172637939453e+01
1.236772251129150391e+01 1.219999313354492188e+01
1.411570549011230469e+01 1.215680694580078125e+01
1.305224704742431641e+01 1.303609848022460938e+01
1.448594379425048828e+01 1.196926116943359375e+01
1.361397171020507812e+01 1.372402191162109375e+01
1.560417175292968750e+01 1.345107269287109375e+01
1.231048583984375000e+01 1.218741130828857422e+01
1.511420059204101562e+01 1.460236263275146484e+01
1.273492336273193359e+01 1.279846000671386719e+01
1.490995788574218750e+01 1.393593215942382812e+01
1.200417900085449219e+01 1.162727832794189453e+01
1.521787738800048828e+01 1.417232990264892578e+01
1.413772392272949219e+01 1.293131542205810547e+01
1.549071693420410156e+01 1.446088218688964844e+01
1.241041183471679688e+01 1.287732124328613281e+01
1.588258457183837891e+01 1.429694366455078125e+01
1.285635280609130859e+01 1.313344573974609375e+01
1.455896377563476562e+01 1.344695568084716797e+01
1.293876361846923828e+01 1.211724090576171875e+01
1.623302841186523438e+01 1.424857234954833984e+01
1.193523788452148438e+01 1.285104846954345703e+01
1.369343948364257812e+01 1.395898723602294922e+01
1.300573253631591797e+01 1.142493820190429688e+01
1.290114021301269531e+01 1.291916275024414062e+01
1.338191509246826172e+01 1.191788864135742188e+01
1.428699302673339844e+01 1.233966159820556641e+01
1.205730533599853516e+01 1.240519332885742188e+01
1.309341144561767578e+01 1.081483459472656250e+01
1.115865707397460938e+01 1.117786693572998047e+01
1.507306957244873047e+01 1.231137943267822266e+01
1.291991043090820312e+01 1.193289279937744141e+01
1.543116092681884766e+01 1.476882076263427734e+01
1.159972667694091797e+01 1.178417015075683594e+01
1.381584358215332031e+01 1.487187957763671875e+01
1.190148067474365234e+01 1.219101619720458984e+01
1.509125804901123047e+01 1.452910518646240234e+01
1.358482837677001953e+01 1.413432884216308594e+01
1.773775100708007812e+01 1.467564582824707031e+01
1.462427997589111328e+01 1.383782386779785156e+01
1.712719726562500000e+01 1.581471157073974609e+01
1.538135051727294922e+01 1.461926937103271484e+01
1.581266975402832031e+01 1.420380020141601562e+01
1.377902793884277344e+01 1.330357456207275391e+01
1.572632980346679688e+01 1.434435653686523438e+01
1.283804893493652344e+01 1.126462078094482422e+01
1.391215133666992188e+01 1.339436626434326172e+01
1.317987060546875000e+01 1.324177074432373047e+01
1.498437500000000000e+01 1.485555362701416016e+01
1.248574256896972656e+01 1.349518108367919922e+01
1.457041263580322266e+01 1.373246097564697266e+01
1.312612056732177734e+01 1.365919303894042969e+01
1.607268142700195312e+01 1.407647609710693359e+01
1.321108913421630859e+01 1.323848628997802734e+01
1.598995590209960938e+01 1.555314064025878906e+01
1.542478847503662109e+01 1.354653167724609375e+01
1.667555809020996094e+01 1.564760971069335938e+01
1.398735427856445312e+01 1.535686016082763672e+01
1.607063674926757812e+01 1.357137584686279297e+01
1.326961326599121094e+01 1.284981060028076172e+01
1.437799167633056641e+01 1.451800918579101562e+01
1.366251468658447266e+01 1.203456974029541016e+01
1.470173072814941406e+01 1.439383888244628906e+01
1.389516830444335938e+01 1.328707122802734375e+01
1.683738327026367188e+01 1.481859588623046875e+01
1.377506542205810547e+01 1.345828437805175781e+01
1.505656528472900391e+01 1.377877998352050781e+01
1.268681335449218750e+01 1.372941589355468750e+01
1.464987850189208984e+01 1.415890789031982422e+01
1.325442600250244141e+01 1.376255607604980469e+01
1.519051456451416016e+01 1.275592708587646484e+01
1.298713397979736328e+01 1.180718708038330078e+01
1.393309974670410156e+01 1.211030960083007812e+01
1.330103492736816406e+01 1.184597110748291016e+01
1.442246913909912109e+01 1.333976840972900391e+01
1.308176994323730469e+01 1.220348453521728516e+01
1.230855751037597656e+01 1.131227397918701172e+01
1.260782623291015625e+01 1.125258731842041016e+01
1.432841300964355469e+01 1.198322200775146484e+01
1.142772960662841797e+01 1.097784328460693359e+01
1.433939456939697266e+01 1.369173049926757812e+01
1.243338394165039062e+01 1.207155704498291016e+01
1.323072910308837891e+01 1.221776199340820312e+01
1.260384368896484375e+01 1.281582450866699219e+01
1.591655158996582031e+01 1.433637809753417969e+01
1.418624591827392578e+01 1.310624313354492188e+01
1.716116905212402344e+01 1.547252941131591797e+01
1.471696662902832031e+01 1.358139228820800781e+01
1.722876167297363281e+01 1.611987495422363281e+01
1.477307510375976562e+01 1.416185474395751953e+01
1.686085700988769531e+01 1.458347988128662109e+01
1.455141067504882812e+01 1.386009979248046875e+01
1.521129322052001953e+01 1.305129909515380859e+01
1.383691883087158203e+01 1.347422313690185547e+01
1.557844829559326172e+01 1.409186553955078125e+01
1.300516796112060547e+01 1.351604461669921875e+01
1.654668045043945312e+01 1.489848041534423828e+01
1.290260887145996094e+01 1.331339263916015625e+01
1.590665340423583984e+01 1.439843368530273438e+01
1.358821105957031250e+01 1.359799098968505859e+01
1.677825927734375000e+01 1.488224887847900391e+01
1.416484260559082031e+01 1.320718955993652344e+01
1.661469268798828125e+01 1.496357917785644531e+01
1.417153358459472656e+01 1.325560665130615234e+01
1.428724479675292969e+01 1.429212760925292969e+01
1.326340675354003906e+01 1.272324085235595703e+01
1.506579303741455078e+01 1.463423538208007812e+01
1.270317077636718750e+01 1.244137287139892578e+01
1.420324611663818359e+01 1.326947307586669922e+01
1.269784450531005859e+01 1.178362751007080078e+01
1.444133567810058594e+01 1.220909023284912109e+01
1.348811435699462891e+01 1.327842140197753906e+01
1.444877529144287109e+01 1.447219657897949219e+01
1.276554203033447266e+01 1.252544116973876953e+01
1.532922935485839844e+01 1.366030883789062500e+01
1.153817462921142578e+01 1.186029911041259766e+01
1.594598865509033203e+01 1.366794586181640625e+01
1.482399845123291016e+01 1.390434169769287109e+01
1.553810691833496094e+01 1.407498645782470703e+01
1.498019695281982422e+01 1.362724685668945312e+01
1.556221103668212891e+01 1.317909049987792969e+01
1.419271755218505859e+01 1.256662845611572266e+01
1.609061050415039062e+01 1.449112319946289062e+01
1.367887973785400391e+01 1.430260944366455078e+01
1.181438064575195312e+01 1.151998996734619141e+01
1.129501724243164062e+01 1.102072525024414062e+01
1.260240650177001953e+01 1.284395027160644531e+01
1.140138912200927734e+01 1.147286605834960938e+01
1.413092613220214844e+01 1.373791027069091797e+01
1.138705444335937500e+01 1.236039733886718750e+01
1.164564323425292969e+01 1.213493633270263672e+01
1.269985961914062500e+01 1.080062294006347656e+01
1.485889434814453125e+01 1.359999561309814453e+01
1.399452114105224609e+01 1.206774330139160156e+01
1.553280925750732422e+01 1.406936359405517578e+01
1.330560302734375000e+01 1.330833244323730469e+01
1.513960456848144531e+01 1.271070766448974609e+01
1.340661907196044922e+01 1.365065193176269531e+01
1.433496761322021484e+01 1.296256351470947266e+01
1.256082916259765625e+01 1.176915931701660156e+01
1.394014167785644531e+01 1.242868232727050781e+01
1.166987800598144531e+01 1.125442314147949219e+01
1.487328147888183594e+01 1.400055694580078125e+01
1.499751091003417969e+01 1.332574272155761719e+01
1.573882198333740234e+01 1.507744503021240234e+01
1.466791629791259766e+01 1.323961925506591797e+01
1.704130935668945312e+01 1.476149654388427734e+01
1.415639400482177734e+01 1.351207351684570312e+01
1.595938873291015625e+01 1.479679203033447266e+01
1.565085411071777344e+01 1.535579013824462891e+01
1.691328239440917969e+01 1.481017017364501953e+01
1.374590587615966797e+01 1.388664722442626953e+01
1.672127151489257812e+01 1.443523406982421875e+01
1.417514801025390625e+01 1.251644611358642578e+01
1.530079555511474609e+01 1.451349067687988281e+01
1.287234306335449219e+01 1.315341186523437500e+01
1.401521778106689453e+01 1.235085868835449219e+01
1.205835723876953125e+01 1.258768939971923828e+01
1.493437385559082031e+01 1.369036579132080078e+01
1.366451740264892578e+01 1.276132965087890625e+01
1.632922554016113281e+01 1.485353374481201172e+01
1.323010444641113281e+01 1.255100631713867188e+01
1.453080844879150391e+01 1.436485099792480469e+01
1.354090213775634766e+01 1.305908775329589844e+01
1.446242046356201172e+01 1.462825107574462891e+01
1.385284328460693359e+01 1.300929069519042969e+01
1.608245658874511719e+01 1.475731086730957031e+01
1.392717647552490234e+01 1.394705295562744141e+01
1.561723423004150391e+01 1.388437461853027344e+01
1.381457710266113281e+01 1.398409271240234375e+01
1.577552700042724609e+01 1.473253726959228516e+01
1.395392036437988281e+01 1.339455604553222656e+01
1.405147838592529297e+01 1.259855270385742188e+01
1.170808410644531250e+01 1.181383895874023438e+01
1.465329742431640625e+01 1.274111843109130859e+01
1.165543174743652344e+01 1.186198616027832031e+01
1.356164169311523438e+01 1.429943752288818359e+01
1.245157146453857422e+01 1.233688831329345703e+01
1.366408157348632812e+01 1.204915618896484375e+01
1.222776508331298828e+01 1.084098720550537109e+01
1.360074901580810547e+01 1.372011280059814453e+01
1.408596038818359375e+01 1.206107902526855469e+01
1.396585750579833984e+01 1.276704788208007812e+01
1.231753730773925781e+01 1.240277767181396484e+01
1.479669475555419922e+01 1.332463645935058594e+01
1.283415603637695312e+01 1.206722927093505859e+01
1.449093818664550781e+01 1.425937175750732422e+01
1.287680625915527344e+01 1.265605258941650391e+01
1.416852569580078125e+01 1.295969772338867188e+01
1.146493816375732422e+01 1.175307750701904297e+01
1.328050231933593750e+01 1.390733909606933594e+01
1.361203575134277344e+01 1.291956710815429688e+01
1.461711883544921875e+01 1.521139526367187500e+01
1.367300510406494141e+01 1.465036106109619141e+01
1.621846389770507812e+01 1.424801063537597656e+01
1.447032833099365234e+01 1.423064804077148438e+01
1.749460220336914062e+01 1.409417533874511719e+01
1.493470001220703125e+01 1.369306755065917969e+01
1.569486618041992188e+01 1.469706153869628906e+01
1.587254142761230469e+01 1.399937725067138672e+01
1.522377109527587891e+01 1.573295593261718750e+01
1.431995773315429688e+01 1.468744754791259766e+01
1.509891796112060547e+01 1.452435874938964844e+01
1.202378368377685547e+01 1.330874919891357422e+01
1.400401973724365234e+01 1.221683883666992188e+01
1.197987651824951172e+01 1.135814285278320312e+01
1.354239463806152344e+01 1.281895256042480469e+01
1.415129756927490234e+01 1.214657592773437500e+01
1.416337203979492188e+01 1.325193977355957031e+01
1.350804615020751953e+01 1.200275039672851562e+01
1.458766365051269531e+01 1.339844226837158203e+01
1.225506973266601562e+01 1.172663974761962891e+01
1.476369285583496094e+01 1.278192710876464844e+01
1.370442008972167969e+01 1.299717712402343750e+01
1.512274265289306641e+01 1.336291980743408203e+01
1.276871490478515625e+01 1.306486320495605469e+01
1.679491043090820312e+01 1.466209125518798828e+01
1.307168865203857422e+01 1.427871227264404297e+01
1.589149379730224609e+01 1.496163940429687500e+01
1.438043785095214844e+01 1.363105583190917969e+01
1.537198638916015625e+01 1.443259334564208984e+01
1.393158435821533203e+01 1.386894512176513672e+01
1.640651321411132812e+01 1.441599178314208984e+01
1.427170181274414062e+01 1.407360553741455078e+01
1.551844501495361328e+01 1.520272541046142578e+01
1.456284141540527344e+01 1.445212650299072266e+01
1.338589763641357422e+01 1.266128635406494141e+01
1.328714084625244141e+01 1.331751251220703125e+01
1.454886817932128906e+01 1.439993953704833984e+01
1.364445877075195312e+01 1.345117092132568359e+01
1.349813079833984375e+01 1.253352355957031250e+01
1.332062721252441406e+01 1.170475196838378906e+01
1.513414859771728516e+01 1.296580600738525391e+01
1.310469245910644531e+01 1.243112754821777344e+01
1.347209262847900391e+01 1.262728500366210938e+01
1.302183914184570312e+01 1.276724815368652344e+01
1.412690544128417969e+01 1.234828662872314453e+01
1.180582046508789062e+01 1.236393260955810547e+01
1.488372707366943359e+01 1.259166336059570312e+01
1.294703292846679688e+01 1.225484466552734375e+01
1.550400161743164062e+01 1.491410160064697266e+01
1.335476875305175781e+01 1.308988189697265625e+01
1.535718536376953125e+01 1.586271667480468750e+01
1.325712680816650391e+01 1.286925220489501953e+01
1.439343166351318359e+01 1.426040363311767578e+01
1.441536235809326172e+01 1.296590709686279297e+01
1.527008914947509766e+01 1.257102298736572266e+01
1.315865993499755859e+01 1.301381778717041016e+01
1.457481384277343750e+01 1.376239299774169922e+01
1.296294116973876953e+01 1.233334064483642578e+01
1.386776828765869141e+01 1.426543521881103516e+01
1.292108631134033203e+01 1.339608001708984375e+01
1.481691265106201172e+01 1.343047618865966797e+01
1.166275215148925781e+01 1.273339939117431641e+01
1.392176342010498047e+01 1.253329658508300781e+01
1.407111835479736328e+01 1.253190422058105469e+01
1.408638763427734375e+01 1.300851440429687500e+01
1.316710662841796875e+01 1.286293697357177734e+01
1.399980449676513672e+01 1.431521129608154297e+01
1.326510429382324219e+01 1.203403663635253906e+01
1.396643257141113281e+01 1.392095184326171875e+01
1.196472930908203125e+01 1.360479640960693359e+01
1.394081211090087891e+01 1.440405082702636719e+01
1.323324871063232422e+01 1.308809185028076172e+01
1.615411758422851562e+01 1.360131835937500000e+01
1.352368259429931641e+01 1.438772678375244141e+01
1.765902519226074219e+01 1.529793262481689453e+01
1.601347732543945312e+01 1.429311084747314453e+01
