6.434618949890136719e+00 6.086854457855224609e+00
6.499186515808105469e+00 7.004221439361572266e+00
6.420349597930908203e+00 6.436247825622558594e+00
5.506868362426757812e+00 7.301393985748291016e+00
6.496583461761474609e+00 7.057765007019042969e+00
6.252354621887207031e+00 6.573115348815917969e+00
6.745804786682128906e+00 6.116536617279052734e+00
5.702344417572021484e+00 6.729190826416015625e+00
6.043702125549316406e+00 6.073795795440673828e+00
5.872986793518066406e+00 7.262101650238037109e+00
7.151775360107421875e+00 7.540081977844238281e+00
6.736992359161376953e+00 7.101979732513427734e+00
6.347500801086425781e+00 7.133274078369140625e+00
6.864722728729248047e+00 7.229334354400634766e+00
7.211500167846679688e+00 7.044019222259521484e+00
6.367284297943115234e+00 6.891005516052246094e+00
7.506907463073730469e+00 7.566064834594726562e+00
7.339336872100830078e+00 7.751477241516113281e+00
7.040212631225585938e+00 7.879654884338378906e+00
7.329880237579345703e+00 8.409040451049804688e+00
7.449238777160644531e+00 7.194829463958740234e+00
6.454800605773925781e+00 7.031162738800048828e+00
7.285107135772705078e+00 7.888661384582519531e+00
7.770168781280517578e+00 7.790193080902099609e+00
6.380485534667968750e+00 6.788737773895263672e+00
7.669543743133544922e+00 7.389843940734863281e+00
7.805419921875000000e+00 7.394847393035888672e+00
6.776234149932861328e+00 6.929308414459228516e+00
6.793639659881591797e+00 7.893122196197509766e+00
7.208335399627685547e+00 7.227388858795166016e+00
6.029249191284179688e+00 5.982223987579345703e+00
7.940145492553710938e+00 7.604987621307373047e+00
8.106554985046386719e+00 8.412034034729003906e+00
5.161743164062500000e+00 5.506676197052001953e+00
5.834522247314453125e+00 6.152072429656982422e+00
6.215775012969970703e+00 5.503324508666992188e+00
5.498907089233398438e+00 5.152699947357177734e+00
6.608744621276855469e+00 6.526175022125244141e+00
6.310861110687255859e+00 7.358032703399658203e+00
5.183331012725830078e+00 6.689179420471191406e+00
6.445565223693847656e+00 6.369325160980224609e+00
6.192980289459228516e+00 5.899822235107421875e+00
6.436869144439697266e+00 5.539558887481689453e+00
5.702822208404541016e+00 5.755281925201416016e+00
6.158011913299560547e+00 7.141257762908935547e+00
6.111214160919189453e+00 7.189155578613281250e+00
6.476383209228515625e+00 7.097660064697265625e+00
6.411588668823242188e+00 6.532649040222167969e+00
6.729383468627929688e+00 6.438928127288818359e+00
6.938060283660888672e+00 7.347386360168457031e+00
6.973143100738525391e+00 7.184442996978759766e+00
5.700330734252929688e+00 6.994265556335449219e+00
7.266915798187255859e+00 7.256413936614990234e+00
6.954092979431152344e+00 7.392952442169189453e+00
5.236615657806396484e+00 7.159568309783935547e+00
6.885445117950439453e+00 6.970416069030761719e+00
6.935825347900390625e+00 6.774648189544677734e+00
5.212013721466064453e+00 6.649425506591796875e+00
6.128863334655761719e+00 6.659586429595947266e+00
5.653718471527099609e+00 5.930335521697998047e+00
4.750024318695068359e+00 6.334831237792968750e+00
5.965207099914550781e+00 6.278741359710693359e+00
6.165073871612548828e+00 6.517393112182617188e+00
5.957949638366699219e+00 6.812482833862304688e+00
6.590566635131835938e+00 6.960299491882324219e+00
6.061990737915039062e+00 6.410106182098388672e+00
5.323443889617919922e+00 6.055122852325439453e+00
5.590942859649658203e+00 6.247625350952148438e+00
6.145940780639648438e+00 6.420052051544189453e+00
6.244366645812988281e+00 6.362871646881103516e+00
6.910512447357177734e+00 6.980460166931152344e+00
5.998118400573730469e+00 6.364371299743652344e+00
6.397205829620361328e+00 6.316095352172851562e+00
6.829586029052734375e+00 6.951811313629150391e+00
6.625704288482666016e+00 7.180129051208496094e+00
6.069257736206054688e+00 6.951872825622558594e+00
6.295159339904785156e+00 6.922649383544921875e+00
6.049055099487304688e+00 6.409017562866210938e+00
5.948518276214599609e+00 6.383872985839843750e+00
7.167336940765380859e+00 7.265090942382812500e+00
6.867174625396728516e+00 7.824608325958251953e+00
6.897459506988525391e+00 7.148760795593261719e+00
7.501449584960937500e+00 7.262889385223388672e+00
7.080558776855468750e+00 6.756770610809326172e+00
6.800286769866943359e+00 7.295270919799804688e+00
7.197656154632568359e+00 7.379980087280273438e+00
6.825175762176513672e+00 7.469521999359130859e+00
7.199682712554931641e+00 7.195631027221679688e+00
7.088748931884765625e+00 7.229484081268310547e+00
6.852169990539550781e+00 6.602066993713378906e+00
6.336216926574707031e+00 7.816412925720214844e+00
7.632925987243652344e+00 8.021245002746582031e+00
6.907063961029052734e+00 8.360033988952636719e+00
7.425818443298339844e+00 7.468315124511718750e+00
7.007521629333496094e+00 7.366635799407958984e+00
7.539828777313232422e+00 7.061977386474609375e+00
6.102079391479492188e+00 7.246997356414794922e+00
8.083505630493164062e+00 7.944385051727294922e+00
7.684545516967773438e+00 8.056608200073242188e+00
6.782449722290039062e+00 6.800338268280029297e+00
7.139209270477294922e+00 7.663562774658203125e+00
6.894409179687500000e+00 6.685194492340087891e+00
4.768350601196289062e+00 6.608259201049804688e+00
7.066018104553222656e+00 6.354412555694580078e+00
7.270180702209472656e+00 7.618662357330322266e+00
5.943830013275146484e+00 5.540980815887451172e+00
5.927367210388183594e+00 6.560795783996582031e+00
6.024558544158935547e+00 5.942805767059326172e+00
5.270155429840087891e+00 6.853269577026367188e+00
6.814717769622802734e+00 6.821531772613525391e+00
6.744795799255371094e+00 6.920842647552490234e+00
6.399505615234375000e+00 6.321065425872802734e+00
5.583034515380859375e+00 7.014076709747314453e+00
5.691974163055419922e+00 6.369001865386962891e+00
6.120404243469238281e+00 6.427627086639404297e+00
6.995770931243896484e+00 6.922572612762451172e+00
7.557765483856201172e+00 7.593165874481201172e+00
6.001361846923828125e+00 5.745995998382568359e+00
6.664423942565917969e+00 7.214095592498779297e+00
6.824365615844726562e+00 7.310263633728027344e+00
6.088822841644287109e+00 5.564519405364990234e+00
6.852231979370117188e+00 6.787709712982177734e+00
7.189176082611083984e+00 6.785759925842285156e+00
5.077800273895263672e+00 5.207071781158447266e+00
6.308197498321533203e+00 5.835936069488525391e+00
6.150160789489746094e+00 6.272246360778808594e+00
5.752179145812988281e+00 5.628620624542236328e+00
5.754110813140869141e+00 5.969795227050781250e+00
5.433218002319335938e+00 5.870752334594726562e+00
5.820746421813964844e+00 5.824599742889404297e+00
4.977412700653076172e+00 5.789687156677246094e+00
5.240462779998779297e+00 5.767659664154052734e+00
6.333052158355712891e+00 6.723605632781982422e+00
6.319815158843994141e+00 6.826447010040283203e+00
5.918961048126220703e+00 5.859902858734130859e+00
6.776537895202636719e+00 6.837675094604492188e+00
6.839298725128173828e+00 7.451685905456542969e+00
6.831066131591796875e+00 7.734592437744140625e+00
6.594240188598632812e+00 6.859180450439453125e+00
7.427309989929199219e+00 7.249331951141357422e+00
7.038285732269287109e+00 6.642106056213378906e+00
6.357961654663085938e+00 5.900331497192382812e+00
7.104020595550537109e+00 6.909377098083496094e+00
6.982174873352050781e+00 7.541597843170166016e+00
5.673593997955322266e+00 5.818113327026367188e+00
6.818622589111328125e+00 6.328338623046875000e+00
6.593920707702636719e+00 6.671168804168701172e+00
5.080604553222656250e+00 5.963255882263183594e+00
6.329175949096679688e+00 6.514256477355957031e+00
5.761154174804687500e+00 7.054415225982666016e+00
6.068382263183593750e+00 6.132189273834228516e+00
6.317354202270507812e+00 5.809367179870605469e+00
6.656091690063476562e+00 6.518522739410400391e+00
5.310840606689453125e+00 6.196417331695556641e+00
6.751145839691162109e+00 6.574256896972656250e+00
6.381585121154785156e+00 7.935171604156494141e+00
6.429703712463378906e+00 6.104707241058349609e+00
6.420924186706542969e+00 6.706414699554443359e+00
6.496586322784423828e+00 6.590229988098144531e+00
6.720415115356445312e+00 6.768656730651855469e+00
7.249260425567626953e+00 7.907378673553466797e+00
6.696011066436767578e+00 8.271967887878417969e+00
7.155149936676025391e+00 7.539940357208251953e+00
7.303593635559082031e+00 7.315336704254150391e+00
7.411503314971923828e+00 7.101476669311523438e+00
6.283562660217285156e+00 5.984614849090576172e+00
7.124865055084228516e+00 6.669666290283203125e+00
6.972387313842773438e+00 8.132677078247070312e+00
6.314438343048095703e+00 6.847807884216308594e+00
7.111295223236083984e+00 6.949446678161621094e+00
7.158159255981445312e+00 6.730701923370361328e+00
6.541341304779052734e+00 5.422246932983398438e+00
7.089212894439697266e+00 7.125614166259765625e+00
7.117031574249267578e+00 8.114297866821289062e+00
5.487898349761962891e+00 7.245334148406982422e+00
6.859084606170654297e+00 6.526451587677001953e+00
6.574161529541015625e+00 5.182569026947021484e+00
5.455614566802978516e+00 5.006279468536376953e+00
4.972326755523681641e+00 5.585237503051757812e+00
4.899663925170898438e+00 6.569575786590576172e+00
5.790306568145751953e+00 7.762800693511962891e+00
6.700973987579345703e+00 7.155328750610351562e+00
6.474235057830810547e+00 6.367511749267578125e+00
6.390393733978271484e+00 6.750653743743896484e+00
6.070807456970214844e+00 7.442297935485839844e+00
6.310083866119384766e+00 7.181482315063476562e+00
5.816092014312744141e+00 7.300849914550781250e+00
7.842108726501464844e+00 7.319740772247314453e+00
7.624468326568603516e+00 7.259551048278808594e+00
6.374581813812255859e+00 7.029676437377929688e+00
7.255813121795654297e+00 7.890404224395751953e+00
7.412943363189697266e+00 8.121850967407226562e+00
6.854049205780029297e+00 6.911526203155517578e+00
7.905885219573974609e+00 7.615245342254638672e+00
7.772411823272705078e+00 6.958757400512695312e+00
5.540625095367431641e+00 5.880894660949707031e+00
6.028174877166748047e+00 6.475863456726074219e+00
6.016418457031250000e+00 6.415861129760742188e+00
6.268887519836425781e+00 5.853065490722656250e+00
6.427227497100830078e+00 6.786067008972167969e+00
6.068377971649169922e+00 6.407682895660400391e+00
4.982648372650146484e+00 5.792574405670166016e+00
5.976734161376953125e+00 6.131354331970214844e+00
6.138525009155273438e+00 6.984553337097167969e+00
5.517867565155029297e+00 5.610942840576171875e+00
5.989913940429687500e+00 5.937704086303710938e+00
5.654213905334472656e+00 6.199234962463378906e+00
6.083385467529296875e+00 6.894121646881103516e+00
6.844198703765869141e+00 7.385169982910156250e+00
6.421167373657226562e+00 7.704462051391601562e+00
6.404594898223876953e+00 6.601175308227539062e+00
6.800776958465576172e+00 6.829326152801513672e+00
7.072913646697998047e+00 7.275905132293701172e+00
6.435398578643798828e+00 6.580098628997802734e+00
7.346320152282714844e+00 6.883595466613769531e+00
6.814719200134277344e+00 7.374805927276611328e+00
5.220510005950927734e+00 5.740333080291748047e+00
6.506239891052246094e+00 6.194963455200195312e+00
6.526685714721679688e+00 6.617797374725341797e+00
5.346880912780761719e+00 5.626668930053710938e+00
5.354012012481689453e+00 5.930218696594238281e+00
6.002365589141845703e+00 6.356609344482421875e+00
5.599123477935791016e+00 6.271986007690429688e+00
6.849741935729980469e+00 6.977397441864013672e+00
7.085737705230712891e+00 7.405397415161132812e+00
6.597923278808593750e+00 6.316438674926757812e+00
6.489996433258056641e+00 7.258589744567871094e+00
6.730858802795410156e+00 6.668310165405273438e+00
5.926697731018066406e+00 5.870618820190429688e+00
6.870613574981689453e+00 7.336089134216308594e+00
7.302110671997070312e+00 8.213440895080566406e+00
5.674351692199707031e+00 6.816555023193359375e+00
7.673488616943359375e+00 7.251138687133789062e+00
7.720884323120117188e+00 7.412868022918701172e+00
5.771014213562011719e+00 6.539565086364746094e+00
6.809516429901123047e+00 7.629480838775634766e+00
7.010519981384277344e+00 7.921555519104003906e+00
6.235261440277099609e+00 6.244837284088134766e+00
7.042914390563964844e+00 6.781413555145263672e+00
7.233015060424804688e+00 6.961176872253417969e+00
6.009688377380371094e+00 6.148849487304687500e+00
6.370822906494140625e+00 6.710715770721435547e+00
6.216631412506103516e+00 6.954357624053955078e+00
6.192208766937255859e+00 6.417825698852539062e+00
6.739805698394775391e+00 6.984401226043701172e+00
7.190624237060546875e+00 7.578562736511230469e+00
6.709070205688476562e+00 6.493796825408935547e+00
6.293894767761230469e+00 7.268176555633544922e+00
6.003538131713867188e+00 5.809863090515136719e+00
5.537024021148681641e+00 4.916565895080566406e+00
5.408410549163818359e+00 5.703887462615966797e+00
5.962388992309570312e+00 6.738019943237304688e+00
6.530263900756835938e+00 6.995597839355468750e+00
7.449181079864501953e+00 7.737815856933593750e+00
6.548397541046142578e+00 6.858001708984375000e+00
5.932718753814697266e+00 6.372730731964111328e+00
6.560133934020996094e+00 6.740959644317626953e+00
7.260838031768798828e+00 7.812865734100341797e+00
6.187886714935302734e+00 6.184648990631103516e+00
7.281703472137451172e+00 6.473809719085693359e+00
6.646773815155029297e+00 6.104366779327392578e+00
6.517031192779541016e+00 7.052872180938720703e+00
6.525777339935302734e+00 7.263002872467041016e+00
6.561933040618896484e+00 7.448760986328125000e+00
5.950839519500732422e+00 6.688619613647460938e+00
7.243716716766357422e+00 6.978013038635253906e+00
7.380081653594970703e+00 7.525187969207763672e+00
5.542685031890869141e+00 6.058693408966064453e+00
5.911445617675781250e+00 6.544419765472412109e+00
5.586969852447509766e+00 5.854880809783935547e+00
5.236117839813232422e+00 6.346549034118652344e+00
6.648247241973876953e+00 6.722548961639404297e+00
6.690277576446533203e+00 7.690309047698974609e+00
5.884694576263427734e+00 6.917821884155273438e+00
7.206205844879150391e+00 6.998935222625732422e+00
7.284105777740478516e+00 6.946400165557861328e+00
6.219660282135009766e+00 6.029812812805175781e+00
6.482120990753173828e+00 6.777535915374755859e+00
6.816263198852539062e+00 7.185063838958740234e+00
7.308176517486572266e+00 7.697555065155029297e+00
7.889302730560302734e+00 8.483982086181640625e+00
7.467695713043212891e+00 7.894091129302978516e+00
7.268157958984375000e+00 7.699634075164794922e+00
7.719078540802001953e+00 8.284652709960937500e+00
8.237950325012207031e+00 8.230714797973632812e+00
8.390167236328125000e+00 7.425975322723388672e+00
8.170913696289062500e+00 8.363616943359375000e+00
7.978469371795654297e+00 7.287322998046875000e+00
6.285019874572753906e+00 6.946241378784179688e+00
6.442696571350097656e+00 6.980090618133544922e+00
6.936500549316406250e+00 6.292778015136718750e+00
6.112574577331542969e+00 6.702208995819091797e+00
6.388285160064697266e+00 7.522575855255126953e+00
6.484183788299560547e+00 7.042859554290771484e+00
6.102276325225830078e+00 6.607370853424072266e+00
6.222409725189208984e+00 6.707985877990722656e+00
6.593763351440429688e+00 6.082197666168212891e+00
5.296290397644042969e+00 6.278740406036376953e+00
6.598623752593994141e+00 7.340412616729736328e+00
6.955359935760498047e+00 7.775480270385742188e+00
5.663394451141357422e+00 6.559742450714111328e+00
7.517271995544433594e+00 7.285166740417480469e+00
8.058975219726562500e+00 7.179129600524902344e+00
4.898650169372558594e+00 5.864148616790771484e+00
6.986121654510498047e+00 6.800725936889648438e+00
7.158964633941650391e+00 7.578611850738525391e+00
5.717099189758300781e+00 6.231562137603759766e+00
5.955852508544921875e+00 6.595015048980712891e+00
6.367454051971435547e+00 6.352998256683349609e+00
4.781169891357421875e+00 6.291691780090332031e+00
6.360063076019287109e+00 6.940033435821533203e+00
7.138764381408691406e+00 7.170020103454589844e+00
5.851117610931396484e+00 5.862309932708740234e+00
6.648910522460937500e+00 7.053443908691406250e+00
6.477249622344970703e+00 6.298329353332519531e+00
5.536438941955566406e+00 7.042349338531494141e+00
6.872740745544433594e+00 7.388481616973876953e+00
6.410216808319091797e+00 7.466967105865478516e+00
5.532948970794677734e+00 6.593596935272216797e+00
6.087213039398193359e+00 6.738429069519042969e+00
6.151136398315429688e+00 6.827349185943603516e+00
5.036755561828613281e+00 6.134438514709472656e+00
6.594015121459960938e+00 6.311372280120849609e+00
6.397005081176757812e+00 6.191903591156005859e+00
6.325088977813720703e+00 6.935090541839599609e+00
7.193408966064453125e+00 7.396038055419921875e+00
6.469813346862792969e+00 7.993570327758789062e+00
5.840895175933837891e+00 6.922073841094970703e+00
6.823837757110595703e+00 6.435775279998779297e+00
7.425841331481933594e+00 7.297882080078125000e+00
6.523127079010009766e+00 5.276415824890136719e+00
6.016407489776611328e+00 6.189281940460205078e+00
6.399398803710937500e+00 6.412152767181396484e+00
5.583931446075439453e+00 5.892829418182373047e+00
7.115152835845947266e+00 7.224404811859130859e+00
7.131379604339599609e+00 8.040082931518554688e+00
6.260909557342529297e+00 6.099072456359863281e+00
6.904632091522216797e+00 7.183667659759521484e+00
7.128872871398925781e+00 6.568148136138916016e+00
5.317330837249755859e+00 5.470048427581787109e+00
5.844543933868408203e+00 6.182438373565673828e+00
5.650158882141113281e+00 6.203867912292480469e+00
5.523298740386962891e+00 6.230941295623779297e+00
6.274933338165283203e+00 6.075559616088867188e+00
6.068401813507080078e+00 6.210992813110351562e+00
6.036296844482421875e+00 6.831127643585205078e+00
6.322094917297363281e+00 6.798964977264404297e+00
6.115595817565917969e+00 6.880748271942138672e+00
6.115196704864501953e+00 6.493564605712890625e+00
6.571776866912841797e+00 6.885735034942626953e+00
6.763181686401367188e+00 6.888345241546630859e+00
6.202443599700927734e+00 7.140620708465576172e+00
7.115119457244873047e+00 7.759314537048339844e+00
6.994093418121337891e+00 8.234766960144042969e+00
5.916986942291259766e+00 6.945436477661132812e+00
6.776691436767578125e+00 7.191580295562744141e+00
7.523914337158203125e+00 7.614037990570068359e+00
6.099184989929199219e+00 6.588388442993164062e+00
7.570746898651123047e+00 7.807881832122802734e+00
7.453668594360351562e+00 8.132618904113769531e+00
5.743512153625488281e+00 6.821610450744628906e+00
7.025203227996826172e+00 6.870576381683349609e+00
6.874552249908447266e+00 7.169468879699707031e+00
5.718018054962158203e+00 6.971730232238769531e+00
6.599841117858886719e+00 7.026905536651611328e+00
6.753601551055908203e+00 6.904453754425048828e+00
5.816160202026367188e+00 6.211112022399902344e+00
6.857843399047851562e+00 7.371524810791015625e+00
6.540441989898681641e+00 6.774672508239746094e+00
5.464274406433105469e+00 6.934240341186523438e+00
6.654168128967285156e+00 6.237262248992919922e+00
6.231730461120605469e+00 6.024236202239990234e+00
5.655160427093505859e+00 6.197814464569091797e+00
6.307089328765869141e+00 6.014151573181152344e+00
6.351514339447021484e+00 6.723945140838623047e+00
5.599168777465820312e+00 6.506439685821533203e+00
6.279294490814208984e+00 6.421824932098388672e+00
6.501198768615722656e+00 5.744787216186523438e+00
4.469123363494873047e+00 4.539583683013916016e+00
5.631876468658447266e+00 5.903677463531494141e+00
6.117606163024902344e+00 6.744739055633544922e+00
4.469275951385498047e+00 6.067676067352294922e+00
5.214400768280029297e+00 5.780387401580810547e+00
5.477886676788330078e+00 4.976894378662109375e+00
4.167565345764160156e+00 5.032332897186279297e+00
4.978400707244873047e+00 5.827244758605957031e+00
5.471138000488281250e+00 6.281367778778076172e+00
5.590167522430419922e+00 6.314109325408935547e+00
6.708355426788330078e+00 7.034202098846435547e+00
6.089182853698730469e+00 6.086786270141601562e+00
5.601111888885498047e+00 5.987763881683349609e+00
6.156174659729003906e+00 6.561165332794189453e+00
6.664464473724365234e+00 7.822433948516845703e+00
6.811414241790771484e+00 6.674968242645263672e+00
7.176714420318603516e+00 6.755505561828613281e+00
7.050446510314941406e+00 5.999477863311767578e+00
6.338353157043457031e+00 6.945582866668701172e+00
7.419686317443847656e+00 7.637730598449707031e+00
7.234030246734619141e+00 8.322834014892578125e+00
7.172325611114501953e+00 6.957644939422607422e+00
7.125125885009765625e+00 7.549770355224609375e+00
7.563264369964599609e+00 6.787650108337402344e+00
6.143135070800781250e+00 6.606247901916503906e+00
6.850800514221191406e+00 7.259317398071289062e+00
7.004765510559082031e+00 7.293900012969970703e+00
5.915180683135986328e+00 6.742712020874023438e+00
6.831488132476806641e+00 7.464872837066650391e+00
6.748565196990966797e+00 6.867200851440429688e+00
6.274828910827636719e+00 6.824883937835693359e+00
6.953289985656738281e+00 7.408661842346191406e+00
6.495058536529541016e+00 7.063911914825439453e+00
6.107467651367187500e+00 6.270313739776611328e+00
5.748658180236816406e+00 6.377424716949462891e+00
6.699466705322265625e+00 6.661020278930664062e+00
6.350512981414794922e+00 6.429576396942138672e+00
7.325212478637695312e+00 7.331665992736816406e+00
6.995719432830810547e+00 7.067906379699707031e+00
6.955157279968261719e+00 6.467821598052978516e+00
6.451272487640380859e+00 7.395153522491455078e+00
6.920034885406494141e+00 7.106829643249511719e+00
6.286558151245117188e+00 7.133150577545166016e+00
7.329903602600097656e+00 7.485596179962158203e+00
7.764988899230957031e+00 7.697116374969482422e+00
6.960156440734863281e+00 7.508266448974609375e+00
8.180943489074707031e+00 8.592672348022460938e+00
7.982346534729003906e+00 8.039218902587890625e+00
7.097752094268798828e+00 7.437359333038330078e+00
7.620516300201416016e+00 8.342819213867187500e+00
8.065199851989746094e+00 7.855085849761962891e+00
8.108299255371093750e+00 7.666294574737548828e+00
8.576281547546386719e+00 8.875745773315429688e+00
8.137619972229003906e+00 7.827797412872314453e+00
5.897771835327148438e+00 5.600640773773193359e+00
7.113599300384521484e+00 6.204171180725097656e+00
6.317892551422119141e+00 6.925586223602294922e+00
5.407639503479003906e+00 6.115829944610595703e+00
6.582892417907714844e+00 6.444463253021240234e+00
6.519828796386718750e+00 7.100557804107666016e+00
6.379394054412841797e+00 6.116408348083496094e+00
5.894941806793212891e+00 6.100934505462646484e+00
5.514364719390869141e+00 5.441180706024169922e+00
4.922550201416015625e+00 5.563390254974365234e+00
4.965635776519775391e+00 5.274092197418212891e+00
5.348052978515625000e+00 6.145732879638671875e+00
6.477019309997558594e+00 5.398052692413330078e+00
6.068536281585693359e+00 6.075509548187255859e+00
5.611918926239013672e+00 5.659965991973876953e+00
5.277560234069824219e+00 5.963031291961669922e+00
5.571666240692138672e+00 5.972456455230712891e+00
5.733576297760009766e+00 6.280666351318359375e+00
4.884991645812988281e+00 5.318232059478759766e+00
5.943204879760742188e+00 5.432145595550537109e+00
6.116180896759033203e+00 5.649562358856201172e+00
4.443220138549804688e+00 4.928314685821533203e+00
5.141204357147216797e+00 5.475713729858398438e+00
4.851364135742187500e+00 5.441493988037109375e+00
5.049313068389892578e+00 5.838780879974365234e+00
4.955689907073974609e+00 6.019035816192626953e+00
5.016541481018066406e+00 5.088654994964599609e+00
5.071874618530273438e+00 6.322232246398925781e+00
6.241147041320800781e+00 6.540803909301757812e+00
5.572425842285156250e+00 6.361289978027343750e+00
5.542351722717285156e+00 6.677438735961914062e+00
6.224182605743408203e+00 6.232667922973632812e+00
6.525924205780029297e+00 6.574600696563720703e+00
5.759225845336914062e+00 5.872976303100585938e+00
6.345494270324707031e+00 6.265139102935791016e+00
6.651301860809326172e+00 7.478165626525878906e+00
5.717020034790039062e+00 6.172444820404052734e+00
6.793199539184570312e+00 6.970533847808837891e+00
6.852497100830078125e+00 7.043014049530029297e+00
5.865861892700195312e+00 6.012492656707763672e+00
6.365482330322265625e+00 7.016733646392822266e+00
6.920532703399658203e+00 7.495318412780761719e+00
5.607921123504638672e+00 6.789102077484130859e+00
7.000374317169189453e+00 7.110725402832031250e+00
6.920497417449951172e+00 6.736422061920166016e+00
6.877965450286865234e+00 7.479595184326171875e+00
6.551712036132812500e+00 8.283613204956054688e+00
5.723199844360351562e+00 6.763222694396972656e+00
7.199536800384521484e+00 7.821455478668212891e+00
7.119560241699218750e+00 7.556521415710449219e+00
7.312958240509033203e+00 7.405556678771972656e+00
7.027806758880615234e+00 7.820957660675048828e+00
8.082880973815917969e+00 8.211068153381347656e+00
7.693027019500732422e+00 8.170638084411621094e+00
7.102989196777343750e+00 7.414716720581054688e+00
7.842609882354736328e+00 7.881638526916503906e+00
7.920711517333984375e+00 7.393867015838623047e+00
6.660568237304687500e+00 6.530743598937988281e+00
8.222658157348632812e+00 7.999016284942626953e+00
7.518145561218261719e+00 8.318453788757324219e+00
6.240830421447753906e+00 7.209599494934082031e+00
7.193558692932128906e+00 7.090362071990966797e+00
7.176190376281738281e+00 6.786980152130126953e+00
6.308994770050048828e+00 6.862961769104003906e+00
6.880651473999023438e+00 7.155528545379638672e+00
6.231338024139404297e+00 7.140400886535644531e+00
5.453842163085937500e+00 6.498616218566894531e+00
5.884162425994873047e+00 6.162125587463378906e+00
6.325156211853027344e+00 7.071543216705322266e+00
5.088951587677001953e+00 6.655380725860595703e+00
7.363451480865478516e+00 7.090308189392089844e+00
7.259373664855957031e+00 8.380053520202636719e+00
5.810956954956054688e+00 5.146511077880859375e+00
6.640236377716064453e+00 6.180397033691406250e+00
6.314136505126953125e+00 6.850550651550292969e+00
5.490972518920898438e+00 6.105210304260253906e+00
6.247990608215332031e+00 6.388706684112548828e+00
6.576759815216064453e+00 6.989114284515380859e+00
5.702323436737060547e+00 5.197999477386474609e+00
5.753481864929199219e+00 6.181391716003417969e+00
6.236225605010986328e+00 7.000816822052001953e+00
4.349159717559814453e+00 5.639557838439941406e+00
5.174097061157226562e+00 5.847752094268798828e+00
5.428359508514404297e+00 5.399103641510009766e+00
5.533150672912597656e+00 4.936942577362060547e+00
6.227900028228759766e+00 6.365678310394287109e+00
5.775353431701660156e+00 6.562954902648925781e+00
5.236780166625976562e+00 6.058785915374755859e+00
6.080967426300048828e+00 5.946905612945556641e+00
5.694346427917480469e+00 6.087369918823242188e+00
5.793296337127685547e+00 5.691658496856689453e+00
5.199711799621582031e+00 5.279421329498291016e+00
4.903382301330566406e+00 4.798990249633789062e+00
4.891735553741455078e+00 5.053576469421386719e+00
4.603371620178222656e+00 5.011312484741210938e+00
4.624454975128173828e+00 5.674914360046386719e+00
5.027265548706054688e+00 5.813418388366699219e+00
5.758231639862060547e+00 5.885768890380859375e+00
5.542884826660156250e+00 6.197842121124267578e+00
5.274212360382080078e+00 5.691814899444580078e+00
5.587643623352050781e+00 5.712858676910400391e+00
6.130239486694335938e+00 6.371916294097900391e+00
5.884540557861328125e+00 6.048152446746826172e+00
7.006635665893554688e+00 6.759731769561767578e+00
6.944429874420166016e+00 7.050790309906005859e+00
5.416882514953613281e+00 6.111443042755126953e+00
6.900008201599121094e+00 6.727263450622558594e+00
7.430412769317626953e+00 7.027525424957275391e+00
5.314845085144042969e+00 6.118041038513183594e+00
6.606599807739257812e+00 6.847336292266845703e+00
6.184366226196289062e+00 6.148087024688720703e+00
4.783443927764892578e+00 5.596311092376708984e+00
5.525876998901367188e+00 5.716269493103027344e+00
5.725798130035400391e+00 6.444689273834228516e+00
5.078245162963867188e+00 6.463728427886962891e+00
5.965364456176757812e+00 6.634925365447998047e+00
5.685139656066894531e+00 6.208552360534667969e+00
6.344535827636718750e+00 6.577229022979736328e+00
6.121180534362792969e+00 7.244659900665283203e+00
5.738900661468505859e+00 6.832094669342041016e+00
5.555102348327636719e+00 7.076392173767089844e+00
7.360899448394775391e+00 6.927873134613037109e+00
7.249290466308593750e+00 8.038245201110839844e+00
7.479229450225830078e+00 7.307399749755859375e+00
8.078559875488281250e+00 7.726798534393310547e+00
7.501161098480224609e+00 8.016102790832519531e+00
6.920777797698974609e+00 7.276438236236572266e+00
7.821926116943359375e+00 7.691751480102539062e+00
7.721383571624755859e+00 8.244961738586425781e+00
6.897092342376708984e+00 6.567486763000488281e+00
7.268053054809570312e+00 6.788371086120605469e+00
7.538468360900878906e+00 7.311993598937988281e+00
5.297474861145019531e+00 6.205225944519042969e+00
6.974478244781494141e+00 6.787514686584472656e+00
7.025358200073242188e+00 7.879090785980224609e+00
6.312359809875488281e+00 6.250832557678222656e+00
6.605291366577148438e+00 6.975455284118652344e+00
6.992098808288574219e+00 6.734643936157226562e+00
5.678118228912353516e+00 6.063590526580810547e+00
6.742705345153808594e+00 7.062587261199951172e+00
7.162602901458740234e+00 7.491461753845214844e+00
6.911882400512695312e+00 7.178466320037841797e+00
7.840811729431152344e+00 7.790450572967529297e+00
7.546257972717285156e+00 6.735159397125244141e+00
5.925218105316162109e+00 5.361916065216064453e+00
6.575899124145507812e+00 6.860545158386230469e+00
6.113938331604003906e+00 6.773065090179443359e+00
5.155286788940429688e+00 6.436327934265136719e+00
6.356369495391845703e+00 6.715701103210449219e+00
6.844583988189697266e+00 6.946437835693359375e+00
5.030845642089843750e+00 5.748080253601074219e+00
6.561562538146972656e+00 6.440804004669189453e+00
6.813566207885742188e+00 6.812043190002441406e+00
4.177344799041748047e+00 5.054148197174072266e+00
4.570844650268554688e+00 5.543573856353759766e+00
5.002513408660888672e+00 5.357301712036132812e+00
5.276749610900878906e+00 5.200607299804687500e+00
5.848399162292480469e+00 5.897693634033203125e+00
6.007035255432128906e+00 6.007075309753417969e+00
4.558005809783935547e+00 5.535684585571289062e+00
6.076769351959228516e+00 6.100262165069580078e+00
6.022143363952636719e+00 6.686819076538085938e+00
5.835485458374023438e+00 5.124190330505371094e+00
5.850658893585205078e+00 5.939413070678710938e+00
5.466572761535644531e+00 5.583574771881103516e+00
4.651425838470458984e+00 6.038148403167724609e+00
5.639832496643066406e+00 5.875534057617187500e+00
5.112631320953369141e+00 6.218548774719238281e+00
5.970276355743408203e+00 5.875888347625732422e+00
5.998310089111328125e+00 5.777366638183593750e+00
5.831903934478759766e+00 6.013005256652832031e+00
5.590396404266357422e+00 6.416491031646728516e+00
5.638792037963867188e+00 5.949228763580322266e+00
5.865141391754150391e+00 6.232006549835205078e+00
5.808197021484375000e+00 5.481445789337158203e+00
5.794538497924804688e+00 6.010766029357910156e+00
6.220165252685546875e+00 6.297008991241455078e+00
5.469789505004882812e+00 5.531694412231445312e+00
6.345892429351806641e+00 6.477885246276855469e+00
6.187912940979003906e+00 6.503703117370605469e+00
5.841365814208984375e+00 5.284424781799316406e+00
5.276305675506591797e+00 5.842732429504394531e+00
6.017139434814453125e+00 5.757107734680175781e+00
4.749082088470458984e+00 5.003500938415527344e+00
5.957705020904541016e+00 6.137623786926269531e+00
6.226273536682128906e+00 6.475592613220214844e+00
5.339577674865722656e+00 6.342766284942626953e+00
6.272848129272460938e+00 7.166433334350585938e+00
5.741827487945556641e+00 6.177616119384765625e+00
5.441363811492919922e+00 6.475735187530517578e+00
6.288619518280029297e+00 6.781322956085205078e+00
6.694103717803955078e+00 7.768224239349365234e+00
6.564666271209716797e+00 6.911337375640869141e+00
7.252924442291259766e+00 6.854320526123046875e+00
7.353803157806396484e+00 6.973671913146972656e+00
7.116502285003662109e+00 6.569680690765380859e+00
8.018572807312011719e+00 8.060553550720214844e+00
8.201623916625976562e+00 9.083015441894531250e+00
7.138955116271972656e+00 6.768087863922119141e+00
7.904530048370361328e+00 7.688686847686767578e+00
8.439853668212890625e+00 7.668466567993164062e+00
6.632918357849121094e+00 6.457117557525634766e+00
7.526847839355468750e+00 7.983472824096679688e+00
7.313274383544921875e+00 7.845303535461425781e+00
5.840573310852050781e+00 6.487032890319824219e+00
6.301517009735107422e+00 6.792640209197998047e+00
6.291090965270996094e+00 6.019612312316894531e+00
6.411974430084228516e+00 6.081731796264648438e+00
6.091138839721679688e+00 6.738039016723632812e+00
5.938403606414794922e+00 6.767532825469970703e+00
5.505656719207763672e+00 7.053966045379638672e+00
6.072305679321289062e+00 6.725417613983154297e+00
6.528511047363281250e+00 6.736431121826171875e+00
6.811523914337158203e+00 6.618217945098876953e+00
6.905073165893554688e+00 7.615193843841552734e+00
6.470057010650634766e+00 6.746430397033691406e+00
6.427474498748779297e+00 6.221692085266113281e+00
6.979038238525390625e+00 7.243222713470458984e+00
6.682272434234619141e+00 5.805035114288330078e+00
5.315492630004882812e+00 6.159341812133789062e+00
6.094860553741455078e+00 6.670707225799560547e+00
6.004521846771240234e+00 6.539203643798828125e+00
6.064038753509521484e+00 6.789254188537597656e+00
6.734156608581542969e+00 6.664737701416015625e+00
6.477623462677001953e+00 6.222779273986816406e+00
4.938973903656005859e+00 5.534951686859130859e+00
4.711905479431152344e+00 5.594018936157226562e+00
5.601428985595703125e+00 5.829499721527099609e+00
5.821629524230957031e+00 5.781915664672851562e+00
6.767539978027343750e+00 6.813059806823730469e+00
6.585031986236572266e+00 6.339474201202392578e+00
5.653107643127441406e+00 6.287395000457763672e+00
6.158920288085937500e+00 7.210602760314941406e+00
6.309944629669189453e+00 6.550782680511474609e+00
5.955371379852294922e+00 5.264993190765380859e+00
6.778223037719726562e+00 6.381384372711181641e+00
6.669842243194580078e+00 6.730103969573974609e+00
5.005635738372802734e+00 5.609362602233886719e+00
5.444302558898925781e+00 5.376740455627441406e+00
5.720386028289794922e+00 5.927291393280029297e+00
6.201303482055664062e+00 5.888048648834228516e+00
6.538395881652832031e+00 6.852028846740722656e+00
6.762965202331542969e+00 7.269696712493896484e+00
6.540943145751953125e+00 7.134216308593750000e+00
6.794826507568359375e+00 7.389761924743652344e+00
6.593608379364013672e+00 6.409836769104003906e+00
6.252933025360107422e+00 6.678567886352539062e+00
6.136903285980224609e+00 7.068780899047851562e+00
5.950270175933837891e+00 6.732989311218261719e+00
6.510451316833496094e+00 6.733712196350097656e+00
6.399452209472656250e+00 6.832427978515625000e+00
6.295658111572265625e+00 6.076559066772460938e+00
5.485641956329345703e+00 6.025438785552978516e+00
6.716245651245117188e+00 6.698256015777587891e+00
6.826267242431640625e+00 7.191450119018554688e+00
5.249101638793945312e+00 6.425394535064697266e+00
6.708066940307617188e+00 6.584293842315673828e+00
6.126767158508300781e+00 5.776798725128173828e+00
6.245107650756835938e+00 6.488673210144042969e+00
5.871464252471923828e+00 6.850821495056152344e+00
5.756625652313232422e+00 6.824043273925781250e+00
6.393152236938476562e+00 7.830810070037841797e+00
7.069926738739013672e+00 7.376101970672607422e+00
7.571661949157714844e+00 7.688393592834472656e+00
7.493906021118164062e+00 7.263321876525878906e+00
7.423053264617919922e+00 8.397061347961425781e+00
7.974085807800292969e+00 7.684719085693359375e+00
7.976379394531250000e+00 8.154327392578125000e+00
8.823360443115234375e+00 9.510743141174316406e+00
8.889365196228027344e+00 8.880559921264648438e+00
7.604045391082763672e+00 7.497684955596923828e+00
8.258106231689453125e+00 8.908579826354980469e+00
8.814141273498535156e+00 8.618371009826660156e+00
6.971951484680175781e+00 7.302215099334716797e+00
7.918897628784179688e+00 8.088540077209472656e+00
7.689063072204589844e+00 7.445058345794677734e+00
6.384528636932373047e+00 6.528632164001464844e+00
6.277912616729736328e+00 7.553162097930908203e+00
6.923161029815673828e+00 7.176084995269775391e+00
6.061428070068359375e+00 6.925328254699707031e+00
8.033206939697265625e+00 7.488955497741699219e+00
7.852208137512207031e+00 7.678234100341796875e+00
5.388614654541015625e+00 6.707878112792968750e+00
6.650815963745117188e+00 7.008049488067626953e+00
6.559554576873779297e+00 6.987163543701171875e+00
6.043888568878173828e+00 6.556617259979248047e+00
6.808396339416503906e+00 6.826354026794433594e+00
6.857111930847167969e+00 7.113306999206542969e+00
5.248949050903320312e+00 6.162579059600830078e+00
6.868642330169677734e+00 6.665564537048339844e+00
6.210290431976318359e+00 7.105607032775878906e+00
5.651019096374511719e+00 5.816074848175048828e+00
5.768873691558837891e+00 6.092296600341796875e+00
5.306882381439208984e+00 5.542037487030029297e+00
5.205515861511230469e+00 6.411793708801269531e+00
6.480531692504882812e+00 5.894783020019531250e+00
5.867737770080566406e+00 6.504688262939453125e+00
4.798385620117187500e+00 5.252110004425048828e+00
5.012388229370117188e+00 4.983172416687011719e+00
5.397303104400634766e+00 5.778656482696533203e+00
4.751158237457275391e+00 5.784868717193603516e+00
6.154200553894042969e+00 5.669544219970703125e+00
5.764447212219238281e+00 6.234892368316650391e+00
5.291371345520019531e+00 6.740355014801025391e+00
5.676531791687011719e+00 7.033685684204101562e+00
5.347008228302001953e+00 6.296468257904052734e+00
4.837906837463378906e+00 6.217885017395019531e+00
6.467892646789550781e+00 5.958827972412109375e+00
6.603908061981201172e+00 6.783891677856445312e+00
5.865273475646972656e+00 6.052019596099853516e+00
6.037029743194580078e+00 6.593596935272216797e+00
5.948878288269042969e+00 6.308267593383789062e+00
6.514842987060546875e+00 7.323364257812500000e+00
7.055236339569091797e+00 7.473099708557128906e+00
7.046670913696289062e+00 7.444290161132812500e+00
6.292572498321533203e+00 6.202854633331298828e+00
6.456577301025390625e+00 7.209402561187744141e+00
6.565766334533691406e+00 7.255861759185791016e+00
6.316473007202148438e+00 6.223318099975585938e+00
6.532836437225341797e+00 6.880941867828369141e+00
6.648303985595703125e+00 6.645484447479248047e+00
5.793590545654296875e+00 5.778133869171142578e+00
7.280683517456054688e+00 6.916604995727539062e+00
7.025094985961914062e+00 7.557285308837890625e+00
6.211596965789794922e+00 6.556484699249267578e+00
7.415404796600341797e+00 6.771643161773681641e+00
6.665929794311523438e+00 6.524518013000488281e+00
5.580873012542724609e+00 6.256710052490234375e+00
5.798655986785888672e+00 5.830403804779052734e+00
5.231765747070312500e+00 5.929385185241699219e+00
5.135848999023437500e+00 6.160193443298339844e+00
5.767644882202148438e+00 5.594394683837890625e+00
5.599634647369384766e+00 6.626674175262451172e+00
5.241202354431152344e+00 7.150028705596923828e+00
6.469149589538574219e+00 6.617105960845947266e+00
6.836767196655273438e+00 7.298404216766357422e+00
5.952460289001464844e+00 6.842983245849609375e+00
7.157696247100830078e+00 7.443007946014404297e+00
7.005364418029785156e+00 7.718161106109619141e+00
5.594808101654052734e+00 7.560819149017333984e+00
7.391400337219238281e+00 7.607108592987060547e+00
7.199152469635009766e+00 7.625459671020507812e+00
5.740510940551757812e+00 7.191328525543212891e+00
7.451557159423828125e+00 7.718173027038574219e+00
7.141039371490478516e+00 7.930690765380859375e+00
5.076544284820556641e+00 6.492973804473876953e+00
7.227995395660400391e+00 6.935150146484375000e+00
6.995914936065673828e+00 7.271903991699218750e+00
4.470090389251708984e+00 5.807903289794921875e+00
6.043464183807373047e+00 5.578621864318847656e+00
5.691175937652587891e+00 6.240556240081787109e+00
3.993697166442871094e+00 5.221037864685058594e+00
5.921005249023437500e+00 4.955137729644775391e+00
6.007062911987304688e+00 6.533093929290771484e+00
4.993100166320800781e+00 4.825966835021972656e+00
5.450942993164062500e+00 5.598258495330810547e+00
5.324755191802978516e+00 5.821070671081542969e+00
4.651674270629882812e+00 4.933969497680664062e+00
5.595366954803466797e+00 5.334257602691650391e+00
5.896635055541992188e+00 6.231594562530517578e+00
6.535366058349609375e+00 6.781389713287353516e+00
7.262910842895507812e+00 6.974274158477783203e+00
7.661208152770996094e+00 6.514466762542724609e+00
6.259580612182617188e+00 5.041031837463378906e+00
6.410730838775634766e+00 6.794044494628906250e+00
5.992768287658691406e+00 6.859384536743164062e+00
5.700797557830810547e+00 6.179670333862304688e+00
6.291125297546386719e+00 5.886011123657226562e+00
6.435483932495117188e+00 5.950545787811279297e+00
5.249757289886474609e+00 4.761815547943115234e+00
5.394165039062500000e+00 5.098888397216796875e+00
5.624449729919433594e+00 6.208632946014404297e+00
6.312225818634033203e+00 5.503247261047363281e+00
6.252115726470947266e+00 6.374221324920654297e+00
6.103727340698242188e+00 5.930884838104248047e+00
6.010547161102294922e+00 6.124257087707519531e+00
5.889493942260742188e+00 6.796818733215332031e+00
5.824922561645507812e+00 6.846932411193847656e+00
5.597845554351806641e+00 5.831449985504150391e+00
5.880240917205810547e+00 5.605036258697509766e+00
6.349840641021728516e+00 5.247155189514160156e+00
5.966978073120117188e+00 6.244529247283935547e+00
6.269159793853759766e+00 6.885473251342773438e+00
5.830624103546142578e+00 7.010762691497802734e+00
5.741593837738037109e+00 7.354788303375244141e+00
7.504070281982421875e+00 7.610547065734863281e+00
7.405133724212646484e+00 7.653223037719726562e+00
6.446490287780761719e+00 6.649842739105224609e+00
6.717195034027099609e+00 7.537268161773681641e+00
6.396613121032714844e+00 7.186761379241943359e+00
5.406245708465576172e+00 6.760393142700195312e+00
7.141169548034667969e+00 6.829517841339111328e+00
7.335343837738037109e+00 7.512701034545898438e+00
6.197905063629150391e+00 5.714211940765380859e+00
6.814800739288330078e+00 6.093759536743164062e+00
6.809810161590576172e+00 6.624491214752197266e+00
6.508407115936279297e+00 5.873898983001708984e+00
6.720392704010009766e+00 7.038272380828857422e+00
6.533566474914550781e+00 7.535412311553955078e+00
5.923548698425292969e+00 5.589529037475585938e+00
6.178322792053222656e+00 6.286974430084228516e+00
6.630033969879150391e+00 6.257853984832763672e+00
5.742593765258789062e+00 4.932601928710937500e+00
5.856442451477050781e+00 5.674879074096679688e+00
6.097366333007812500e+00 6.510004520416259766e+00
5.695495605468750000e+00 6.520656585693359375e+00
6.431180953979492188e+00 6.730184078216552734e+00
6.588828563690185547e+00 6.851273059844970703e+00
6.148605346679687500e+00 5.227735042572021484e+00
5.932966709136962891e+00 6.198524951934814453e+00
6.792448997497558594e+00 6.418636798858642578e+00
6.131206512451171875e+00 5.564982414245605469e+00
6.405952453613281250e+00 6.991140365600585938e+00
6.493230342864990234e+00 6.768394947052001953e+00
6.280725002288818359e+00 6.270463466644287109e+00
6.938882350921630859e+00 7.403673171997070312e+00
7.232563972473144531e+00 7.000892639160156250e+00
5.891559123992919922e+00 6.209298610687255859e+00
6.974722862243652344e+00 6.606313228607177734e+00
6.638754367828369141e+00 6.251696109771728516e+00
5.983546257019042969e+00 4.670619487762451172e+00
5.249300956726074219e+00 5.221465110778808594e+00
6.075333118438720703e+00 6.247862339019775391e+00
5.851370811462402344e+00 6.009284019470214844e+00
6.586321353912353516e+00 6.592070579528808594e+00
6.575217723846435547e+00 5.841505050659179688e+00
5.662749767303466797e+00 5.279732227325439453e+00
5.289765357971191406e+00 6.218669414520263672e+00
5.879135608673095703e+00 5.880016326904296875e+00
5.117811203002929688e+00 6.285388469696044922e+00
5.813684463500976562e+00 6.225026607513427734e+00
6.036959171295166016e+00 6.058287143707275391e+00
6.535945415496826172e+00 7.551098346710205078e+00
8.728345870971679688e+00 8.625519752502441406e+00
8.254575729370117188e+00 8.619796752929687500e+00
6.508060932159423828e+00 5.813908100128173828e+00
6.674739837646484375e+00 6.693337917327880859e+00
7.042280673980712891e+00 6.857873916625976562e+00
6.337928771972656250e+00 6.778957843780517578e+00
6.873602390289306641e+00 7.425278186798095703e+00
6.464814186096191406e+00 7.058565139770507812e+00
5.786569118499755859e+00 5.842755317687988281e+00
5.808267116546630859e+00 6.160341739654541016e+00
6.357673168182373047e+00 5.986430168151855469e+00
5.974045276641845703e+00 6.023580551147460938e+00
6.502479076385498047e+00 6.758923053741455078e+00
5.585605144500732422e+00 6.524365901947021484e+00
4.543565750122070312e+00 6.054562568664550781e+00
5.596437931060791016e+00 6.024511814117431641e+00
6.508000373840332031e+00 7.667021274566650391e+00
5.911259174346923828e+00 5.143748283386230469e+00
6.104161739349365234e+00 5.965518951416015625e+00
6.162958621978759766e+00 5.328745365142822266e+00
5.140264034271240234e+00 5.633504390716552734e+00
5.834212779998779297e+00 6.432455062866210938e+00
5.911464214324951172e+00 7.355865478515625000e+00
6.190791606903076172e+00 6.719154357910156250e+00
7.237109184265136719e+00 7.373846530914306641e+00
6.905827045440673828e+00 6.771000862121582031e+00
6.402998924255371094e+00 6.553673744201660156e+00
6.627572536468505859e+00 6.915748119354248047e+00
6.802450180053710938e+00 7.590594768524169922e+00
6.263033390045166016e+00 7.096578598022460938e+00
7.151728153228759766e+00 7.076325893402099609e+00
7.720498561859130859e+00 7.485563278198242188e+00
7.250204563140869141e+00 6.534628391265869141e+00
7.363957881927490234e+00 8.036661148071289062e+00
7.370275497436523438e+00 7.133982181549072266e+00
6.056282997131347656e+00 7.073668956756591797e+00
7.605120658874511719e+00 8.061408042907714844e+00
7.104129791259765625e+00 7.714461803436279297e+00
5.478692531585693359e+00 6.118869781494140625e+00
6.176981925964355469e+00 6.174944877624511719e+00
6.596619129180908203e+00 6.626947402954101562e+00
5.244264125823974609e+00 6.130471229553222656e+00
6.404288291931152344e+00 6.245715141296386719e+00
6.373574256896972656e+00 6.490998268127441406e+00
5.480734825134277344e+00 6.081031322479248047e+00
5.864765644073486328e+00 6.644177436828613281e+00
5.917718887329101562e+00 6.454951763153076172e+00
5.356448650360107422e+00 5.975924015045166016e+00
5.731591701507568359e+00 6.458825588226318359e+00
6.130578041076660156e+00 6.472642421722412109e+00
4.666672229766845703e+00 6.337903499603271484e+00
6.394702434539794922e+00 6.781650543212890625e+00
6.077185153961181641e+00 6.754908084869384766e+00
5.917198657989501953e+00 6.633547306060791016e+00
6.493043899536132812e+00 7.243321895599365234e+00
6.161603927612304688e+00 6.972811698913574219e+00
6.250118732452392578e+00 6.678691387176513672e+00
5.640089511871337891e+00 6.299954414367675781e+00
6.361330509185791016e+00 6.265239238739013672e+00
5.385850429534912109e+00 5.705110073089599609e+00
6.595507621765136719e+00 6.711029529571533203e+00
6.744743824005126953e+00 7.070323467254638672e+00
5.990849018096923828e+00 6.640764236450195312e+00
6.407027721405029297e+00 7.068208694458007812e+00
6.205208778381347656e+00 6.139360904693603516e+00
6.011638641357421875e+00 6.211392402648925781e+00
5.827306270599365234e+00 6.854395866394042969e+00
6.049228191375732422e+00 7.026395797729492188e+00
6.233660221099853516e+00 7.182826995849609375e+00
6.680237293243408203e+00 7.460992813110351562e+00
6.267802715301513672e+00 5.956641197204589844e+00
8.255745887756347656e+00 8.340122222900390625e+00
8.496685028076171875e+00 8.504216194152832031e+00
8.478652000427246094e+00 7.944309234619140625e+00
6.841336250305175781e+00 6.280279159545898438e+00
7.428154468536376953e+00 7.190791130065917969e+00
8.064089775085449219e+00 8.145926475524902344e+00
5.432292938232421875e+00 6.533575057983398438e+00
7.347749233245849609e+00 7.122538566589355469e+00
7.248547554016113281e+00 7.229696273803710938e+00
4.844311237335205078e+00 5.575040817260742188e+00
5.924634456634521484e+00 6.423059463500976562e+00
6.305017471313476562e+00 6.317779541015625000e+00
5.081642150878906250e+00 5.803658485412597656e+00
6.698754310607910156e+00 6.209229469299316406e+00
5.936110496520996094e+00 6.525162696838378906e+00
5.087080955505371094e+00 6.869550228118896484e+00
6.111064434051513672e+00 6.465198993682861328e+00
6.237380027770996094e+00 6.459238052368164062e+00
5.524768352508544922e+00 5.771842479705810547e+00
5.985077381134033203e+00 5.659789085388183594e+00
6.136812210083007812e+00 6.099949359893798828e+00
5.441072940826416016e+00 6.634706020355224609e+00
6.379143238067626953e+00 7.278565883636474609e+00
5.738286495208740234e+00 6.601578235626220703e+00
7.037306785583496094e+00 7.693380832672119141e+00
6.674806594848632812e+00 7.874893665313720703e+00
6.621981620788574219e+00 6.908318042755126953e+00
6.370653629302978516e+00 6.874670982360839844e+00
7.040603160858154297e+00 6.683540821075439453e+00
7.428143024444580078e+00 7.617812633514404297e+00
6.512721061706542969e+00 6.746222019195556641e+00
6.843661308288574219e+00 7.297500610351562500e+00
7.317407608032226562e+00 7.567048549652099609e+00
7.168269157409667969e+00 6.680491924285888672e+00
7.937697887420654297e+00 8.536519050598144531e+00
7.979364395141601562e+00 8.046564102172851562e+00
6.432289123535156250e+00 7.301687240600585938e+00
7.625254154205322266e+00 8.173299789428710938e+00
7.653341770172119141e+00 7.570219039916992188e+00
5.973408222198486328e+00 6.195258140563964844e+00
6.519372940063476562e+00 6.397504329681396484e+00
6.806576251983642578e+00 6.387400150299072266e+00
5.758639812469482422e+00 6.241539478302001953e+00
6.353356838226318359e+00 6.354717254638671875e+00
6.250418186187744141e+00 6.332006931304931641e+00
5.607428550720214844e+00 6.257929325103759766e+00
6.445925712585449219e+00 7.032229900360107422e+00
6.669762134552001953e+00 7.079537868499755859e+00
5.841253757476806641e+00 6.236631393432617188e+00
6.846705436706542969e+00 6.628262996673583984e+00
6.639488220214843750e+00 6.012694835662841797e+00
5.107892513275146484e+00 6.354179859161376953e+00
5.770166397094726562e+00 6.189706802368164062e+00
5.917302608489990234e+00 6.442959785461425781e+00
5.907239437103271484e+00 6.523571014404296875e+00
6.922756195068359375e+00 6.890625953674316406e+00
6.799032688140869141e+00 6.961442947387695312e+00
5.039728641510009766e+00 6.628235816955566406e+00
6.775848865509033203e+00 6.879106521606445312e+00
6.844614028930664062e+00 6.945105552673339844e+00
5.864594459533691406e+00 6.543379306793212891e+00
6.846415042877197266e+00 6.736982822418212891e+00
6.133591175079345703e+00 6.052299499511718750e+00
5.841223716735839844e+00 6.330665111541748047e+00
6.235634803771972656e+00 6.452343940734863281e+00
5.612524032592773438e+00 6.526436328887939453e+00
5.231404304504394531e+00 6.576627731323242188e+00
6.246915340423583984e+00 6.088110923767089844e+00
5.973913192749023438e+00 6.282567024230957031e+00
5.532018661499023438e+00 6.473572254180908203e+00
6.487265586853027344e+00 6.801580429077148438e+00
5.659233570098876953e+00 6.908312320709228516e+00
7.234430313110351562e+00 6.874063968658447266e+00
7.973079681396484375e+00 8.319188117980957031e+00
8.386100769042968750e+00 9.403206825256347656e+00
6.322496891021728516e+00 6.748026847839355469e+00
8.514657974243164062e+00 7.313704967498779297e+00
8.689402580261230469e+00 7.351991176605224609e+00
4.996283531188964844e+00 5.009459018707275391e+00
6.238588809967041016e+00 6.304500579833984375e+00
5.961770534515380859e+00 6.939204216003417969e+00
5.070798873901367188e+00 5.029293060302734375e+00
4.706186771392822266e+00 5.055808067321777344e+00
5.023999691009521484e+00 4.751106739044189453e+00
4.195191860198974609e+00 4.761870861053466797e+00
4.984931945800781250e+00 5.070175647735595703e+00
5.428741931915283203e+00 5.742865085601806641e+00
5.726681709289550781e+00 5.806581020355224609e+00
5.530878543853759766e+00 6.343892574310302734e+00
5.145689010620117188e+00 5.608200550079345703e+00
5.292398929595947266e+00 5.235244750976562500e+00
5.105904102325439453e+00 5.410638332366943359e+00
6.017748832702636719e+00 6.385432720184326172e+00
6.686374187469482422e+00 7.058286666870117188e+00
6.923085212707519531e+00 8.012748718261718750e+00
5.942590713500976562e+00 6.871497631072998047e+00
6.332947731018066406e+00 7.453151226043701172e+00
7.043064117431640625e+00 7.545117378234863281e+00
7.525041103363037109e+00 8.052894592285156250e+00
6.464231491088867188e+00 7.014600753784179688e+00
7.742955684661865234e+00 7.254948139190673828e+00
7.684096813201904297e+00 7.211811542510986328e+00
6.917000770568847656e+00 7.104867458343505859e+00
7.624755859375000000e+00 8.227179527282714844e+00
7.326675891876220703e+00 7.823067665100097656e+00
6.475541591644287109e+00 7.263857841491699219e+00
7.892318725585937500e+00 7.761620521545410156e+00
7.705437660217285156e+00 7.866901874542236328e+00
5.967587947845458984e+00 7.273078918457031250e+00
6.754014492034912109e+00 7.172576427459716797e+00
6.285181045532226562e+00 6.714275836944580078e+00
5.866099357604980469e+00 5.567635059356689453e+00
5.859365940093994141e+00 5.994824409484863281e+00
6.280788898468017578e+00 6.474749088287353516e+00
5.660833835601806641e+00 5.639222621917724609e+00
6.943524360656738281e+00 6.569268226623535156e+00
6.296294689178466797e+00 6.672205448150634766e+00
5.820875167846679688e+00 5.867745399475097656e+00
5.878906250000000000e+00 6.220744609832763672e+00
5.952317714691162109e+00 6.138634204864501953e+00
4.160843849182128906e+00 4.645769596099853516e+00
5.477421283721923828e+00 4.734814167022705078e+00
5.618686199188232422e+00 6.192221641540527344e+00
4.535277366638183594e+00 4.820860862731933594e+00
4.869262218475341797e+00 5.231492042541503906e+00
4.649980545043945312e+00 4.993327617645263672e+00
4.885869979858398438e+00 5.125358104705810547e+00
5.448424339294433594e+00 5.640552043914794922e+00
5.741958618164062500e+00 6.673709392547607422e+00
5.921821594238281250e+00 5.463798999786376953e+00
5.642955780029296875e+00 5.943488597869873047e+00
5.675324916839599609e+00 5.927961826324462891e+00
4.981592178344726562e+00 5.087981224060058594e+00
5.102529048919677734e+00 5.455944061279296875e+00
5.512988567352294922e+00 6.045170307159423828e+00
5.623215675354003906e+00 4.447361946105957031e+00
6.022610664367675781e+00 6.050506114959716797e+00
5.970134735107421875e+00 6.533343315124511719e+00
5.200099468231201172e+00 5.620550155639648438e+00
6.950042247772216797e+00 6.438640594482421875e+00
6.720559120178222656e+00 7.408950805664062500e+00
6.395017623901367188e+00 6.091024875640869141e+00
6.533413887023925781e+00 6.405489444732666016e+00
6.295267581939697266e+00 6.503201484680175781e+00
6.878751277923583984e+00 6.869816780090332031e+00
8.442023277282714844e+00 8.079012870788574219e+00
8.212576866149902344e+00 7.968180656433105469e+00
5.854522228240966797e+00 6.643872737884521484e+00
6.876380920410156250e+00 6.569948196411132812e+00
7.090867519378662109e+00 7.081791400909423828e+00
6.008078575134277344e+00 6.367814064025878906e+00
5.720880985260009766e+00 6.647330284118652344e+00
5.555049896240234375e+00 5.486485958099365234e+00
5.223807334899902344e+00 5.181177139282226562e+00
5.006773471832275391e+00 5.931792259216308594e+00
5.738085269927978516e+00 6.469825267791748047e+00
4.900550365447998047e+00 6.672500610351562500e+00
6.512097358703613281e+00 6.483974456787109375e+00
5.951607704162597656e+00 5.636221885681152344e+00
6.212212085723876953e+00 5.460247516632080078e+00
5.280297279357910156e+00 6.506191253662109375e+00
5.684324741363525391e+00 6.578501224517822266e+00
5.343545913696289062e+00 6.928236484527587891e+00
7.396510124206542969e+00 7.272749423980712891e+00
7.189528942108154297e+00 6.815486907958984375e+00
6.329282760620117188e+00 6.671349048614501953e+00
6.906230449676513672e+00 7.468291282653808594e+00
6.328712463378906250e+00 7.264680385589599609e+00
6.230821132659912109e+00 6.872320652008056641e+00
6.543127059936523438e+00 6.696867465972900391e+00
7.228657722473144531e+00 7.713279247283935547e+00
6.446659564971923828e+00 6.432480335235595703e+00
7.441159248352050781e+00 6.997325897216796875e+00
7.350705146789550781e+00 7.153767585754394531e+00
6.962872505187988281e+00 6.372451305389404297e+00
7.335157394409179688e+00 7.799215316772460938e+00
7.346125602722167969e+00 7.916946887969970703e+00
7.192245006561279297e+00 7.789459228515625000e+00
8.280981063842773438e+00 8.557065963745117188e+00
8.034067153930664062e+00 8.144506454467773438e+00
7.080756664276123047e+00 6.780230522155761719e+00
6.661521434783935547e+00 7.368071079254150391e+00
6.564654827117919922e+00 6.782761573791503906e+00
5.705080986022949219e+00 6.192595958709716797e+00
6.336512088775634766e+00 6.220722198486328125e+00
6.701949596405029297e+00 6.935998916625976562e+00
6.464774608612060547e+00 6.460936546325683594e+00
7.475434780120849609e+00 7.245455265045166016e+00
7.363934993743896484e+00 7.133759498596191406e+00
5.872044086456298828e+00 6.127512931823730469e+00
7.190265178680419922e+00 6.969912052154541016e+00
6.949781894683837891e+00 7.455923557281494141e+00
5.562984466552734375e+00 5.660009860992431641e+00
5.684375762939453125e+00 5.718153476715087891e+00
6.051748275756835938e+00 5.316555023193359375e+00
5.509387969970703125e+00 5.511644840240478516e+00
5.501024246215820312e+00 6.070081710815429688e+00
5.404378890991210938e+00 6.112102031707763672e+00
5.274068355560302734e+00 6.606583595275878906e+00
6.080893039703369141e+00 6.324692249298095703e+00
6.434845924377441406e+00 6.083957195281982422e+00
5.289329528808593750e+00 6.092550754547119141e+00
6.309398651123046875e+00 7.011977672576904297e+00
6.124319553375244141e+00 7.112609386444091797e+00
5.521826267242431641e+00 5.949263572692871094e+00
6.153693199157714844e+00 6.550971984863281250e+00
6.390568733215332031e+00 6.079806804656982422e+00
5.327630519866943359e+00 6.000382423400878906e+00
6.717530727386474609e+00 6.550876140594482422e+00
6.584909915924072266e+00 7.247134208679199219e+00
5.524762153625488281e+00 6.744550704956054688e+00
6.611949920654296875e+00 6.616778373718261719e+00
6.888067245483398438e+00 6.428568840026855469e+00
6.161795616149902344e+00 6.156940460205078125e+00
6.016578674316406250e+00 6.828227996826171875e+00
6.569442749023437500e+00 7.497121334075927734e+00
6.736469745635986328e+00 6.188611507415771484e+00
7.269833564758300781e+00 7.638108253479003906e+00
7.493323326110839844e+00 7.707436084747314453e+00
7.091104984283447266e+00 7.099493503570556641e+00
7.310765266418457031e+00 8.322674751281738281e+00
7.136900424957275391e+00 6.899323940277099609e+00
6.557849407196044922e+00 6.717929363250732422e+00
6.691919326782226562e+00 7.491399765014648438e+00
6.420043945312500000e+00 6.611961841583251953e+00
5.809411048889160156e+00 6.508707046508789062e+00
6.404158115386962891e+00 6.484753608703613281e+00
6.275082588195800781e+00 6.558628082275390625e+00
6.340179443359375000e+00 6.854491710662841797e+00
6.190254211425781250e+00 6.561231613159179688e+00
6.126435756683349609e+00 5.852967739105224609e+00
6.560331344604492188e+00 6.226310253143310547e+00
7.112252712249755859e+00 7.545421600341796875e+00
6.800312042236328125e+00 7.965644836425781250e+00
6.769496440887451172e+00 8.028690338134765625e+00
7.635041713714599609e+00 7.685855388641357422e+00
7.400774002075195312e+00 6.799431324005126953e+00
7.238134384155273438e+00 6.907837390899658203e+00
7.674491405487060547e+00 7.768966197967529297e+00
7.491687774658203125e+00 8.400728225708007812e+00
7.304014682769775391e+00 7.625876903533935547e+00
8.098900794982910156e+00 8.175936698913574219e+00
8.220090866088867188e+00 7.908688545227050781e+00
6.842404365539550781e+00 6.718413829803466797e+00
7.535869598388671875e+00 7.593228816986083984e+00
8.039012908935546875e+00 7.515517711639404297e+00
6.835849285125732422e+00 6.535981178283691406e+00
7.505123138427734375e+00 7.956790924072265625e+00
7.024819374084472656e+00 7.769999027252197266e+00
5.541110992431640625e+00 7.687169075012207031e+00
7.224321842193603516e+00 7.482973575592041016e+00
7.181665420532226562e+00 7.662694931030273438e+00
5.919868946075439453e+00 5.856115341186523438e+00
6.528739929199218750e+00 6.861598014831542969e+00
6.805631160736083984e+00 7.673673629760742188e+00
6.365421295166015625e+00 6.471450328826904297e+00
7.052458286285400391e+00 7.046359539031982422e+00
7.262665748596191406e+00 7.025597572326660156e+00
6.549948692321777344e+00 6.986568450927734375e+00
7.651587009429931641e+00 7.716005325317382812e+00
6.958499908447265625e+00 7.330165386199951172e+00
6.662025451660156250e+00 6.152061462402343750e+00
5.900012969970703125e+00 6.471907138824462891e+00
6.255448818206787109e+00 6.301190376281738281e+00
5.322013378143310547e+00 6.032969474792480469e+00
6.144384384155273438e+00 6.204010009765625000e+00
5.972127437591552734e+00 6.421997070312500000e+00
5.423219203948974609e+00 5.318304061889648438e+00
5.585512161254882812e+00 5.919823169708251953e+00
6.032587051391601562e+00 6.223548889160156250e+00
5.497644424438476562e+00 6.164549350738525391e+00
6.336254596710205078e+00 6.681884288787841797e+00
5.908657550811767578e+00 6.316459655761718750e+00
5.366985321044921875e+00 5.712160110473632812e+00
5.720841884613037109e+00 5.975466728210449219e+00
5.964354038238525391e+00 6.237556457519531250e+00
5.049438953399658203e+00 5.854893207550048828e+00
5.952750205993652344e+00 5.903010845184326172e+00
6.439623832702636719e+00 6.413100242614746094e+00
5.134924888610839844e+00 6.168222427368164062e+00
6.749119758605957031e+00 6.415688037872314453e+00
6.729749679565429688e+00 6.522178649902343750e+00
5.609357357025146484e+00 6.180780410766601562e+00
6.022617816925048828e+00 6.761282920837402344e+00
5.695735931396484375e+00 6.279881954193115234e+00
5.047253131866455078e+00 6.859709739685058594e+00
6.411071777343750000e+00 6.634000778198242188e+00
6.615525722503662109e+00 6.836335659027099609e+00
6.816228866577148438e+00 7.009448051452636719e+00
7.101770877838134766e+00 8.091011047363281250e+00
6.939232349395751953e+00 7.492196559906005859e+00
6.672225475311279297e+00 7.573044300079345703e+00
8.528066635131835938e+00 8.841028213500976562e+00
7.691696166992187500e+00 8.295644760131835938e+00
5.841401576995849609e+00 6.596456527709960938e+00
7.188429832458496094e+00 6.518355369567871094e+00
7.416005134582519531e+00 7.412849903106689453e+00
6.809817790985107422e+00 6.440331935882568359e+00
7.218936920166015625e+00 7.069402694702148438e+00
6.497958660125732422e+00 7.071310043334960938e+00
6.171625137329101562e+00 7.151059627532958984e+00
7.132520675659179688e+00 7.346481323242187500e+00
6.758055210113525391e+00 7.271751880645751953e+00
7.385927677154541016e+00 6.937180042266845703e+00
7.527891159057617188e+00 7.156063079833984375e+00
6.734851837158203125e+00 7.282762527465820312e+00
6.900817871093750000e+00 7.767349243164062500e+00
7.149809837341308594e+00 7.721412658691406250e+00
6.971121788024902344e+00 8.391397476196289062e+00
7.701204299926757812e+00 7.678539276123046875e+00
7.785682201385498047e+00 7.854398727416992188e+00
8.141818046569824219e+00 7.406619071960449219e+00
6.069415569305419922e+00 6.545232772827148438e+00
7.471599578857421875e+00 7.260670661926269531e+00
7.635752201080322266e+00 8.836083412170410156e+00
6.284754276275634766e+00 6.739850044250488281e+00
7.458651542663574219e+00 7.374129295349121094e+00
7.955870151519775391e+00 7.404356956481933594e+00
6.571802139282226562e+00 6.697508811950683594e+00
7.801368236541748047e+00 8.428050041198730469e+00
7.504302501678466797e+00 8.205109596252441406e+00
6.093588352203369141e+00 7.181515693664550781e+00
7.444796085357666016e+00 7.827981948852539062e+00
7.189824581146240234e+00 7.129437446594238281e+00
6.176077365875244141e+00 6.488840103149414062e+00
6.220205307006835938e+00 6.176241874694824219e+00
6.805419445037841797e+00 6.651429176330566406e+00
5.450922966003417969e+00 6.782691001892089844e+00
7.141613960266113281e+00 7.105495929718017578e+00
7.309126377105712891e+00 7.761261463165283203e+00
6.633215904235839844e+00 6.233348846435546875e+00
6.900350093841552734e+00 7.419059276580810547e+00
6.857051849365234375e+00 6.865754127502441406e+00
5.642956733703613281e+00 6.380943298339843750e+00
6.944804668426513672e+00 7.439892292022705078e+00
6.528120994567871094e+00 7.596947193145751953e+00
5.393717288970947266e+00 6.180161952972412109e+00
6.239872932434082031e+00 5.805524349212646484e+00
6.531286716461181641e+00 5.760515213012695312e+00
5.169919013977050781e+00 5.563344001770019531e+00
6.193783283233642578e+00 6.004662990570068359e+00
5.501302242279052734e+00 6.639325618743896484e+00
5.097543716430664062e+00 6.092302322387695312e+00
5.663876056671142578e+00 5.900903701782226562e+00
5.761212825775146484e+00 5.893241882324218750e+00
4.878928184509277344e+00 5.434298038482666016e+00
5.858177661895751953e+00 5.714809894561767578e+00
5.805729866027832031e+00 6.123651981353759766e+00
5.784076213836669922e+00 5.632876873016357422e+00
5.521478652954101562e+00 5.791335582733154297e+00
5.556174278259277344e+00 5.822977542877197266e+00
5.078064918518066406e+00 5.872395038604736328e+00
5.665875434875488281e+00 5.887962818145751953e+00
5.689030170440673828e+00 5.747159004211425781e+00
5.326524257659912109e+00 4.134961605072021484e+00
4.765450477600097656e+00 5.130427837371826172e+00
5.008234977722167969e+00 5.411752700805664062e+00
3.880323648452758789e+00 5.050058364868164062e+00
5.627113819122314453e+00 5.150194168090820312e+00
6.123924732208251953e+00 6.383941173553466797e+00
6.043640136718750000e+00 7.438165187835693359e+00
8.104327201843261719e+00 8.035081863403320312e+00
7.659804821014404297e+00 7.704535961151123047e+00
7.328397274017333984e+00 7.254146099090576172e+00
8.200336456298828125e+00 7.936568260192871094e+00
7.478010177612304688e+00 8.265995979309082031e+00
7.123533248901367188e+00 7.658425331115722656e+00
7.875870227813720703e+00 7.445215702056884766e+00
8.115808486938476562e+00 7.906617641448974609e+00
7.880404472351074219e+00 7.223869323730468750e+00
8.229855537414550781e+00 8.371128082275390625e+00
7.630228996276855469e+00 8.097353935241699219e+00
7.779401302337646484e+00 7.495081424713134766e+00
6.885266780853271484e+00 7.874297142028808594e+00
7.380123138427734375e+00 7.843389987945556641e+00
8.152682304382324219e+00 7.439828872680664062e+00
8.494369506835937500e+00 8.592320442199707031e+00
8.629422187805175781e+00 8.818876266479492188e+00
8.106797218322753906e+00 8.039534568786621094e+00
8.751010894775390625e+00 9.341146469116210938e+00
8.857134819030761719e+00 9.063474655151367188e+00
8.576558113098144531e+00 8.351824760437011719e+00
9.335665702819824219e+00 9.495035171508789062e+00
9.210493087768554688e+00 9.150375366210937500e+00
7.693051815032958984e+00 7.624713420867919922e+00
8.177865982055664062e+00 8.377903938293457031e+00
8.402271270751953125e+00 7.684247970581054688e+00
7.351650238037109375e+00 6.231344223022460938e+00
7.552602767944335938e+00 7.477688312530517578e+00
7.346902370452880859e+00 7.133065700531005859e+00
5.353178501129150391e+00 6.581805706024169922e+00
7.077116966247558594e+00 6.945077896118164062e+00
7.127961635589599609e+00 7.678282260894775391e+00
5.065690994262695312e+00 5.909567356109619141e+00
6.022101402282714844e+00 6.282077789306640625e+00
6.546314716339111328e+00 6.328790187835693359e+00
4.599252223968505859e+00 5.249099731445312500e+00
5.983863830566406250e+00 5.700853347778320312e+00
6.289861679077148438e+00 6.619469165802001953e+00
5.302193641662597656e+00 6.180581569671630859e+00
5.887069702148437500e+00 6.640016555786132812e+00
5.840799331665039062e+00 6.466365337371826172e+00
5.969680309295654297e+00 6.271574497222900391e+00
6.481452465057373047e+00 7.437422752380371094e+00
6.530403137207031250e+00 6.979293823242187500e+00
5.807779788970947266e+00 6.285466670989990234e+00
6.435195446014404297e+00 6.448412418365478516e+00
6.596479415893554688e+00 6.568307399749755859e+00
5.295464038848876953e+00 5.623158931732177734e+00
6.260653972625732422e+00 6.142729282379150391e+00
6.350334644317626953e+00 6.841538906097412109e+00
6.326136112213134766e+00 5.371086120605468750e+00
6.355060577392578125e+00 6.191875457763671875e+00
6.260046005249023438e+00 5.869934558868408203e+00
5.884844779968261719e+00 5.823724269866943359e+00
6.318608760833740234e+00 6.842026233673095703e+00
6.291501045227050781e+00 7.243365287780761719e+00
5.851914882659912109e+00 6.269135475158691406e+00
5.735386371612548828e+00 5.688117027282714844e+00
6.174831390380859375e+00 5.073435306549072266e+00
5.353664398193359375e+00 5.463201999664306641e+00
5.535259723663330078e+00 6.357564926147460938e+00
5.293753147125244141e+00 6.770101547241210938e+00
6.242576122283935547e+00 6.935261249542236328e+00
6.127285003662109375e+00 7.272332668304443359e+00
6.039174556732177734e+00 5.806334495544433594e+00
6.059653282165527344e+00 5.660995483398437500e+00
6.440983772277832031e+00 6.536569118499755859e+00
6.441788673400878906e+00 6.726053237915039062e+00
5.676000118255615234e+00 6.641593456268310547e+00
6.815684795379638672e+00 6.344237327575683594e+00
6.252164363861083984e+00 5.698861122131347656e+00
6.623893737792968750e+00 7.191123962402343750e+00
6.915168285369873047e+00 7.015706539154052734e+00
7.036619186401367188e+00 7.030130863189697266e+00
7.341105937957763672e+00 7.196492195129394531e+00
7.742873668670654297e+00 7.826738357543945312e+00
7.508673191070556641e+00 8.542057037353515625e+00
7.710463523864746094e+00 7.621039867401123047e+00
8.107989311218261719e+00 8.420834541320800781e+00
8.447614669799804688e+00 8.358241081237792969e+00
7.773682594299316406e+00 8.107858657836914062e+00
8.808869361877441406e+00 9.243367195129394531e+00
8.704731941223144531e+00 9.614015579223632812e+00
6.851941585540771484e+00 7.804565429687500000e+00
8.170304298400878906e+00 8.907736778259277344e+00
8.278106689453125000e+00 8.656939506530761719e+00
6.707204818725585938e+00 7.947525501251220703e+00
8.590835571289062500e+00 8.364400863647460938e+00
8.192776679992675781e+00 8.396718025207519531e+00
7.542334079742431641e+00 8.354987144470214844e+00
8.327734947204589844e+00 9.178095817565917969e+00
8.143500328063964844e+00 9.415208816528320312e+00
6.995656013488769531e+00 7.832144737243652344e+00
8.415988922119140625e+00 7.833939552307128906e+00
8.711024284362792969e+00 8.552649497985839844e+00
6.329748630523681641e+00 6.548075199127197266e+00
6.788891315460205078e+00 7.328768253326416016e+00
6.903059005737304688e+00 7.527103900909423828e+00
5.172336101531982422e+00 5.816780090332031250e+00
7.369164466857910156e+00 6.887022018432617188e+00
7.785079956054687500e+00 8.160156250000000000e+00
5.659832000732421875e+00 6.236378192901611328e+00
7.578259944915771484e+00 7.128969192504882812e+00
6.848519802093505859e+00 6.552969455718994141e+00
5.414078235626220703e+00 6.158226490020751953e+00
4.902376174926757812e+00 5.715390205383300781e+00
5.562390327453613281e+00 5.970769405364990234e+00
4.743700504302978516e+00 5.472933769226074219e+00
5.434947490692138672e+00 5.273926258087158203e+00
5.800612449645996094e+00 5.265651702880859375e+00
5.990323543548583984e+00 6.041189670562744141e+00
5.816601276397705078e+00 7.518631935119628906e+00
5.532059192657470703e+00 6.476953029632568359e+00
5.928892135620117188e+00 7.067288875579833984e+00
7.114703655242919922e+00 7.316170692443847656e+00
7.183264732360839844e+00 7.275232315063476562e+00
5.841598987579345703e+00 6.471053123474121094e+00
6.934457778930664062e+00 6.956178188323974609e+00
6.804549694061279297e+00 7.045401096343994141e+00
6.223413944244384766e+00 6.414035320281982422e+00
6.278133392333984375e+00 6.613417625427246094e+00
6.473864555358886719e+00 6.186326503753662109e+00
5.225995063781738281e+00 5.563232421875000000e+00
6.655157566070556641e+00 6.448478221893310547e+00
6.616852283477783203e+00 7.191939353942871094e+00
5.163371562957763672e+00 6.408157348632812500e+00
6.227706909179687500e+00 6.287899971008300781e+00
6.231417179107666016e+00 6.470025539398193359e+00
4.970527172088623047e+00 5.218957901000976562e+00
5.393557548522949219e+00 5.845168113708496094e+00
5.691361904144287109e+00 6.401405811309814453e+00
5.970232486724853516e+00 6.109924793243408203e+00
6.284578323364257812e+00 7.050724983215332031e+00
5.660682201385498047e+00 6.319528102874755859e+00
6.031648635864257812e+00 7.083533763885498047e+00
6.609759330749511719e+00 7.288199424743652344e+00
6.323155403137207031e+00 7.075526714324951172e+00
6.200446605682373047e+00 6.694112300872802734e+00
6.791990280151367188e+00 6.123531341552734375e+00
6.458166122436523438e+00 6.360801219940185547e+00
6.429105758666992188e+00 6.598189353942871094e+00
6.172461986541748047e+00 6.557368278503417969e+00
5.734123229980468750e+00 6.593079566955566406e+00
7.569236755371093750e+00 7.718200206756591797e+00
7.455104827880859375e+00 8.452573776245117188e+00
7.497812747955322266e+00 7.291047573089599609e+00
7.119921684265136719e+00 7.677534580230712891e+00
7.828316211700439453e+00 8.404118537902832031e+00
8.348203659057617188e+00 8.628362655639648438e+00
7.310104846954345703e+00 7.315825939178466797e+00
8.906874656677246094e+00 8.848358154296875000e+00
8.861357688903808594e+00 9.318735122680664062e+00
7.004437446594238281e+00 8.236382484436035156e+00
9.033204078674316406e+00 8.901426315307617188e+00
9.178403854370117188e+00 8.725528717041015625e+00
6.698956012725830078e+00 6.803711891174316406e+00
7.448753356933593750e+00 7.925662517547607422e+00
8.010116577148437500e+00 8.466805458068847656e+00
6.164307117462158203e+00 7.002213001251220703e+00
7.734511852264404297e+00 7.377937793731689453e+00
8.178006172180175781e+00 7.614081382751464844e+00
6.290719985961914062e+00 7.205963611602783203e+00
7.868483543395996094e+00 8.231520652770996094e+00
7.859961032867431641e+00 8.682392120361328125e+00
6.627138614654541016e+00 7.165098667144775391e+00
8.166872978210449219e+00 8.476405143737792969e+00
8.867938041687011719e+00 8.371564865112304688e+00
6.225518226623535156e+00 6.232295513153076172e+00
7.532165527343750000e+00 7.335362434387207031e+00
7.110278129577636719e+00 6.899684906005859375e+00
5.487807273864746094e+00 5.896122455596923828e+00
5.994472026824951172e+00 5.923196792602539062e+00
6.187743663787841797e+00 5.873493671417236328e+00
5.993377208709716797e+00 6.481727600097656250e+00
6.252133369445800781e+00 6.599729537963867188e+00
5.903772354125976562e+00 6.184257030487060547e+00
5.398855686187744141e+00 5.616974353790283203e+00
5.216467380523681641e+00 5.912502765655517578e+00
5.520553588867187500e+00 5.934593677520751953e+00
5.431884288787841797e+00 6.008867263793945312e+00
5.117356300354003906e+00 6.220070362091064453e+00
5.042236328125000000e+00 5.320940971374511719e+00
5.755623340606689453e+00 6.660086154937744141e+00
6.706088066101074219e+00 7.190387248992919922e+00
5.907561302185058594e+00 7.085818290710449219e+00
5.953066825866699219e+00 6.599217414855957031e+00
6.444499492645263672e+00 6.282471179962158203e+00
7.311958312988281250e+00 7.075720310211181641e+00
5.971275329589843750e+00 6.272054195404052734e+00
7.287624835968017578e+00 6.842497825622558594e+00
7.106398105621337891e+00 7.320116519927978516e+00
5.730209827423095703e+00 5.686730861663818359e+00
6.697923183441162109e+00 7.010393142700195312e+00
7.056205272674560547e+00 7.134552955627441406e+00
5.673736572265625000e+00 6.405253887176513672e+00
6.898928165435791016e+00 6.561899662017822266e+00
6.648258209228515625e+00 6.147515296936035156e+00
5.971141815185546875e+00 5.879283428192138672e+00
6.019392013549804688e+00 6.672429561614990234e+00
5.671267032623291016e+00 6.482173442840576172e+00
5.105593681335449219e+00 6.042693614959716797e+00
5.510231018066406250e+00 5.757122039794921875e+00
5.924073696136474609e+00 5.760907173156738281e+00
5.131531238555908203e+00 5.896885395050048828e+00
6.621409416198730469e+00 6.665321350097656250e+00
6.057738304138183594e+00 7.054919719696044922e+00
5.260617256164550781e+00 5.890944480895996094e+00
6.170979976654052734e+00 6.030750274658203125e+00
6.690453052520751953e+00 7.383933544158935547e+00
5.970236778259277344e+00 5.442139625549316406e+00
6.707819461822509766e+00 6.293881416320800781e+00
6.898970603942871094e+00 6.753673553466796875e+00
5.955757141113281250e+00 5.813987731933593750e+00
6.669346332550048828e+00 7.139909744262695312e+00
6.231080532073974609e+00 6.908088684082031250e+00
5.660461425781250000e+00 5.971309185028076172e+00
6.347643852233886719e+00 7.040170669555664062e+00
6.712934970855712891e+00 7.848698139190673828e+00
4.814425468444824219e+00 7.099995613098144531e+00
7.406432151794433594e+00 7.192729949951171875e+00
7.431623458862304688e+00 7.361862182617187500e+00
5.794195652008056641e+00 6.207952499389648438e+00
7.062029361724853516e+00 7.038172721862792969e+00
7.082489967346191406e+00 7.444637775421142578e+00
5.351057052612304688e+00 6.981739044189453125e+00
7.475128650665283203e+00 7.138425827026367188e+00
7.121971607208251953e+00 7.685922622680664062e+00
4.828501701354980469e+00 6.015325546264648438e+00
5.846864223480224609e+00 6.062858104705810547e+00
6.634680271148681641e+00 6.889756202697753906e+00
5.256310939788818359e+00 5.987769603729248047e+00
6.113179683685302734e+00 6.615784168243408203e+00
6.304745197296142578e+00 6.143651008605957031e+00
4.981642246246337891e+00 5.730685234069824219e+00
5.967259883880615234e+00 6.596294403076171875e+00
6.274420738220214844e+00 7.187069892883300781e+00
5.887604713439941406e+00 6.832919120788574219e+00
6.534203529357910156e+00 7.108137130737304688e+00
6.559482097625732422e+00 6.603312015533447266e+00
5.243079662322998047e+00 5.732236862182617188e+00
5.581370830535888672e+00 6.343682289123535156e+00
6.924597740173339844e+00 7.167279720306396484e+00
6.011274814605712891e+00 5.602879524230957031e+00
6.809998989105224609e+00 7.221184730529785156e+00
6.151789188385009766e+00 6.003548145294189453e+00
5.103418350219726562e+00 5.908002376556396484e+00
5.604362010955810547e+00 6.116833209991455078e+00
5.650413036346435547e+00 6.447942733764648438e+00
4.991961956024169922e+00 5.340582847595214844e+00
6.096201419830322266e+00 5.936840534210205078e+00
6.109301567077636719e+00 6.688803672790527344e+00
5.137898445129394531e+00 6.185802936553955078e+00
6.315225601196289062e+00 6.356437683105468750e+00
5.742008686065673828e+00 5.947477340698242188e+00
5.007175445556640625e+00 5.769907951354980469e+00
5.765300273895263672e+00 5.588868618011474609e+00
5.966300487518310547e+00 6.664376258850097656e+00
5.839056491851806641e+00 6.677687644958496094e+00
7.138801574707031250e+00 6.782194137573242188e+00
6.344638347625732422e+00 6.850903987884521484e+00
6.176144599914550781e+00 6.628464698791503906e+00
6.231534004211425781e+00 6.628664016723632812e+00
6.644419193267822266e+00 6.591840267181396484e+00
6.724125385284423828e+00 6.124979972839355469e+00
6.522652626037597656e+00 6.887478828430175781e+00
6.169495105743408203e+00 6.819339752197265625e+00
5.892764568328857422e+00 6.283180236816406250e+00
5.653146743774414062e+00 6.342894554138183594e+00
6.220315456390380859e+00 6.019105434417724609e+00
5.532053947448730469e+00 5.550888061523437500e+00
6.433819293975830078e+00 6.709873199462890625e+00
6.098525524139404297e+00 6.895068168640136719e+00
6.062376499176025391e+00 6.049609661102294922e+00
6.404328823089599609e+00 6.896146297454833984e+00
6.634049892425537109e+00 6.740323066711425781e+00
6.009035587310791016e+00 6.908237457275390625e+00
7.057048320770263672e+00 6.756832599639892578e+00
7.093535900115966797e+00 6.990718841552734375e+00
6.534853935241699219e+00 6.013392448425292969e+00
6.387456893920898438e+00 7.049282550811767578e+00
6.980738639831542969e+00 7.047071456909179688e+00
6.357982635498046875e+00 6.923403739929199219e+00
7.443012714385986328e+00 7.862678050994873047e+00
7.594699859619140625e+00 7.477016448974609375e+00
7.436123371124267578e+00 6.688150882720947266e+00
7.022912502288818359e+00 8.265971183776855469e+00
6.974283218383789062e+00 7.421301841735839844e+00
5.269384384155273438e+00 5.602942943572998047e+00
6.214872360229492188e+00 6.199838638305664062e+00
7.107460975646972656e+00 6.991319179534912109e+00
5.402138710021972656e+00 5.553992748260498047e+00
5.871137142181396484e+00 6.104681968688964844e+00
6.238723754882812500e+00 5.615284919738769531e+00
5.617338657379150391e+00 5.538437366485595703e+00
6.187852859497070312e+00 6.776345729827880859e+00
6.578325748443603516e+00 6.748073101043701172e+00
5.695031166076660156e+00 6.371624469757080078e+00
6.472118377685546875e+00 6.860129356384277344e+00
6.693146228790283203e+00 6.091908931732177734e+00
5.167236328125000000e+00 5.551394939422607422e+00
5.479357719421386719e+00 5.880742549896240234e+00
5.926476478576660156e+00 6.038091182708740234e+00
5.145618438720703125e+00 6.127713680267333984e+00
5.570260524749755859e+00 6.232957363128662109e+00
5.803840160369873047e+00 5.953501701354980469e+00
4.754399776458740234e+00 6.437100887298583984e+00
6.197852611541748047e+00 6.847286224365234375e+00
6.504981517791748047e+00 6.200449943542480469e+00
5.481727600097656250e+00 5.560198307037353516e+00
6.349692344665527344e+00 6.426840305328369141e+00
6.246733188629150391e+00 6.559479236602783203e+00
3.976000547409057617e+00 6.615256309509277344e+00
6.159271717071533203e+00 6.264294624328613281e+00
6.246896743774414062e+00 6.374033927917480469e+00
5.424959182739257812e+00 5.502442359924316406e+00
5.783492088317871094e+00 6.293401241302490234e+00
5.750385284423828125e+00 5.729653835296630859e+00
3.688051700592041016e+00 5.291807651519775391e+00
5.908929824829101562e+00 5.493102550506591797e+00
5.486730098724365234e+00 6.259280204772949219e+00
4.812647819519042969e+00 5.133707046508789062e+00
5.590210437774658203e+00 5.118503093719482422e+00
5.401919841766357422e+00 5.658158779144287109e+00
5.037238597869873047e+00 5.429825782775878906e+00
5.598482608795166016e+00 5.451946258544921875e+00
5.973808288574218750e+00 6.801424503326416016e+00
5.428069114685058594e+00 5.616284370422363281e+00
5.959872245788574219e+00 6.010397911071777344e+00
6.025501251220703125e+00 5.812386989593505859e+00
6.392103195190429688e+00 5.446072578430175781e+00
5.295665264129638672e+00 6.123775482177734375e+00
5.704738140106201172e+00 6.262248516082763672e+00
6.125604152679443359e+00 7.322376728057861328e+00
6.910275936126708984e+00 7.719954967498779297e+00
6.844303131103515625e+00 7.519536018371582031e+00
6.815113544464111328e+00 6.783751964569091797e+00
6.858572006225585938e+00 7.678292751312255859e+00
7.025205612182617188e+00 7.058274269104003906e+00
6.260638713836669922e+00 7.234524726867675781e+00
7.465282440185546875e+00 8.032858848571777344e+00
6.575473785400390625e+00 7.450901508331298828e+00
6.559421539306640625e+00 6.891605854034423828e+00
6.953661918640136719e+00 6.804044723510742188e+00
6.998191833496093750e+00 6.745434284210205078e+00
6.389709949493408203e+00 6.862462997436523438e+00
7.433836460113525391e+00 6.969786643981933594e+00
7.062984466552734375e+00 7.567156314849853516e+00
6.456369876861572266e+00 7.443210601806640625e+00
6.885487556457519531e+00 7.306046962738037109e+00
7.273395061492919922e+00 6.803755760192871094e+00
6.811900138854980469e+00 6.996422290802001953e+00
6.974084377288818359e+00 7.843951225280761719e+00
6.445118904113769531e+00 7.321550846099853516e+00
6.196480751037597656e+00 7.799556255340576172e+00
7.003543376922607422e+00 7.520892620086669922e+00
7.227039337158203125e+00 7.562981128692626953e+00
7.128741741180419922e+00 7.854283809661865234e+00
7.923406600952148438e+00 8.923262596130371094e+00
7.911882877349853516e+00 8.788486480712890625e+00
5.039784908294677734e+00 6.019443035125732422e+00
5.415415287017822266e+00 5.700304985046386719e+00
5.542252063751220703e+00 5.617075920104980469e+00
4.319529056549072266e+00 5.424372673034667969e+00
4.616296291351318359e+00 5.662204742431640625e+00
5.058379650115966797e+00 5.800895214080810547e+00
5.027449131011962891e+00 5.492565155029296875e+00
5.756449222564697266e+00 6.071639060974121094e+00
5.588360309600830078e+00 5.597412109375000000e+00
4.715504169464111328e+00 5.897979736328125000e+00
5.610134601593017578e+00 6.303707599639892578e+00
5.562537193298339844e+00 6.437325477600097656e+00
5.262516975402832031e+00 5.591845989227294922e+00
5.638250350952148438e+00 5.905323028564453125e+00
5.902210235595703125e+00 5.241926193237304688e+00
4.989487648010253906e+00 5.423759460449218750e+00
5.490144729614257812e+00 5.981658458709716797e+00
5.088686943054199219e+00 6.028313159942626953e+00
5.563974857330322266e+00 6.271807193756103516e+00
5.032723426818847656e+00 5.793496608734130859e+00
5.116209506988525391e+00 4.988027095794677734e+00
5.082046985626220703e+00 5.082827568054199219e+00
5.943719863891601562e+00 5.639303207397460938e+00
6.247808933258056641e+00 6.705487728118896484e+00
6.576097965240478516e+00 5.731047630310058594e+00
6.227685928344726562e+00 6.653863906860351562e+00
6.195183277130126953e+00 5.683741569519042969e+00
6.231922149658203125e+00 6.168411254882812500e+00
6.666369438171386719e+00 7.253812789916992188e+00
6.661731243133544922e+00 7.370873928070068359e+00
6.312353610992431641e+00 6.264437198638916016e+00
6.037947654724121094e+00 6.414055824279785156e+00
6.135610103607177734e+00 4.752869129180908203e+00
6.332038879394531250e+00 5.635430335998535156e+00
6.176101684570312500e+00 6.203209400177001953e+00
6.101361274719238281e+00 6.819257736206054688e+00
5.989909172058105469e+00 6.733134746551513672e+00
6.792393684387207031e+00 6.957066535949707031e+00
7.208754062652587891e+00 7.119731426239013672e+00
5.805765151977539062e+00 5.546585083007812500e+00
5.751544475555419922e+00 6.286981582641601562e+00
6.467555046081542969e+00 6.027004241943359375e+00
5.057065963745117188e+00 5.705397605895996094e+00
6.439027786254882812e+00 7.329450130462646484e+00
6.431348800659179688e+00 7.414602279663085938e+00
5.165637969970703125e+00 6.719400882720947266e+00
6.551663875579833984e+00 6.897682666778564453e+00
6.422983169555664062e+00 6.289103507995605469e+00
5.971921920776367188e+00 6.053598880767822266e+00
6.538493633270263672e+00 6.943872451782226562e+00
6.020478725433349609e+00 7.488332271575927734e+00
6.096884250640869141e+00 7.197593212127685547e+00
6.912742614746093750e+00 6.948725223541259766e+00
7.095000743865966797e+00 7.357487678527832031e+00
6.762418270111083984e+00 6.650527954101562500e+00
7.605885028839111328e+00 7.255433082580566406e+00
7.418710231781005859e+00 7.301156044006347656e+00
6.808573246002197266e+00 6.781205654144287109e+00
7.101572990417480469e+00 7.173182010650634766e+00
6.975396156311035156e+00 7.736762523651123047e+00
6.830406188964843750e+00 7.322564601898193359e+00
7.356409549713134766e+00 7.715560913085937500e+00
6.844607353210449219e+00 7.254765033721923828e+00
6.571544170379638672e+00 6.129893302917480469e+00
6.283759117126464844e+00 6.599363327026367188e+00
6.826657295227050781e+00 7.163747310638427734e+00
6.163250923156738281e+00 6.808692932128906250e+00
7.688228130340576172e+00 7.729569911956787109e+00
7.489253520965576172e+00 7.572145462036132812e+00
6.886003017425537109e+00 7.604294776916503906e+00
8.383915901184082031e+00 8.395409584045410156e+00
7.779357910156250000e+00 8.260642051696777344e+00
