2.230711579e-01 2.119213492e-01
2.194556743e-01 2.233345509e-01
2.314587682e-01 2.165652364e-01
2.305250764e-01 2.000874579e-01
1.952697039e-01 2.341537029e-01
2.067922503e-01 2.244060189e-01
2.217823863e-01 1.978207380e-01
2.550897896e-01 2.540113032e-01
2.584953904e-01 2.040516585e-01
2.077015489e-01 2.015457749e-01
1.942674518e-01 2.062940896e-01
2.289239317e-01 2.075425535e-01
2.519240975e-01 2.169655263e-01
2.502433956e-01 1.965426058e-01
2.248782516e-01 2.320614308e-01
2.421209365e-01 2.079644501e-01
2.292810678e-01 2.217562795e-01
2.585911155e-01 2.184590101e-01
2.188302577e-01 2.185060084e-01
1.966043115e-01 2.141576111e-01
2.357576340e-01 2.305622995e-01
2.130980343e-01 2.558142841e-01
2.151664346e-01 2.149070054e-01
2.457513809e-01 2.512102425e-01
2.387116551e-01 2.354759723e-01
2.216381431e-01 2.304571122e-01
1.936136782e-01 2.530117333e-01
2.458522916e-01 2.490400523e-01
2.160817683e-01 2.428757995e-01
2.286001444e-01 2.434699684e-01
2.491968572e-01 2.524534464e-01
2.158658952e-01 2.505899072e-01
2.466762066e-01 2.351399213e-01
2.048308253e-01 2.533430159e-01
2.036947906e-01 2.534102201e-01
1.944121271e-01 2.284433097e-01
1.943919063e-01 2.193161398e-01
2.103080004e-01 2.572241426e-01
2.408978045e-01 2.517952621e-01
2.400042713e-01 2.518936992e-01
2.385404408e-01 2.320881784e-01
2.555514574e-01 2.134437710e-01
2.218790948e-01 2.420650423e-01
2.247844487e-01 2.535548508e-01
2.212528288e-01 1.975728124e-01
2.385011911e-01 2.151232958e-01
2.510178089e-01 2.118450999e-01
2.404555529e-01 2.475736290e-01
2.205447108e-01 2.585028112e-01
2.042982578e-01 2.595356703e-01
2.144259214e-01 2.417555451e-01
2.105807215e-01 1.953684986e-01
2.431799471e-01 2.212387025e-01
2.201741785e-01 2.215004265e-01
2.449003458e-01 1.960010976e-01
2.298858762e-01 2.031275928e-01
2.129741758e-01 2.399173677e-01
2.053130269e-01 2.332781851e-01
2.008025050e-01 2.208958715e-01
2.007601410e-01 2.134397775e-01
2.112468481e-01 2.262536883e-01
1.957776248e-01 2.166928202e-01
2.314453572e-01 2.192124128e-01
2.585640848e-01 2.396400571e-01
2.156082839e-01 2.404105514e-01
2.184335440e-01 2.311160564e-01
2.507714331e-01 2.398607135e-01
2.216536850e-01 2.202525288e-01
2.213614732e-01 2.160755694e-01
2.161491215e-01 2.309384942e-01
1.997675598e-01 2.352178842e-01
2.306405008e-01 2.000773847e-01
2.058226019e-01 2.126786858e-01
2.531335652e-01 1.982304752e-01
2.119848877e-01 1.929118037e-01
2.498349398e-01 2.016721815e-01
2.489607483e-01 2.185981274e-01
2.515524328e-01 2.030203938e-01
2.057472169e-01 2.217116058e-01
2.325626314e-01 2.552150488e-01
2.131115943e-01 2.294558138e-01
2.114612013e-01 2.017890364e-01
1.944749951e-01 2.024979889e-01
2.590653002e-01 2.357261181e-01
2.109294385e-01 2.483484447e-01
2.249326557e-01 2.562088370e-01
2.464474142e-01 2.586090863e-01
2.066600472e-01 2.448438406e-01
2.367063165e-01 1.976542324e-01
2.126434445e-01 2.577166259e-01
2.488132268e-01 2.182014734e-01
2.211669087e-01 2.439077646e-01
1.972432435e-01 2.187049240e-01
2.239544839e-01 2.203170508e-01
2.109206319e-01 2.389450967e-01
2.331632376e-01 2.457874864e-01
2.473724633e-01 1.965624690e-01
2.102887481e-01 2.269818485e-01
2.446099669e-01 2.428044379e-01
2.559614778e-01 2.307375669e-01
2.389550805e-01 2.131843269e-01
2.345349938e-01 2.478140593e-01
2.581964731e-01 2.553435564e-01
2.143202871e-01 2.294454873e-01
2.238910496e-01 1.997592002e-01
1.934819818e-01 2.453148067e-01
2.154136300e-01 2.422035784e-01
2.584663928e-01 2.090269923e-01
2.384041399e-01 2.341521978e-01
2.204238027e-01 2.041569650e-01
2.176986188e-01 2.013689578e-01
2.415187061e-01 2.063685954e-01
2.474097908e-01 1.959982514e-01
2.137777656e-01 2.454079241e-01
1.963615417e-01 2.108714581e-01
2.428322434e-01 2.455550730e-01
2.251227051e-01 2.581305206e-01
2.459465712e-01 2.313897014e-01
2.347750366e-01 2.287834585e-01
2.412448227e-01 2.205265164e-01
2.019583583e-01 2.519738376e-01
2.251777649e-01 2.509996891e-01
2.118094116e-01 2.333080769e-01
2.219581753e-01 2.475676984e-01
2.501432598e-01 2.271428555e-01
2.360186726e-01 1.968265474e-01
2.085614502e-01 2.096780539e-01
1.992868483e-01 2.542597055e-01
2.228447199e-01 2.206812054e-01
1.953854114e-01 2.402718365e-01
2.437110096e-01 2.531290650e-01
2.587493062e-01 1.975571960e-01
2.149553448e-01 2.072326839e-01
2.409699708e-01 2.205515951e-01
2.555643320e-01 2.273056209e-01
1.943427175e-01 2.011106461e-01
2.371883392e-01 1.954099536e-01
2.443226725e-01 1.962309778e-01
1.967631578e-01 2.062911391e-01
2.176003754e-01 2.012592256e-01
2.402133495e-01 2.029577047e-01
2.184428424e-01 2.589632571e-01
2.365802079e-01 2.499225587e-01
1.940522492e-01 2.277919650e-01
2.265172601e-01 2.169955820e-01
2.351493537e-01 2.506758571e-01
2.047554553e-01 2.471275330e-01
2.255838960e-01 2.448175550e-01
2.532932162e-01 2.020698935e-01
1.946493685e-01 1.954592317e-01
1.990967989e-01 2.079769373e-01
2.375243455e-01 2.544152737e-01
2.325587422e-01 2.442869842e-01
2.509715855e-01 2.562698722e-01
2.112240493e-01 2.590845227e-01
2.082092464e-01 2.500025928e-01
2.545211017e-01 2.538455129e-01
2.148125172e-01 2.434068620e-01
2.316675484e-01 2.224978209e-01
2.021798193e-01 2.111268938e-01
2.417341024e-01 2.510389090e-01
2.561393976e-01 2.396384627e-01
2.422842830e-01 2.292817086e-01
2.140596956e-01 2.132324427e-01
2.408500910e-01 2.343892306e-01
2.477103621e-01 2.070053369e-01
2.560406327e-01 2.131405175e-01
2.076654434e-01 2.077517509e-01
2.424649298e-01 2.347989529e-01
2.204718739e-01 2.415669560e-01
2.349973470e-01 2.466445863e-01
2.290327251e-01 2.568606138e-01
2.062513828e-01 2.546930313e-01
2.250801921e-01 2.392892092e-01
2.211458385e-01 1.955531538e-01
2.165869325e-01 2.574805021e-01
2.310065776e-01 2.256711572e-01
2.239179760e-01 2.141862810e-01
2.412470132e-01 2.512146533e-01
2.335348725e-01 1.957560480e-01
2.473096102e-01 1.992691308e-01
2.234067470e-01 2.292300612e-01
2.007396370e-01 2.291166335e-01
2.113196701e-01 2.331093401e-01
1.992650777e-01 2.136077583e-01
2.129646093e-01 2.378878891e-01
2.091342211e-01 2.172241956e-01
2.437651902e-01 2.490916997e-01
2.064795196e-01 1.955710202e-01
2.291478068e-01 2.202450633e-01
2.023693770e-01 2.292091399e-01
1.960597038e-01 2.212659121e-01
2.048459798e-01 1.989434510e-01
2.051973641e-01 2.491670549e-01
2.177042067e-01 2.331489474e-01
2.556475699e-01 2.314334810e-01
2.425144166e-01 2.029513568e-01
2.576183975e-01 1.955833435e-01
2.360350192e-01 2.359453440e-01
2.587560713e-01 2.474368513e-01
2.329596132e-01 1.975731254e-01
2.531745732e-01 1.965001971e-01
2.015808672e-01 2.294142842e-01
2.379562110e-01 2.442528009e-01
2.186715007e-01 2.576338053e-01
2.588045001e-01 2.311142534e-01
2.552883029e-01 2.429663092e-01
2.450290620e-01 2.428825200e-01
2.510675788e-01 2.590437233e-01
2.521110773e-01 2.184023857e-01
1.945597827e-01 1.934815794e-01
2.324372530e-01 2.489298135e-01
2.170432061e-01 2.269921303e-01
1.935442537e-01 2.554739118e-01
2.073612511e-01 2.405230850e-01
2.436714768e-01 2.154520750e-01
2.433602214e-01 2.152272612e-01
2.251824886e-01 2.314296812e-01
2.226774991e-01 2.406133562e-01
2.124986798e-01 2.320483774e-01
2.356880903e-01 2.043172419e-01
1.978629380e-01 2.567671239e-01
2.442606539e-01 2.364940345e-01
2.052347064e-01 1.938068420e-01
1.949139237e-01 1.992045045e-01
2.399763763e-01 1.933699101e-01
2.431352586e-01 2.527529597e-01
1.961214989e-01 2.442075014e-01
2.136249691e-01 2.559395432e-01
2.108812928e-01 2.007611543e-01
2.415927649e-01 2.344475389e-01
2.347665876e-01 2.096696943e-01
2.439135015e-01 2.483334690e-01
2.297406942e-01 2.394461483e-01
2.036114037e-01 2.439178824e-01
2.261823118e-01 1.966823488e-01
2.173624784e-01 2.017282546e-01
1.968414336e-01 2.095372379e-01
2.129677534e-01 1.949813515e-01
1.932097673e-01 2.295711488e-01
2.551009357e-01 2.402285188e-01
2.496401668e-01 2.318721563e-01
2.510518730e-01 2.193648964e-01
2.341961563e-01 1.998453438e-01
1.949928105e-01 2.232004106e-01
2.414328158e-01 2.201615423e-01
1.997531652e-01 2.325927764e-01
2.228523791e-01 2.416453063e-01
2.293283790e-01 2.329291850e-01
2.432027161e-01 2.259493023e-01
2.390499264e-01 2.348511070e-01
2.246690243e-01 2.095486075e-01
2.375000715e-01 1.979171038e-01
2.020613700e-01 2.565873265e-01
2.428522855e-01 2.299522161e-01
2.528386116e-01 2.364969403e-01
2.102521062e-01 2.142451257e-01
2.181407511e-01 2.122337073e-01
2.461172193e-01 2.369511724e-01
2.145314068e-01 2.009277195e-01
2.234153152e-01 2.409050018e-01
2.578240931e-01 2.122465521e-01
2.593219876e-01 2.348749489e-01
2.242959589e-01 1.980542988e-01
2.538527846e-01 2.326457947e-01
2.582209706e-01 2.368899882e-01
2.181510329e-01 2.411483824e-01
2.457937747e-01 2.520963848e-01
2.211728245e-01 2.132562697e-01
2.148185968e-01 1.962616593e-01
2.596691847e-01 2.164779454e-01
2.196145803e-01 2.203954756e-01
1.953295171e-01 2.587196827e-01
2.131750137e-01 2.053210139e-01
2.256852090e-01 2.374694198e-01
2.068515569e-01 2.533335388e-01
2.302269638e-01 2.250053138e-01
2.133442909e-01 2.537595630e-01
2.445868552e-01 2.323536575e-01
2.180797458e-01 2.004099488e-01
2.183792144e-01 2.509063184e-01
1.941359788e-01 2.014269233e-01
2.261601090e-01 1.980384588e-01
2.235692739e-01 1.979742497e-01
2.042341083e-01 1.949598491e-01
1.982103586e-01 2.574355006e-01
2.481378466e-01 2.337721735e-01
1.960417330e-01 2.397436649e-01
3.830119595e-02 4.299866036e-02
3.982441872e-02 3.819022700e-02
3.476745635e-02 4.104217514e-02
3.516082466e-02 4.798433557e-02
5.001407489e-02 3.363206983e-02
4.515957460e-02 3.773881122e-02
3.884416446e-02 4.893931374e-02
2.481159568e-02 2.526597306e-02
2.337680757e-02 4.631420225e-02
4.477648810e-02 4.736993834e-02
5.043633282e-02 4.536945373e-02
3.583539650e-02 4.484347254e-02
2.614532784e-02 4.087353125e-02
2.685340494e-02 4.947780073e-02
3.753985837e-02 3.451355174e-02
3.027543798e-02 4.466572404e-02
3.568493575e-02 3.885515779e-02
2.333647013e-02 4.024431854e-02
4.008790851e-02 4.022451490e-02
4.945180193e-02 4.205651581e-02
3.295632824e-02 3.514514863e-02
4.250292480e-02 2.450636961e-02
4.163149372e-02 4.174079001e-02
2.874591574e-02 2.644607052e-02
3.171178326e-02 3.307499364e-02
3.890493140e-02 3.518946096e-02
5.071176961e-02 2.568709850e-02
2.870339900e-02 2.736038342e-02
4.124586284e-02 2.995740995e-02
3.597180918e-02 2.970708720e-02
2.729431540e-02 2.592229843e-02
4.133681208e-02 2.670742571e-02
2.835627832e-02 3.321656957e-02
4.598593712e-02 2.554752305e-02
4.646455124e-02 2.551920712e-02
5.037537962e-02 3.603788838e-02
5.038389564e-02 3.988320753e-02
4.367837310e-02 2.391238883e-02
3.079074994e-02 2.619959600e-02
3.116719984e-02 2.615812421e-02
3.178391606e-02 3.450228646e-02
2.461710386e-02 4.235726222e-02
3.880342096e-02 3.029898368e-02
3.757937998e-02 2.545828000e-02
3.906726837e-02 4.904376715e-02
3.180045635e-02 4.164966568e-02
2.652714774e-02 4.303078726e-02
3.097707033e-02 2.797819674e-02
3.936560452e-02 2.337367646e-02
4.621030390e-02 2.293853089e-02
4.194347560e-02 3.042938188e-02
4.356347397e-02 4.997245222e-02
2.982927114e-02 3.907322139e-02
3.952170908e-02 3.896295652e-02
2.910446003e-02 4.970593750e-02
3.543012589e-02 4.670351744e-02
4.255510122e-02 3.120381385e-02
4.578277841e-02 3.400092945e-02
4.768308252e-02 3.921765462e-02
4.770093411e-02 4.235894233e-02
4.328283668e-02 3.696038201e-02
4.980008677e-02 4.098841920e-02
3.477311134e-02 3.992690518e-02
2.334786206e-02 3.132064268e-02
4.144534096e-02 3.099602833e-02
4.025504738e-02 3.491184115e-02
2.663094178e-02 3.122768179e-02
3.889838606e-02 3.948869929e-02
3.902149573e-02 4.124847427e-02
4.121748358e-02 3.498665616e-02
4.811911285e-02 3.318372369e-02
3.511219844e-02 4.798857868e-02
4.556809366e-02 4.267959297e-02
2.563577145e-02 4.876668751e-02
4.297189415e-02 5.100747198e-02
2.702549100e-02 4.731668532e-02
2.739379555e-02 4.018570855e-02
2.630189992e-02 4.674867541e-02
4.559985548e-02 3.887398541e-02
3.430239856e-02 2.475882322e-02
4.249720648e-02 3.561131284e-02
4.319252446e-02 4.726745188e-02
5.034889653e-02 4.696876556e-02
2.313669398e-02 3.296960145e-02
4.341655970e-02 2.765176073e-02
3.751694039e-02 2.434014156e-02
2.845267393e-02 2.332890406e-02
4.521527141e-02 2.912826277e-02
3.255664185e-02 4.900946468e-02
4.269444197e-02 2.370490134e-02
2.745594457e-02 4.035282135e-02
3.910346702e-02 2.952263877e-02
4.918261617e-02 4.014071077e-02
3.792905062e-02 3.946151584e-02
4.342027009e-02 3.161343560e-02
3.404935822e-02 2.873070166e-02
2.806294337e-02 4.946943000e-02
4.368648306e-02 3.665360436e-02
2.922679856e-02 2.998747677e-02
2.444435842e-02 3.507130593e-02
3.160922229e-02 4.246656597e-02
3.347142786e-02 2.787690237e-02
2.350274101e-02 2.470468916e-02
4.198797792e-02 3.561566398e-02
3.795577213e-02 4.812263325e-02
5.076725036e-02 2.892984264e-02
4.152735323e-02 3.024061956e-02
2.338902093e-02 4.421807081e-02
3.184134513e-02 3.363270313e-02
3.941654041e-02 4.626983404e-02
4.056467116e-02 4.744443297e-02
3.052916378e-02 4.533806443e-02
2.804721519e-02 4.970714077e-02
4.221654683e-02 2.889061719e-02
4.955407977e-02 4.344099015e-02
2.997576445e-02 2.882862277e-02
3.743687272e-02 2.353052050e-02
2.866368182e-02 3.479655460e-02
3.337029740e-02 3.589457646e-02
3.064454719e-02 3.937326744e-02
4.719611257e-02 2.612436190e-02
3.741367534e-02 2.653477713e-02
4.304582253e-02 3.398833424e-02
3.877009824e-02 2.798069268e-02
2.689559944e-02 3.658577055e-02
3.284635022e-02 4.935817420e-02
4.441419989e-02 4.394377396e-02
4.832164198e-02 2.516131289e-02
3.839659691e-02 3.930809349e-02
4.996533319e-02 3.105447069e-02
2.960553393e-02 2.563766390e-02
2.326983400e-02 4.905034974e-02
4.172042757e-02 4.497401789e-02
3.076034412e-02 3.936270252e-02
2.461167611e-02 3.651719913e-02
5.040461943e-02 4.755326360e-02
3.235356137e-02 4.995499179e-02
2.934783697e-02 4.960908741e-02
4.938487709e-02 4.537069798e-02
4.060606658e-02 4.749066383e-02
3.107911348e-02 4.677508771e-02
4.025112838e-02 2.317968942e-02
3.260977194e-02 2.698857710e-02
5.052699149e-02 3.631229699e-02
3.684933856e-02 4.086086899e-02
3.321260214e-02 2.667121030e-02
4.601768404e-02 2.816613764e-02
3.724257275e-02 2.913933992e-02
2.556850761e-02 4.714912921e-02
5.027543008e-02 4.993422702e-02
4.840170592e-02 4.466046020e-02
3.221200034e-02 2.509577945e-02
3.430403396e-02 2.936287224e-02
2.654662356e-02 2.431442589e-02
4.329243675e-02 2.312860265e-02
4.456258565e-02 2.695485950e-02
2.505119145e-02 2.533581667e-02
4.178059846e-02 2.973367274e-02
3.467949852e-02 3.854274750e-02
4.710281640e-02 4.333337396e-02
3.043841384e-02 2.651825175e-02
2.436939999e-02 3.132131323e-02
3.020662069e-02 3.568466008e-02
4.209776968e-02 4.244629294e-02
3.081084788e-02 3.353284299e-02
2.792058699e-02 4.506980255e-02
2.441101149e-02 4.248502478e-02
4.479169473e-02 4.475533590e-02
3.013051301e-02 3.336022422e-02
3.939628601e-02 3.050883114e-02
3.327663988e-02 2.836960182e-02
3.578956053e-02 2.406554483e-02
4.538744688e-02 2.497875318e-02
3.745478392e-02 3.146845475e-02
3.911234438e-02 4.989466071e-02
4.103302956e-02 2.380438522e-02
3.495796770e-02 3.720580786e-02
3.794442862e-02 4.204443842e-02
3.064362518e-02 2.644421533e-02
3.389278799e-02 4.980918020e-02
2.808942460e-02 4.832910001e-02
3.815981001e-02 3.570642695e-02
4.770957306e-02 3.575421125e-02
4.325215518e-02 3.407206386e-02
4.833080620e-02 4.228816926e-02
4.255913198e-02 3.205883875e-02
4.417289793e-02 4.076454788e-02
2.958270721e-02 2.733862214e-02
4.529132694e-02 4.988712817e-02
3.574107960e-02 3.949184343e-02
4.702295363e-02 3.571523353e-02
4.968124628e-02 3.906175494e-02
4.597955197e-02 4.846630991e-02
4.583150893e-02 2.730687708e-02
4.056231678e-02 3.405537829e-02
2.457660064e-02 3.477811441e-02
3.010966256e-02 4.677776247e-02
2.374628372e-02 4.988193884e-02
3.283946589e-02 3.287724406e-02
2.326697856e-02 2.803581953e-02
3.413514793e-02 4.904363304e-02
2.561849356e-02 4.949566349e-02
4.735515267e-02 3.562881052e-02
3.203005344e-02 2.937727235e-02
4.015479609e-02 2.373978868e-02
2.324658260e-02 3.491260484e-02
2.472796664e-02 2.991927788e-02
2.905023098e-02 2.995457500e-02
2.650618181e-02 2.314579114e-02
2.606654912e-02 4.026817158e-02
5.031317100e-02 5.076742172e-02
3.435521945e-02 2.740682475e-02
4.084080085e-02 3.664927185e-02
5.074102059e-02 2.464976162e-02
4.491984844e-02 3.094862029e-02
2.962218784e-02 4.151115566e-02
2.975332364e-02 4.160586745e-02
3.741168231e-02 3.477971628e-02
3.846704960e-02 3.091059066e-02
4.275543243e-02 3.451905400e-02
3.298562393e-02 4.620230943e-02
4.892153293e-02 2.410493232e-02
2.937396429e-02 3.264607489e-02
4.581577703e-02 5.063039064e-02
5.016396940e-02 4.835632816e-02
3.117894754e-02 5.081446841e-02
2.984810062e-02 2.579611912e-02
4.965521395e-02 2.939636260e-02
4.228091985e-02 2.445359528e-02
4.343684763e-02 4.770050198e-02
3.049796075e-02 3.350827470e-02
3.337386250e-02 4.394729435e-02
2.952022478e-02 2.765807137e-02
3.549128771e-02 3.140233830e-02
4.649967700e-02 2.951837704e-02
3.699045628e-02 4.941892624e-02
4.070629179e-02 4.729306325e-02
4.935190082e-02 4.400310293e-02
4.255780578e-02 5.013556033e-02
5.088193715e-02 3.556272015e-02
2.480690181e-02 3.107272461e-02
2.710755169e-02 3.459329531e-02
2.651279047e-02 3.986265883e-02
3.361418843e-02 4.808634147e-02
5.013073608e-02 3.824674338e-02
3.056534566e-02 3.952703252e-02
4.812517017e-02 3.428969532e-02
3.839337081e-02 3.047582135e-02
3.566499799e-02 3.414796665e-02
2.981968038e-02 3.708862513e-02
3.156927228e-02 3.333824873e-02
3.762800992e-02 4.399830848e-02
3.222222999e-02 4.889871553e-02
4.715271667e-02 2.418068424e-02
2.996731922e-02 3.540217876e-02
2.576003037e-02 3.264485300e-02
4.370192066e-02 4.201964661e-02
4.037839919e-02 4.286706448e-02
2.859178744e-02 3.245348483e-02
4.189903289e-02 4.763033241e-02
3.815620020e-02 3.078771941e-02
2.365962416e-02 4.286165535e-02
2.302855998e-02 3.332820535e-02
3.778517991e-02 4.884091392e-02
2.533275448e-02 3.426736221e-02
2.349242009e-02 3.247926012e-02
4.037407041e-02 3.068518080e-02
2.872805297e-02 2.607273124e-02
3.910097480e-02 4.243625700e-02
4.177803919e-02 4.959616065e-02
2.288228273e-02 4.107895121e-02
3.975747153e-02 3.942847252e-02
4.998888075e-02 2.328231558e-02
4.247048870e-02 4.577941447e-02
3.719988838e-02 3.223514557e-02
4.513458908e-02 2.555152215e-02
3.528642282e-02 3.748632595e-02
4.239916801e-02 2.537203208e-02
2.923653461e-02 3.439043835e-02
4.040409997e-02 4.784846678e-02
4.027793556e-02 2.657411993e-02
5.049172044e-02 4.742001370e-02
3.699981049e-02 4.884758964e-02
3.809133917e-02 4.887464270e-02
4.623733461e-02 5.014462024e-02
4.877516627e-02 2.382333949e-02
2.774048224e-02 3.379281238e-02
4.968881607e-02 3.127699345e-02
0.000000000e+00 0.000000000e+00
0.000000000e+00 0.000000000e+00
0.000000000e+00 0.000000000e+00
0.000000000e+00 0.000000000e+00
0.000000000e+00 0.000000000e+00
0.000000000e+00 0.000000000e+00
0.000000000e+00 0.000000000e+00
0.000000000e+00 0.000000000e+00
0.000000000e+00 0.000000000e+00
0.000000000e+00 0.000000000e+00
0.000000000e+00 0.000000000e+00
0.000000000e+00 0.000000000e+00
0.000000000e+00 0.000000000e+00
0.000000000e+00 0.000000000e+00
0.000000000e+00 0.000000000e+00
0.000000000e+00 0.000000000e+00
0.000000000e+00 0.000000000e+00
0.000000000e+00 0.000000000e+00
0.000000000e+00 0.000000000e+00
0.000000000e+00 0.000000000e+00
0.000000000e+00 0.000000000e+00
0.000000000e+00 0.000000000e+00
0.000000000e+00 0.000000000e+00
0.000000000e+00 0.000000000e+00
0.000000000e+00 0.000000000e+00
0.000000000e+00 0.000000000e+00
0.000000000e+00 0.000000000e+00
0.000000000e+00 0.000000000e+00
0.000000000e+00 0.000000000e+00
0.000000000e+00 0.000000000e+00
0.000000000e+00 0.000000000e+00
0.000000000e+00 0.000000000e+00
0.000000000e+00 0.000000000e+00
0.000000000e+00 0.000000000e+00
0.000000000e+00 0.000000000e+00
0.000000000e+00 0.000000000e+00
0.000000000e+00 0.000000000e+00
0.000000000e+00 0.000000000e+00
0.000000000e+00 0.000000000e+00
0.000000000e+00 0.000000000e+00
0.000000000e+00 0.000000000e+00
0.000000000e+00 0.000000000e+00
0.000000000e+00 0.000000000e+00
0.000000000e+00 0.000000000e+00
0.000000000e+00 0.000000000e+00
0.000000000e+00 0.000000000e+00
0.000000000e+00 0.000000000e+00
0.000000000e+00 0.000000000e+00
0.000000000e+00 0.000000000e+00
0.000000000e+00 0.000000000e+00
0.000000000e+00 0.000000000e+00
0.000000000e+00 0.000000000e+00
0.000000000e+00 0.000000000e+00
0.000000000e+00 0.000000000e+00
0.000000000e+00 0.000000000e+00
0.000000000e+00 0.000000000e+00
0.000000000e+00 0.000000000e+00
0.000000000e+00 0.000000000e+00
0.000000000e+00 0.000000000e+00
0.000000000e+00 0.000000000e+00
0.000000000e+00 0.000000000e+00
0.000000000e+00 0.000000000e+00
0.000000000e+00 0.000000000e+00
0.000000000e+00 0.000000000e+00
0.000000000e+00 0.000000000e+00
0.000000000e+00 0.000000000e+00
0.000000000e+00 0.000000000e+00
0.000000000e+00 0.000000000e+00
0.000000000e+00 0.000000000e+00
0.000000000e+00 0.000000000e+00
0.000000000e+00 0.000000000e+00
0.000000000e+00 0.000000000e+00
0.000000000e+00 0.000000000e+00
0.000000000e+00 0.000000000e+00
0.000000000e+00 0.000000000e+00
0.000000000e+00 0.000000000e+00
0.000000000e+00 0.000000000e+00
0.000000000e+00 0.000000000e+00
0.000000000e+00 0.000000000e+00
0.000000000e+00 0.000000000e+00
0.000000000e+00 0.000000000e+00
0.000000000e+00 0.000000000e+00
0.000000000e+00 0.000000000e+00
0.000000000e+00 0.000000000e+00
0.000000000e+00 0.000000000e+00
0.000000000e+00 0.000000000e+00
0.000000000e+00 0.000000000e+00
0.000000000e+00 0.000000000e+00
0.000000000e+00 0.000000000e+00
0.000000000e+00 0.000000000e+00
0.000000000e+00 0.000000000e+00
0.000000000e+00 0.000000000e+00
0.000000000e+00 0.000000000e+00
0.000000000e+00 0.000000000e+00
0.000000000e+00 0.000000000e+00
0.000000000e+00 0.000000000e+00
0.000000000e+00 0.000000000e+00
0.000000000e+00 0.000000000e+00
0.000000000e+00 0.000000000e+00
0.000000000e+00 0.000000000e+00
0.000000000e+00 0.000000000e+00
0.000000000e+00 0.000000000e+00
0.000000000e+00 0.000000000e+00
0.000000000e+00 0.000000000e+00
0.000000000e+00 0.000000000e+00
0.000000000e+00 0.000000000e+00
0.000000000e+00 0.000000000e+00
0.000000000e+00 0.000000000e+00
0.000000000e+00 0.000000000e+00
0.000000000e+00 0.000000000e+00
0.000000000e+00 0.000000000e+00
0.000000000e+00 0.000000000e+00
0.000000000e+00 0.000000000e+00
0.000000000e+00 0.000000000e+00
0.000000000e+00 0.000000000e+00
0.000000000e+00 0.000000000e+00
0.000000000e+00 0.000000000e+00
0.000000000e+00 0.000000000e+00
0.000000000e+00 0.000000000e+00
0.000000000e+00 0.000000000e+00
0.000000000e+00 0.000000000e+00
0.000000000e+00 0.000000000e+00
0.000000000e+00 0.000000000e+00
0.000000000e+00 0.000000000e+00
0.000000000e+00 0.000000000e+00
0.000000000e+00 0.000000000e+00
0.000000000e+00 0.000000000e+00
0.000000000e+00 0.000000000e+00
0.000000000e+00 0.000000000e+00
0.000000000e+00 0.000000000e+00
0.000000000e+00 0.000000000e+00
0.000000000e+00 0.000000000e+00
0.000000000e+00 0.000000000e+00
0.000000000e+00 0.000000000e+00
0.000000000e+00 0.000000000e+00
0.000000000e+00 0.000000000e+00
0.000000000e+00 0.000000000e+00
0.000000000e+00 0.000000000e+00
0.000000000e+00 0.000000000e+00
0.000000000e+00 0.000000000e+00
0.000000000e+00 0.000000000e+00
0.000000000e+00 0.000000000e+00
0.000000000e+00 0.000000000e+00
0.000000000e+00 0.000000000e+00
0.000000000e+00 0.000000000e+00
0.000000000e+00 0.000000000e+00
0.000000000e+00 0.000000000e+00
0.000000000e+00 0.000000000e+00
0.000000000e+00 0.000000000e+00
0.000000000e+00 0.000000000e+00
0.000000000e+00 0.000000000e+00
0.000000000e+00 0.000000000e+00
0.000000000e+00 0.000000000e+00
0.000000000e+00 0.000000000e+00
0.000000000e+00 0.000000000e+00
0.000000000e+00 0.000000000e+00
0.000000000e+00 0.000000000e+00
0.000000000e+00 0.000000000e+00
0.000000000e+00 0.000000000e+00
0.000000000e+00 0.000000000e+00
0.000000000e+00 0.000000000e+00
0.000000000e+00 0.000000000e+00
0.000000000e+00 0.000000000e+00
0.000000000e+00 0.000000000e+00
0.000000000e+00 0.000000000e+00
0.000000000e+00 0.000000000e+00
0.000000000e+00 0.000000000e+00
0.000000000e+00 0.000000000e+00
0.000000000e+00 0.000000000e+00
0.000000000e+00 0.000000000e+00
0.000000000e+00 0.000000000e+00
0.000000000e+00 0.000000000e+00
0.000000000e+00 0.000000000e+00
0.000000000e+00 0.000000000e+00
0.000000000e+00 0.000000000e+00
0.000000000e+00 0.000000000e+00
0.000000000e+00 0.000000000e+00
0.000000000e+00 0.000000000e+00
0.000000000e+00 0.000000000e+00
0.000000000e+00 0.000000000e+00
0.000000000e+00 0.000000000e+00
0.000000000e+00 0.000000000e+00
0.000000000e+00 0.000000000e+00
0.000000000e+00 0.000000000e+00
0.000000000e+00 0.000000000e+00
0.000000000e+00 0.000000000e+00
0.000000000e+00 0.000000000e+00
0.000000000e+00 0.000000000e+00
0.000000000e+00 0.000000000e+00
0.000000000e+00 0.000000000e+00
0.000000000e+00 0.000000000e+00
0.000000000e+00 0.000000000e+00
0.000000000e+00 0.000000000e+00
0.000000000e+00 0.000000000e+00
0.000000000e+00 0.000000000e+00
0.000000000e+00 0.000000000e+00
0.000000000e+00 0.000000000e+00
0.000000000e+00 0.000000000e+00
0.000000000e+00 0.000000000e+00
0.000000000e+00 0.000000000e+00
0.000000000e+00 0.000000000e+00
0.000000000e+00 0.000000000e+00
0.000000000e+00 0.000000000e+00
0.000000000e+00 0.000000000e+00
0.000000000e+00 0.000000000e+00
0.000000000e+00 0.000000000e+00
0.000000000e+00 0.000000000e+00
0.000000000e+00 0.000000000e+00
0.000000000e+00 0.000000000e+00
0.000000000e+00 0.000000000e+00
0.000000000e+00 0.000000000e+00
0.000000000e+00 0.000000000e+00
0.000000000e+00 0.000000000e+00
0.000000000e+00 0.000000000e+00
0.000000000e+00 0.000000000e+00
0.000000000e+00 0.000000000e+00
0.000000000e+00 0.000000000e+00
0.000000000e+00 0.000000000e+00
0.000000000e+00 0.000000000e+00
0.000000000e+00 0.000000000e+00
0.000000000e+00 0.000000000e+00
0.000000000e+00 0.000000000e+00
0.000000000e+00 0.000000000e+00
0.000000000e+00 0.000000000e+00
0.000000000e+00 0.000000000e+00
0.000000000e+00 0.000000000e+00
0.000000000e+00 0.000000000e+00
0.000000000e+00 0.000000000e+00
0.000000000e+00 0.000000000e+00
0.000000000e+00 0.000000000e+00
0.000000000e+00 0.000000000e+00
0.000000000e+00 0.000000000e+00
0.000000000e+00 0.000000000e+00
0.000000000e+00 0.000000000e+00
0.000000000e+00 0.000000000e+00
0.000000000e+00 0.000000000e+00
0.000000000e+00 0.000000000e+00
0.000000000e+00 0.000000000e+00
0.000000000e+00 0.000000000e+00
0.000000000e+00 0.000000000e+00
0.000000000e+00 0.000000000e+00
0.000000000e+00 0.000000000e+00
0.000000000e+00 0.000000000e+00
0.000000000e+00 0.000000000e+00
0.000000000e+00 0.000000000e+00
0.000000000e+00 0.000000000e+00
0.000000000e+00 0.000000000e+00
0.000000000e+00 0.000000000e+00
0.000000000e+00 0.000000000e+00
0.000000000e+00 0.000000000e+00
0.000000000e+00 0.000000000e+00
0.000000000e+00 0.000000000e+00
0.000000000e+00 0.000000000e+00
0.000000000e+00 0.000000000e+00
0.000000000e+00 0.000000000e+00
0.000000000e+00 0.000000000e+00
0.000000000e+00 0.000000000e+00
0.000000000e+00 0.000000000e+00
0.000000000e+00 0.000000000e+00
0.000000000e+00 0.000000000e+00
0.000000000e+00 0.000000000e+00
0.000000000e+00 0.000000000e+00
0.000000000e+00 0.000000000e+00
0.000000000e+00 0.000000000e+00
0.000000000e+00 0.000000000e+00
0.000000000e+00 0.000000000e+00
0.000000000e+00 0.000000000e+00
0.000000000e+00 0.000000000e+00
0.000000000e+00 0.000000000e+00
0.000000000e+00 0.000000000e+00
0.000000000e+00 0.000000000e+00
0.000000000e+00 0.000000000e+00
0.000000000e+00 0.000000000e+00
0.000000000e+00 0.000000000e+00
0.000000000e+00 0.000000000e+00
0.000000000e+00 0.000000000e+00
0.000000000e+00 0.000000000e+00
0.000000000e+00 0.000000000e+00
0.000000000e+00 0.000000000e+00
0.000000000e+00 0.000000000e+00
0.000000000e+00 0.000000000e+00
0.000000000e+00 0.000000000e+00
0.000000000e+00 0.000000000e+00
0.000000000e+00 0.000000000e+00
0.000000000e+00 0.000000000e+00
0.000000000e+00 0.000000000e+00
0.000000000e+00 0.000000000e+00
0.000000000e+00 0.000000000e+00
0.000000000e+00 0.000000000e+00
0.000000000e+00 0.000000000e+00
0.000000000e+00 0.000000000e+00
0.000000000e+00 1.531171799e-02
3.554721177e-02 0.000000000e+00
0.000000000e+00 0.000000000e+00
0.000000000e+00 2.483239025e-02
0.000000000e+00 0.000000000e+00
0.000000000e+00 0.000000000e+00
0.000000000e+00 9.186491370e-03
3.975690901e-02 0.000000000e+00
0.000000000e+00 0.000000000e+00
0.000000000e+00 0.000000000e+00
0.000000000e+00 3.020083904e-02
0.000000000e+00 0.000000000e+00
0.000000000e+00 0.000000000e+00
0.000000000e+00 0.000000000e+00
0.000000000e+00 0.000000000e+00
0.000000000e+00 0.000000000e+00
2.994164079e-02 0.000000000e+00
0.000000000e+00 0.000000000e+00
0.000000000e+00 0.000000000e+00
0.000000000e+00 0.000000000e+00
0.000000000e+00 0.000000000e+00
0.000000000e+00 0.000000000e+00
0.000000000e+00 0.000000000e+00
4.250288010e-02 0.000000000e+00
0.000000000e+00 0.000000000e+00
0.000000000e+00 0.000000000e+00
0.000000000e+00 0.000000000e+00
0.000000000e+00 0.000000000e+00
0.000000000e+00 0.000000000e+00
0.000000000e+00 0.000000000e+00
0.000000000e+00 0.000000000e+00
1.602172852e-04 0.000000000e+00
3.914922476e-02 0.000000000e+00
3.923413157e-02 0.000000000e+00
0.000000000e+00 0.000000000e+00
0.000000000e+00 0.000000000e+00
0.000000000e+00 0.000000000e+00
0.000000000e+00 0.000000000e+00
0.000000000e+00 0.000000000e+00
0.000000000e+00 0.000000000e+00
0.000000000e+00 0.000000000e+00
0.000000000e+00 2.587373555e-02
0.000000000e+00 0.000000000e+00
0.000000000e+00 0.000000000e+00
0.000000000e+00 0.000000000e+00
0.000000000e+00 0.000000000e+00
0.000000000e+00 0.000000000e+00
0.000000000e+00 0.000000000e+00
0.000000000e+00 3.513225913e-02
0.000000000e+00 0.000000000e+00
0.000000000e+00 0.000000000e+00
0.000000000e+00 3.247521818e-02
0.000000000e+00 2.542585135e-03
0.000000000e+00 0.000000000e+00
0.000000000e+00 0.000000000e+00
1.230839640e-02 0.000000000e+00
1.248633862e-02 0.000000000e+00
0.000000000e+00 0.000000000e+00
3.341385722e-02 0.000000000e+00
0.000000000e+00 0.000000000e+00
0.000000000e+00 0.000000000e+00
0.000000000e+00 0.000000000e+00
0.000000000e+00 0.000000000e+00
0.000000000e+00 0.000000000e+00
0.000000000e+00 0.000000000e+00
0.000000000e+00 0.000000000e+00
0.000000000e+00 0.000000000e+00
1.665539294e-02 0.000000000e+00
0.000000000e+00 1.535404474e-02
0.000000000e+00 0.000000000e+00
0.000000000e+00 2.311140299e-02
0.000000000e+00 4.545086622e-02
0.000000000e+00 8.655585349e-03
0.000000000e+00 0.000000000e+00
0.000000000e+00 2.992823720e-03
0.000000000e+00 0.000000000e+00
0.000000000e+00 0.000000000e+00
0.000000000e+00 0.000000000e+00
0.000000000e+00 8.164756000e-03
3.888522089e-02 5.187004805e-03
0.000000000e+00 0.000000000e+00
0.000000000e+00 0.000000000e+00
0.000000000e+00 0.000000000e+00
0.000000000e+00 0.000000000e+00
0.000000000e+00 0.000000000e+00
0.000000000e+00 2.553176135e-02
0.000000000e+00 0.000000000e+00
0.000000000e+00 0.000000000e+00
0.000000000e+00 0.000000000e+00
2.725799382e-02 0.000000000e+00
0.000000000e+00 0.000000000e+00
0.000000000e+00 0.000000000e+00
0.000000000e+00 0.000000000e+00
0.000000000e+00 3.011737764e-02
0.000000000e+00 0.000000000e+00
0.000000000e+00 0.000000000e+00
0.000000000e+00 0.000000000e+00
0.000000000e+00 0.000000000e+00
0.000000000e+00 0.000000000e+00
0.000000000e+00 0.000000000e+00
0.000000000e+00 0.000000000e+00
0.000000000e+00 1.669049263e-02
4.305601120e-02 0.000000000e+00
0.000000000e+00 0.000000000e+00
0.000000000e+00 0.000000000e+00
0.000000000e+00 0.000000000e+00
0.000000000e+00 0.000000000e+00
0.000000000e+00 9.929180145e-03
0.000000000e+00 0.000000000e+00
0.000000000e+00 3.248721361e-02
0.000000000e+00 0.000000000e+00
3.096130490e-02 0.000000000e+00
0.000000000e+00 0.000000000e+00
0.000000000e+00 0.000000000e+00
0.000000000e+00 0.000000000e+00
0.000000000e+00 0.000000000e+00
0.000000000e+00 0.000000000e+00
7.453545928e-03 0.000000000e+00
0.000000000e+00 0.000000000e+00
0.000000000e+00 0.000000000e+00
0.000000000e+00 0.000000000e+00
0.000000000e+00 0.000000000e+00
0.000000000e+00 2.900822461e-02
0.000000000e+00 0.000000000e+00
1.867447793e-02 0.000000000e+00
0.000000000e+00 0.000000000e+00
3.506127000e-02 0.000000000e+00
0.000000000e+00 0.000000000e+00
0.000000000e+00 2.593935281e-02
0.000000000e+00 0.000000000e+00
0.000000000e+00 0.000000000e+00
0.000000000e+00 0.000000000e+00
3.944075108e-02 1.101416349e-02
0.000000000e+00 3.495819867e-02
0.000000000e+00 3.150969744e-02
2.927443385e-02 0.000000000e+00
0.000000000e+00 1.039004326e-02
0.000000000e+00 3.256097436e-03
0.000000000e+00 0.000000000e+00
0.000000000e+00 0.000000000e+00
4.066076875e-02 0.000000000e+00
0.000000000e+00 0.000000000e+00
0.000000000e+00 0.000000000e+00
0.000000000e+00 0.000000000e+00
0.000000000e+00 0.000000000e+00
0.000000000e+00 6.985135376e-03
3.815279901e-02 3.475117683e-02
1.947268844e-02 0.000000000e+00
0.000000000e+00 0.000000000e+00
0.000000000e+00 0.000000000e+00
0.000000000e+00 0.000000000e+00
0.000000000e+00 0.000000000e+00
0.000000000e+00 0.000000000e+00
0.000000000e+00 0.000000000e+00
0.000000000e+00 0.000000000e+00
0.000000000e+00 0.000000000e+00
6.523415446e-03 0.000000000e+00
0.000000000e+00 0.000000000e+00
0.000000000e+00 0.000000000e+00
0.000000000e+00 0.000000000e+00
0.000000000e+00 0.000000000e+00
0.000000000e+00 0.000000000e+00
0.000000000e+00 0.000000000e+00
0.000000000e+00 0.000000000e+00
0.000000000e+00 0.000000000e+00
0.000000000e+00 0.000000000e+00
0.000000000e+00 0.000000000e+00
0.000000000e+00 0.000000000e+00
0.000000000e+00 0.000000000e+00
0.000000000e+00 0.000000000e+00
0.000000000e+00 0.000000000e+00
0.000000000e+00 3.435671329e-02
0.000000000e+00 0.000000000e+00
0.000000000e+00 0.000000000e+00
0.000000000e+00 0.000000000e+00
0.000000000e+00 0.000000000e+00
0.000000000e+00 3.350450099e-02
0.000000000e+00 1.874885708e-02
0.000000000e+00 0.000000000e+00
1.257247478e-02 0.000000000e+00
0.000000000e+00 0.000000000e+00
1.876586676e-02 0.000000000e+00
0.000000000e+00 0.000000000e+00
0.000000000e+00 0.000000000e+00
0.000000000e+00 0.000000000e+00
0.000000000e+00 3.428164124e-02
0.000000000e+00 0.000000000e+00
5.727238953e-03 0.000000000e+00
3.222906590e-02 0.000000000e+00
0.000000000e+00 2.011677623e-02
0.000000000e+00 0.000000000e+00
0.000000000e+00 0.000000000e+00
0.000000000e+00 0.000000000e+00
0.000000000e+00 3.282777965e-03
0.000000000e+00 3.422988951e-02
0.000000000e+00 0.000000000e+00
0.000000000e+00 0.000000000e+00
0.000000000e+00 2.587239444e-02
0.000000000e+00 3.037890792e-02
9.039096534e-03 0.000000000e+00
0.000000000e+00 0.000000000e+00
0.000000000e+00 0.000000000e+00
0.000000000e+00 0.000000000e+00
0.000000000e+00 0.000000000e+00
0.000000000e+00 0.000000000e+00
0.000000000e+00 0.000000000e+00
0.000000000e+00 0.000000000e+00
3.852906823e-02 4.305772483e-02
0.000000000e+00 0.000000000e+00
0.000000000e+00 0.000000000e+00
4.279449582e-02 0.000000000e+00
0.000000000e+00 0.000000000e+00
0.000000000e+00 0.000000000e+00
0.000000000e+00 0.000000000e+00
0.000000000e+00 0.000000000e+00
0.000000000e+00 0.000000000e+00
0.000000000e+00 0.000000000e+00
0.000000000e+00 0.000000000e+00
2.465513349e-02 0.000000000e+00
0.000000000e+00 0.000000000e+00
0.000000000e+00 4.169155657e-02
3.704158962e-02 1.902031153e-02
0.000000000e+00 4.352673888e-02
0.000000000e+00 0.000000000e+00
3.196956217e-02 0.000000000e+00
0.000000000e+00 0.000000000e+00
0.000000000e+00 1.248206198e-02
0.000000000e+00 0.000000000e+00
0.000000000e+00 0.000000000e+00
0.000000000e+00 0.000000000e+00
0.000000000e+00 0.000000000e+00
5.104318261e-04 0.000000000e+00
0.000000000e+00 2.961387485e-02
0.000000000e+00 8.420094848e-03
2.894566208e-02 0.000000000e+00
0.000000000e+00 3.675836325e-02
4.419934750e-02 0.000000000e+00
0.000000000e+00 0.000000000e+00
0.000000000e+00 0.000000000e+00
0.000000000e+00 0.000000000e+00
0.000000000e+00 1.632867008e-02
3.671026230e-02 0.000000000e+00
0.000000000e+00 0.000000000e+00
1.671579480e-02 0.000000000e+00
0.000000000e+00 0.000000000e+00
0.000000000e+00 0.000000000e+00
0.000000000e+00 0.000000000e+00
0.000000000e+00 0.000000000e+00
0.000000000e+00 0.000000000e+00
0.000000000e+00 2.442765236e-02
7.020898163e-03 0.000000000e+00
0.000000000e+00 0.000000000e+00
0.000000000e+00 0.000000000e+00
0.000000000e+00 0.000000000e+00
0.000000000e+00 0.000000000e+00
0.000000000e+00 0.000000000e+00
0.000000000e+00 1.178246737e-02
0.000000000e+00 0.000000000e+00
0.000000000e+00 0.000000000e+00
0.000000000e+00 0.000000000e+00
0.000000000e+00 2.385137975e-02
0.000000000e+00 0.000000000e+00
0.000000000e+00 0.000000000e+00
0.000000000e+00 0.000000000e+00
0.000000000e+00 0.000000000e+00
0.000000000e+00 0.000000000e+00
0.000000000e+00 3.138083220e-02
0.000000000e+00 0.000000000e+00
0.000000000e+00 0.000000000e+00
3.529602289e-02 0.000000000e+00
0.000000000e+00 0.000000000e+00
0.000000000e+00 0.000000000e+00
0.000000000e+00 0.000000000e+00
0.000000000e+00 0.000000000e+00
0.000000000e+00 0.000000000e+00
0.000000000e+00 0.000000000e+00
0.000000000e+00 1.395718753e-02
0.000000000e+00 0.000000000e+00
4.030911624e-02 9.685717523e-03
0.000000000e+00 2.391795069e-02
0.000000000e+00 2.418763191e-02
0.000000000e+00 3.684867918e-02
2.319591492e-02 0.000000000e+00
0.000000000e+00 0.000000000e+00
3.230457008e-02 0.000000000e+00
