3.558267653e-02 4.680673778e-01
0.000000000e+00 4.143245518e-01
0.000000000e+00 6.178469062e-01
1.749389768e-01 4.100666344e-01
0.000000000e+00 4.144448936e-01
0.000000000e+00 2.820222974e-01
0.000000000e+00 8.101579547e-02
0.000000000e+00 3.994389474e-01
1.191763878e+00 8.321564198e-01
2.558524013e-01 4.551694095e-01
0.000000000e+00 0.000000000e+00
5.789062008e-02 3.513256460e-02
3.316836357e-01 3.667576015e-01
5.752044320e-01 0.000000000e+00
4.015890881e-02 0.000000000e+00
6.257981658e-01 0.000000000e+00
0.000000000e+00 0.000000000e+00
4.979360998e-01 1.568322629e-01
7.223644853e-01 0.000000000e+00
0.000000000e+00 0.000000000e+00
6.201367974e-01 0.000000000e+00
1.415218115e-01 0.000000000e+00
7.657346129e-01 0.000000000e+00
1.838179082e-01 3.052814603e-01
3.628730774e-01 3.802439868e-01
5.644264817e-01 3.536184728e-01
0.000000000e+00 0.000000000e+00
5.472070575e-01 3.006742895e-01
7.250973582e-02 3.536638916e-01
9.279078990e-02 0.000000000e+00
5.616189837e-01 2.845647633e-01
5.555910468e-01 0.000000000e+00
1.217981279e-01 8.952548504e-01
0.000000000e+00 1.097241163e+00
0.000000000e+00 4.494671524e-01
1.001286656e-01 2.815909982e-01
4.345721900e-01 0.000000000e+00
0.000000000e+00 0.000000000e+00
7.132639885e-01 1.713147312e-01
3.444049954e-01 8.529551029e-01
7.871042490e-01 4.255819321e-01
6.181777716e-01 4.893487394e-01
1.979121864e-01 7.320665121e-01
2.192727178e-01 8.187563419e-01
6.382088661e-01 5.707323551e-01
0.000000000e+00 5.193839073e-01
2.729302347e-01 3.583351076e-01
2.921327353e-01 2.045086324e-01
1.842337698e-01 1.496713161e-01
1.180875394e-02 1.223652720e+00
4.891893864e-01 6.966254115e-01
1.991751045e-01 0.000000000e+00
2.441904098e-01 0.000000000e+00
2.978240848e-01 1.787653714e-01
1.686623544e-01 5.386384130e-01
0.000000000e+00 2.456602901e-01
0.000000000e+00 1.579503864e-01
3.198147118e-01 7.584842443e-01
0.000000000e+00 7.110788822e-01
0.000000000e+00 3.708195686e-01
0.000000000e+00 1.701782346e+00
0.000000000e+00 6.266254783e-01
0.000000000e+00 8.087273836e-01
1.832865775e-01 3.512596488e-01
3.901711106e-01 8.272908330e-01
1.288498193e-02 0.000000000e+00
5.621657372e-01 5.964171290e-01
2.500055730e-01 4.521875083e-01
5.694467574e-02 3.584991992e-01
4.058806002e-01 1.056364477e-01
0.000000000e+00 2.862952650e-01
4.243711829e-01 3.198637813e-02
0.000000000e+00 2.177853733e-01
0.000000000e+00 2.297084033e-01
1.939125955e-01 0.000000000e+00
2.601333857e-01 1.048155501e-01
5.407370329e-01 0.000000000e+00
9.902806282e-01 2.820897996e-01
2.757053673e-01 0.000000000e+00
4.143859446e-01 3.264716268e-01
3.206167817e-01 9.585636854e-01
0.000000000e+00 7.839009166e-01
0.000000000e+00 0.000000000e+00
4.237805009e-01 1.793340296e-01
0.000000000e+00 0.000000000e+00
1.800826192e-01 2.847303450e-01
6.651048660e-01 0.000000000e+00
5.653696060e-01 0.000000000e+00
5.634555817e-01 1.931447983e-01
0.000000000e+00 4.578349367e-02
3.998966217e-01 1.886221319e-01
0.000000000e+00 9.955249429e-01
1.895798296e-01 0.000000000e+00
9.362892807e-02 3.314540088e-01
0.000000000e+00 0.000000000e+00
3.884279132e-01 4.615598917e-01
4.662762582e-01 5.856515765e-01
0.000000000e+00 0.000000000e+00
4.521351159e-01 7.345007062e-01
6.496299505e-01 2.042826861e-01
1.249845743e+00 0.000000000e+00
5.367673635e-01 3.203148544e-01
8.448745012e-01 1.021277189e+00
0.000000000e+00 5.231148005e-01
0.000000000e+00 4.781720340e-01
0.000000000e+00 0.000000000e+00
0.000000000e+00 2.489303239e-02
7.831436992e-01 1.961902976e-01
5.663335323e-01 3.112173378e-01
5.275146961e-01 0.000000000e+00
0.000000000e+00 0.000000000e+00
3.720724881e-01 0.000000000e+00
6.989719272e-01 0.000000000e+00
2.892485559e-01 3.281523585e-01
2.151038796e-01 1.187638007e-02
1.004128382e-01 1.200368702e-01
4.771371186e-01 4.246794879e-01
0.000000000e+00 9.287255406e-01
1.198351234e-01 7.954022288e-01
1.560074836e-01 3.088615648e-02
1.297982689e-02 2.641596198e-01
5.847613141e-02 7.418320775e-01
3.013260067e-01 4.407796636e-02
0.000000000e+00 0.000000000e+00
9.306762815e-01 1.056293130e+00
7.681449652e-01 5.371654630e-01
0.000000000e+00 1.253912449e-01
0.000000000e+00 9.816050529e-01
3.497917056e-01 8.365436792e-01
0.000000000e+00 4.171318114e-01
0.000000000e+00 3.748131096e-01
6.639944315e-01 3.314664066e-01
0.000000000e+00 1.311313063e-01
3.021037281e-01 0.000000000e+00
6.690712571e-01 3.502697945e-01
7.977729440e-01 0.000000000e+00
6.290665865e-01 0.000000000e+00
6.395889521e-01 3.181731701e-01
3.511945158e-02 3.748069406e-01
0.000000000e+00 0.000000000e+00
0.000000000e+00 0.000000000e+00
1.249464601e-02 0.000000000e+00
9.100163579e-01 2.808305323e-01
8.152160048e-01 0.000000000e+00
2.046578974e-01 1.658125408e-02
0.000000000e+00 6.388618946e-01
4.679288343e-02 8.497302532e-01
0.000000000e+00 3.389284313e-01
7.803099155e-01 3.512908518e-01
1.833108962e-01 0.000000000e+00
0.000000000e+00 0.000000000e+00
0.000000000e+00 4.967474192e-02
0.000000000e+00 1.073944330e+00
2.350613847e-02 1.267192841e+00
0.000000000e+00 3.557698429e-01
8.244898170e-02 4.700062275e-01
8.067978621e-01 3.591240942e-01
2.899647653e-01 3.773565888e-01
5.412125960e-02 3.498294055e-01
4.303047657e-01 0.000000000e+00
1.713220626e-01 0.000000000e+00
4.050539136e-01 3.214072585e-01
9.951964021e-01 1.735007614e-01
4.488327205e-01 2.057584375e-01
5.520769358e-01 1.223104000e-01
3.011105359e-01 4.944096208e-01
0.000000000e+00 1.420603395e+00
0.000000000e+00 8.300650865e-02
4.452714324e-01 8.577376604e-01
0.000000000e+00 5.222353339e-01
1.481966823e-01 5.346726775e-01
5.039777160e-01 2.227022648e-01
7.824617624e-01 8.751904964e-02
1.409356833e+00 7.723421454e-01
6.992627382e-01 0.000000000e+00
0.000000000e+00 0.000000000e+00
6.489385366e-01 2.470490783e-01
7.230604887e-01 9.545001388e-02
6.104505062e-02 9.221113324e-01
1.313618422e-01 5.381489396e-01
3.967592716e-01 3.316259757e-02
5.667207241e-01 5.675632954e-01
0.000000000e+00 4.232638180e-01
9.383630753e-02 1.009935737e+00
0.000000000e+00 7.142936438e-02
0.000000000e+00 2.181579173e-01
6.571017206e-02 0.000000000e+00
0.000000000e+00 1.060993552e+00
8.936792612e-03 1.598470062e-01
1.473498493e-01 2.031105384e-02
1.563586295e-01 9.223794192e-02
6.222594380e-01 0.000000000e+00
4.186422229e-01 0.000000000e+00
0.000000000e+00 1.531037390e-01
0.000000000e+00 3.967350125e-01
0.000000000e+00 4.510801733e-01
0.000000000e+00 7.478579879e-01
0.000000000e+00 0.000000000e+00
0.000000000e+00 1.660659164e-01
8.844818473e-01 9.062876701e-01
7.309839725e-01 0.000000000e+00
1.228989601e+00 1.099540964e-01
0.000000000e+00 0.000000000e+00
0.000000000e+00 3.845096231e-01
0.000000000e+00 0.000000000e+00
5.517240763e-01 6.322265863e-01
5.717739463e-01 3.069128394e-01
5.825014114e-01 5.271950364e-01
5.416464806e-01 2.500472367e-01
7.913807631e-01 1.343414307e+00
4.840127826e-01 0.000000000e+00
0.000000000e+00 1.355242431e-01
8.255104423e-01 7.499211431e-01
0.000000000e+00 8.557668328e-02
0.000000000e+00 7.745962143e-01
9.354982525e-02 5.075035691e-01
7.068162560e-01 7.771811485e-01
4.468023777e-01 0.000000000e+00
4.783422649e-01 6.221032739e-01
4.063080251e-02 5.267981067e-02
1.093752265e+00 0.000000000e+00
1.457014680e-01 0.000000000e+00
5.871686339e-01 6.996881962e-01
4.142307043e-01 2.974352837e-01
2.266628444e-01 0.000000000e+00
2.816307247e-01 2.151838094e-01
8.654692769e-01 3.057154119e-01
4.962580502e-01 4.582782984e-01
8.285348862e-02 6.063395143e-01
0.000000000e+00 0.000000000e+00
0.000000000e+00 2.518108487e-01
4.773835838e-01 0.000000000e+00
1.395069063e-01 4.390553534e-01
6.271741390e-01 5.184783340e-01
4.233735800e-01 4.683442414e-01
4.126026928e-01 0.000000000e+00
0.000000000e+00 0.000000000e+00
8.775856346e-02 0.000000000e+00
0.000000000e+00 4.965544343e-01
0.000000000e+00 0.000000000e+00
3.490810394e-01 0.000000000e+00
7.221360207e-01 5.901616216e-01
4.390781522e-01 4.472103119e-01
5.607835054e-01 1.686692834e-01
0.000000000e+00 2.979402244e-01
4.358009398e-01 2.929262817e-01
0.000000000e+00 1.239077821e-01
0.000000000e+00 4.160149395e-01
0.000000000e+00 3.423948884e-01
2.172448486e-01 0.000000000e+00
0.000000000e+00 8.510144949e-01
0.000000000e+00 5.825731158e-01
2.425931990e-01 4.466843605e-01
0.000000000e+00 0.000000000e+00
1.002913117e-01 0.000000000e+00
9.919071198e-01 6.237902641e-01
0.000000000e+00 1.907539070e-01
0.000000000e+00 3.978858590e-01
2.334205620e-02 5.532819629e-01
5.731096268e-01 0.000000000e+00
2.968945205e-01 3.657577932e-01
5.603824258e-01 0.000000000e+00
5.942632556e-01 9.413743019e-01
7.097496390e-01 0.000000000e+00
4.639958739e-01 0.000000000e+00
5.049537420e-01 5.407947302e-01
8.460748792e-01 0.000000000e+00
3.342923522e-01 6.475034952e-01
1.157679677e+00 4.929189384e-01
0.000000000e+00 0.000000000e+00
5.371541381e-01 8.827306628e-01
3.495252132e-01 4.505032003e-01
9.736670181e-03 2.411962748e-01
8.650359511e-01 1.837283820e-01
4.450800121e-01 0.000000000e+00
2.113564685e-02 2.179027498e-01
6.408053637e-01 4.487614632e-01
1.067312732e-01 2.765555382e-01
1.686925739e-01 7.690923810e-01
5.247962475e-01 2.465971000e-02
0.000000000e+00 3.260009289e-01
5.837588906e-01 0.000000000e+00
1.686282605e-01 0.000000000e+00
2.113349885e-01 4.609790146e-01
0.000000000e+00 0.000000000e+00
0.000000000e+00 0.000000000e+00
5.507665873e-01 6.615931988e-01
2.425028980e-01 3.250335455e-01
0.000000000e+00 0.000000000e+00
4.528552592e-01 1.332569774e-02
0.000000000e+00 0.000000000e+00
0.000000000e+00 0.000000000e+00
1.161098364e-03 0.000000000e+00
0.000000000e+00 0.000000000e+00
0.000000000e+00 6.494649500e-02
3.490138650e-01 0.000000000e+00
0.000000000e+00 0.000000000e+00
0.000000000e+00 0.000000000e+00
4.952469096e-02 0.000000000e+00
4.121159390e-02 0.000000000e+00
3.770725429e-01 0.000000000e+00
0.000000000e+00 0.000000000e+00
0.000000000e+00 0.000000000e+00
0.000000000e+00 0.000000000e+00
0.000000000e+00 0.000000000e+00
0.000000000e+00 0.000000000e+00
0.000000000e+00 0.000000000e+00
0.000000000e+00 2.119375318e-01
2.154610753e-01 3.062124848e-01
0.000000000e+00 3.324847519e-01
0.000000000e+00 2.227989584e-01
0.000000000e+00 0.000000000e+00
3.417675942e-02 1.139154285e-01
0.000000000e+00 0.000000000e+00
0.000000000e+00 4.606331885e-01
4.868717119e-02 0.000000000e+00
0.000000000e+00 2.801137269e-01
0.000000000e+00 5.719015598e-01
2.025451958e-01 7.299377024e-02
1.772224605e-01 5.186452270e-01
3.429221511e-01 0.000000000e+00
6.126537323e-01 4.223807156e-02
2.163574249e-01 4.000710547e-01
0.000000000e+00 3.403137624e-01
0.000000000e+00 6.654506326e-01
3.539509773e-01 4.287810922e-01
0.000000000e+00 0.000000000e+00
3.356142342e-01 0.000000000e+00
3.827764690e-01 6.647866964e-02
3.420377970e-01 0.000000000e+00
5.519790649e-01 8.141694218e-02
3.098658919e-01 4.029421806e-01
0.000000000e+00 5.409852266e-01
3.544973731e-01 4.900898933e-01
1.554034799e-01 1.564361900e-01
8.766605854e-01 1.943885684e-01
1.413807571e-01 4.200553000e-01
6.172978505e-02 9.151200652e-01
0.000000000e+00 5.957846642e-01
0.000000000e+00 5.747115612e-01
0.000000000e+00 2.671312392e-01
1.416791826e-01 4.499073029e-01
1.046252549e-01 0.000000000e+00
1.131138392e-02 0.000000000e+00
3.541019857e-01 4.937123656e-01
0.000000000e+00 1.150058985e+00
0.000000000e+00 4.337815046e-01
0.000000000e+00 2.108371407e-01
0.000000000e+00 0.000000000e+00
0.000000000e+00 0.000000000e+00
1.504972875e-01 0.000000000e+00
4.628844559e-01 0.000000000e+00
3.230443299e-01 0.000000000e+00
1.077883393e-01 9.521335363e-02
1.444971263e-01 0.000000000e+00
0.000000000e+00 4.872503281e-01
0.000000000e+00 0.000000000e+00
5.438130498e-01 0.000000000e+00
3.283580244e-01 0.000000000e+00
0.000000000e+00 0.000000000e+00
0.000000000e+00 7.010604143e-01
0.000000000e+00 0.000000000e+00
0.000000000e+00 6.160349399e-02
0.000000000e+00 0.000000000e+00
8.047538400e-01 0.000000000e+00
0.000000000e+00 0.000000000e+00
0.000000000e+00 0.000000000e+00
1.679571569e-01 2.015389651e-01
4.909169301e-02 3.969756961e-01
0.000000000e+00 2.402977645e-02
0.000000000e+00 9.214168787e-02
0.000000000e+00 0.000000000e+00
1.093874872e-01 5.052400231e-01
0.000000000e+00 7.616525888e-01
1.997290999e-01 0.000000000e+00
0.000000000e+00 3.446607888e-01
0.000000000e+00 1.301694065e-01
3.186478317e-01 6.382537484e-01
0.000000000e+00 0.000000000e+00
0.000000000e+00 0.000000000e+00
0.000000000e+00 2.724512294e-02
0.000000000e+00 0.000000000e+00
0.000000000e+00 0.000000000e+00
0.000000000e+00 0.000000000e+00
0.000000000e+00 0.000000000e+00
6.079394817e-01 0.000000000e+00
7.965537310e-01 0.000000000e+00
7.296533585e-01 0.000000000e+00
3.780734241e-01 0.000000000e+00
6.863707900e-01 6.304297447e-01
7.484320998e-01 2.987104058e-01
0.000000000e+00 3.295991719e-01
0.000000000e+00 0.000000000e+00
0.000000000e+00 0.000000000e+00
0.000000000e+00 0.000000000e+00
1.772827208e-01 0.000000000e+00
0.000000000e+00 3.647114933e-01
0.000000000e+00 0.000000000e+00
0.000000000e+00 7.734643817e-01
2.053818405e-01 3.718259037e-01
4.446584582e-01 0.000000000e+00
7.901814580e-01 6.939380765e-01
2.728942931e-01 1.281785965e+00
5.906306505e-01 6.130647063e-01
3.588253167e-04 6.780189276e-01
0.000000000e+00 0.000000000e+00
0.000000000e+00 0.000000000e+00
2.474280149e-01 5.152827874e-02
4.149662852e-01 0.000000000e+00
8.284364641e-02 0.000000000e+00
0.000000000e+00 7.836341858e-02
1.565886103e-02 3.756645892e-04
6.892344952e-01 0.000000000e+00
7.226063013e-01 2.054448873e-01
6.405974030e-01 1.640352160e-01
5.041763932e-02 6.807460636e-02
0.000000000e+00 0.000000000e+00
0.000000000e+00 5.902617574e-01
0.000000000e+00 4.032893777e-01
0.000000000e+00 0.000000000e+00
0.000000000e+00 0.000000000e+00
0.000000000e+00 5.321388692e-02
2.302916646e-01 0.000000000e+00
4.351525754e-02 0.000000000e+00
1.971248239e-01 0.000000000e+00
0.000000000e+00 0.000000000e+00
0.000000000e+00 0.000000000e+00
0.000000000e+00 0.000000000e+00
0.000000000e+00 0.000000000e+00
0.000000000e+00 3.229876757e-01
0.000000000e+00 6.529963017e-01
0.000000000e+00 6.797287464e-01
0.000000000e+00 3.013603389e-01
0.000000000e+00 1.583198272e-02
0.000000000e+00 3.225778937e-01
0.000000000e+00 5.620701239e-02
0.000000000e+00 0.000000000e+00
0.000000000e+00 0.000000000e+00
3.189130500e-02 0.000000000e+00
0.000000000e+00 1.431505233e-01
0.000000000e+00 2.323226780e-01
2.201422304e-01 0.000000000e+00
0.000000000e+00 5.740796328e-01
3.625610471e-01 1.963572949e-01
3.383381069e-01 1.617897861e-02
8.002870530e-02 3.522537947e-01
2.693854272e-01 0.000000000e+00
0.000000000e+00 7.398929596e-01
5.045326352e-01 1.988981664e-01
4.143526554e-01 0.000000000e+00
4.500544444e-02 0.000000000e+00
0.000000000e+00 2.302202135e-01
7.797098160e-01 4.056111351e-02
6.312306523e-01 4.627799094e-01
5.828756690e-01 2.425276116e-02
2.777264416e-01 1.994943023e-01
8.673889041e-01 1.218312159e-01
4.383070469e-01 7.759228349e-01
0.000000000e+00 3.548524678e-01
0.000000000e+00 3.776731193e-01
0.000000000e+00 5.365508795e-01
0.000000000e+00 3.745189011e-01
0.000000000e+00 0.000000000e+00
0.000000000e+00 3.368713260e-01
0.000000000e+00 1.868169010e-01
4.960960448e-01 1.055249572e+00
2.342180349e-02 6.184318662e-01
0.000000000e+00 0.000000000e+00
0.000000000e+00 0.000000000e+00
0.000000000e+00 0.000000000e+00
0.000000000e+00 0.000000000e+00
0.000000000e+00 0.000000000e+00
0.000000000e+00 0.000000000e+00
5.405660272e-01 2.895049453e-01
2.547711432e-01 2.575121522e-01
6.206449866e-02 0.000000000e+00
1.637264788e-01 0.000000000e+00
6.758595705e-01 0.000000000e+00
1.473372877e-01 0.000000000e+00
0.000000000e+00 2.029307187e-01
0.000000000e+00 0.000000000e+00
6.059448048e-02 0.000000000e+00
0.000000000e+00 2.527278364e-01
0.000000000e+00 0.000000000e+00
0.000000000e+00 0.000000000e+00
0.000000000e+00 0.000000000e+00
6.803141832e-01 2.796849310e-01
5.817611217e-01 7.161452770e-01
1.488845348e-01 7.376251221e-01
0.000000000e+00 0.000000000e+00
9.556281567e-02 9.520161152e-02
1.285340041e-01 0.000000000e+00
4.203843772e-01 2.452669740e-01
1.367164850e-01 0.000000000e+00
2.048893645e-02 4.992887080e-01
0.000000000e+00 2.293337584e-01
9.501318634e-02 4.091920853e-01
0.000000000e+00 0.000000000e+00
0.000000000e+00 2.728698254e-01
8.914071918e-01 6.787791252e-01
5.597844720e-01 5.112030506e-01
6.675750613e-01 6.167853475e-01
4.847819731e-02 1.108696222e+00
0.000000000e+00 2.170513719e-01
0.000000000e+00 0.000000000e+00
0.000000000e+00 1.100940853e-01
0.000000000e+00 3.096595109e-01
6.614640951e-01 5.685516000e-01
2.389566302e-01 0.000000000e+00
8.289742470e-01 5.993539691e-01
0.000000000e+00 0.000000000e+00
0.000000000e+00 0.000000000e+00
1.215831488e-01 0.000000000e+00
3.480329812e-01 0.000000000e+00
5.745642185e-01 1.902453005e-01
0.000000000e+00 7.999503016e-01
2.769384682e-01 2.775139213e-01
0.000000000e+00 0.000000000e+00
4.293988943e-01 0.000000000e+00
1.600380987e-01 3.774837255e-01
6.067875624e-01 3.887929618e-01
2.988844216e-01 0.000000000e+00
0.000000000e+00 5.351626873e-01
0.000000000e+00 0.000000000e+00
0.000000000e+00 0.000000000e+00
0.000000000e+00 0.000000000e+00
0.000000000e+00 0.000000000e+00
4.745062888e-01 1.680412441e-01
3.280793428e-01 0.000000000e+00
0.000000000e+00 2.808680572e-02
0.000000000e+00 0.000000000e+00
0.000000000e+00 0.000000000e+00
1.807227880e-01 4.581814408e-01
2.784330547e-01 0.000000000e+00
6.421297044e-02 4.863924384e-01
1.392210871e-01 2.693855166e-01
0.000000000e+00 0.000000000e+00
5.428977013e-01 0.000000000e+00
2.343218178e-01 0.000000000e+00
0.000000000e+00 0.000000000e+00
0.000000000e+00 0.000000000e+00
2.554900479e-03 2.835191488e-01
0.000000000e+00 2.316662818e-01
3.020299673e-01 0.000000000e+00
3.617474064e-02 2.345219254e-01
4.554437399e-01 3.046929240e-01
6.704080701e-01 2.523347139e-01
4.084348306e-02 7.889618278e-01
7.167850733e-01 6.414875388e-01
2.589741163e-02 0.000000000e+00
4.179583192e-01 0.000000000e+00
0.000000000e+00 1.911657304e-02
3.858088255e-01 2.400096655e-01
2.803720534e-01 0.000000000e+00
3.276507258e-01 4.118588865e-01
5.227211118e-01 1.144729834e-02
0.000000000e+00 1.180339903e-01
0.000000000e+00 0.000000000e+00
4.331192970e-01 0.000000000e+00
1.920669377e-01 1.335422993e-01
1.425260901e-01 6.136809587e-01
0.000000000e+00 3.209851980e-01
2.136084437e-01 2.463704348e-01
0.000000000e+00 3.733293116e-01
1.570126712e-01 0.000000000e+00
2.180460691e-01 6.989372969e-01
8.400885761e-02 0.000000000e+00
7.745981216e-02 1.024099961e-01
3.114216030e-01 0.000000000e+00
0.000000000e+00 0.000000000e+00
0.000000000e+00 0.000000000e+00
2.113340236e-02 0.000000000e+00
0.000000000e+00 0.000000000e+00
4.672239125e-01 3.511708677e-01
4.779730365e-02 0.000000000e+00
1.448569894e-01 1.379444748e-01
0.000000000e+00 0.000000000e+00
0.000000000e+00 0.000000000e+00
5.230803788e-02 0.000000000e+00
0.000000000e+00 0.000000000e+00
0.000000000e+00 0.000000000e+00
0.000000000e+00 0.000000000e+00
0.000000000e+00 0.000000000e+00
0.000000000e+00 0.000000000e+00
2.201162428e-01 4.242154956e-02
2.920148894e-02 0.000000000e+00
0.000000000e+00 0.000000000e+00
0.000000000e+00 0.000000000e+00
0.000000000e+00 0.000000000e+00
0.000000000e+00 0.000000000e+00
0.000000000e+00 0.000000000e+00
1.139235310e-02 0.000000000e+00
0.000000000e+00 0.000000000e+00
0.000000000e+00 1.159916073e-01
0.000000000e+00 0.000000000e+00
0.000000000e+00 0.000000000e+00
0.000000000e+00 0.000000000e+00
0.000000000e+00 2.887006700e-01
0.000000000e+00 0.000000000e+00
0.000000000e+00 0.000000000e+00
0.000000000e+00 0.000000000e+00
7.899193168e-01 0.000000000e+00
0.000000000e+00 0.000000000e+00
0.000000000e+00 0.000000000e+00
0.000000000e+00 0.000000000e+00
0.000000000e+00 0.000000000e+00
0.000000000e+00 6.060072184e-01
0.000000000e+00 0.000000000e+00
0.000000000e+00 0.000000000e+00
0.000000000e+00 0.000000000e+00
0.000000000e+00 0.000000000e+00
0.000000000e+00 0.000000000e+00
0.000000000e+00 0.000000000e+00
0.000000000e+00 0.000000000e+00
0.000000000e+00 0.000000000e+00
0.000000000e+00 0.000000000e+00
1.853155345e-01 0.000000000e+00
0.000000000e+00 0.000000000e+00
0.000000000e+00 0.000000000e+00
0.000000000e+00 8.858272433e-02
4.155191779e-02 2.449099571e-01
0.000000000e+00 0.000000000e+00
0.000000000e+00 0.000000000e+00
0.000000000e+00 1.012696885e-02
0.000000000e+00 0.000000000e+00
0.000000000e+00 0.000000000e+00
0.000000000e+00 7.944305539e-01
0.000000000e+00 0.000000000e+00
0.000000000e+00 7.070607971e-04
0.000000000e+00 0.000000000e+00
0.000000000e+00 0.000000000e+00
0.000000000e+00 0.000000000e+00
0.000000000e+00 0.000000000e+00
0.000000000e+00 0.000000000e+00
0.000000000e+00 0.000000000e+00
0.000000000e+00 0.000000000e+00
0.000000000e+00 0.000000000e+00
2.273555249e-01 0.000000000e+00
0.000000000e+00 0.000000000e+00
1.936549991e-01 0.000000000e+00
0.000000000e+00 0.000000000e+00
0.000000000e+00 0.000000000e+00
0.000000000e+00 5.688439608e-01
4.348452389e-01 0.000000000e+00
0.000000000e+00 0.000000000e+00
0.000000000e+00 0.000000000e+00
2.889355421e-01 4.213403165e-01
1.880595982e-01 0.000000000e+00
0.000000000e+00 2.423502952e-01
0.000000000e+00 3.548485935e-01
0.000000000e+00 0.000000000e+00
0.000000000e+00 0.000000000e+00
0.000000000e+00 0.000000000e+00
4.579661787e-02 4.655304551e-02
0.000000000e+00 0.000000000e+00
0.000000000e+00 0.000000000e+00
0.000000000e+00 0.000000000e+00
3.054103553e-01 0.000000000e+00
0.000000000e+00 0.000000000e+00
0.000000000e+00 0.000000000e+00
0.000000000e+00 0.000000000e+00
0.000000000e+00 2.539928555e-01
4.017043114e-01 3.262836933e-01
0.000000000e+00 0.000000000e+00
0.000000000e+00 0.000000000e+00
1.862267256e-01 0.000000000e+00
0.000000000e+00 0.000000000e+00
0.000000000e+00 0.000000000e+00
0.000000000e+00 0.000000000e+00
0.000000000e+00 2.422412932e-01
0.000000000e+00 0.000000000e+00
0.000000000e+00 0.000000000e+00
3.906940669e-02 0.000000000e+00
0.000000000e+00 0.000000000e+00
0.000000000e+00 0.000000000e+00
4.013353884e-01 1.378500909e-01
0.000000000e+00 0.000000000e+00
0.000000000e+00 0.000000000e+00
0.000000000e+00 5.697613358e-01
1.124255776e+00 1.110377535e-01
0.000000000e+00 0.000000000e+00
0.000000000e+00 0.000000000e+00
0.000000000e+00 0.000000000e+00
0.000000000e+00 0.000000000e+00
0.000000000e+00 7.461844683e-01
0.000000000e+00 0.000000000e+00
0.000000000e+00 0.000000000e+00
0.000000000e+00 0.000000000e+00
0.000000000e+00 0.000000000e+00
0.000000000e+00 0.000000000e+00
0.000000000e+00 1.522372849e-02
0.000000000e+00 2.138390243e-01
0.000000000e+00 0.000000000e+00
6.159570068e-02 9.621207416e-02
0.000000000e+00 0.000000000e+00
0.000000000e+00 0.000000000e+00
0.000000000e+00 0.000000000e+00
3.987507820e-01 1.537168622e-01
9.099250287e-02 0.000000000e+00
0.000000000e+00 0.000000000e+00
0.000000000e+00 0.000000000e+00
3.881274164e-01 4.042512178e-01
0.000000000e+00 0.000000000e+00
0.000000000e+00 0.000000000e+00
0.000000000e+00 0.000000000e+00
0.000000000e+00 0.000000000e+00
0.000000000e+00 0.000000000e+00
0.000000000e+00 0.000000000e+00
0.000000000e+00 0.000000000e+00
0.000000000e+00 0.000000000e+00
0.000000000e+00 0.000000000e+00
0.000000000e+00 0.000000000e+00
0.000000000e+00 0.000000000e+00
0.000000000e+00 2.767040022e-02
1.392030567e-01 0.000000000e+00
0.000000000e+00 1.268581301e-01
0.000000000e+00 0.000000000e+00
0.000000000e+00 0.000000000e+00
0.000000000e+00 6.254331023e-02
0.000000000e+00 0.000000000e+00
0.000000000e+00 0.000000000e+00
0.000000000e+00 0.000000000e+00
0.000000000e+00 0.000000000e+00
0.000000000e+00 2.935024723e-02
5.535876155e-01 0.000000000e+00
0.000000000e+00 0.000000000e+00
0.000000000e+00 0.000000000e+00
0.000000000e+00 0.000000000e+00
0.000000000e+00 0.000000000e+00
0.000000000e+00 0.000000000e+00
5.487591624e-01 0.000000000e+00
0.000000000e+00 0.000000000e+00
0.000000000e+00 0.000000000e+00
1.284306049e-01 0.000000000e+00
0.000000000e+00 0.000000000e+00
0.000000000e+00 0.000000000e+00
0.000000000e+00 0.000000000e+00
0.000000000e+00 0.000000000e+00
0.000000000e+00 0.000000000e+00
0.000000000e+00 0.000000000e+00
0.000000000e+00 0.000000000e+00
0.000000000e+00 2.209003717e-01
7.874388248e-02 0.000000000e+00
0.000000000e+00 0.000000000e+00
0.000000000e+00 0.000000000e+00
2.869727090e-02 0.000000000e+00
0.000000000e+00 2.385069877e-01
0.000000000e+00 0.000000000e+00
0.000000000e+00 0.000000000e+00
0.000000000e+00 1.471446902e-01
2.159879655e-01 5.665816665e-01
0.000000000e+00 0.000000000e+00
0.000000000e+00 2.993115485e-01
0.000000000e+00 0.000000000e+00
0.000000000e+00 2.871904671e-01
3.563607037e-01 0.000000000e+00
0.000000000e+00 0.000000000e+00
0.000000000e+00 0.000000000e+00
0.000000000e+00 0.000000000e+00
0.000000000e+00 0.000000000e+00
5.314157903e-02 0.000000000e+00
0.000000000e+00 0.000000000e+00
0.000000000e+00 0.000000000e+00
0.000000000e+00 0.000000000e+00
4.365979228e-03 0.000000000e+00
0.000000000e+00 0.000000000e+00
0.000000000e+00 0.000000000e+00
0.000000000e+00 0.000000000e+00
7.490916550e-02 0.000000000e+00
0.000000000e+00 0.000000000e+00
0.000000000e+00 0.000000000e+00
0.000000000e+00 1.491159350e-01
0.000000000e+00 0.000000000e+00
0.000000000e+00 0.000000000e+00
0.000000000e+00 0.000000000e+00
9.957327694e-02 6.636552215e-01
0.000000000e+00 1.489659250e-01
0.000000000e+00 5.427388549e-01
2.158557177e-01 0.000000000e+00
0.000000000e+00 0.000000000e+00
0.000000000e+00 0.000000000e+00
0.000000000e+00 0.000000000e+00
0.000000000e+00 0.000000000e+00
0.000000000e+00 0.000000000e+00
0.000000000e+00 0.000000000e+00
4.143448770e-01 2.647043765e-01
0.000000000e+00 0.000000000e+00
0.000000000e+00 0.000000000e+00
2.504400723e-02 2.027959377e-02
4.537680149e-01 0.000000000e+00
0.000000000e+00 0.000000000e+00
0.000000000e+00 1.106996536e-01
0.000000000e+00 0.000000000e+00
0.000000000e+00 0.000000000e+00
0.000000000e+00 0.000000000e+00
0.000000000e+00 0.000000000e+00
0.000000000e+00 0.000000000e+00
0.000000000e+00 0.000000000e+00
1.557887495e-01 2.889457941e-01
1.542951167e-01 0.000000000e+00
0.000000000e+00 0.000000000e+00
0.000000000e+00 0.000000000e+00
0.000000000e+00 3.477849765e-03
1.501046121e-01 1.522889584e-01
0.000000000e+00 0.000000000e+00
2.735625207e-01 0.000000000e+00
0.000000000e+00 0.000000000e+00
0.000000000e+00 0.000000000e+00
3.524795175e-02 0.000000000e+00
0.000000000e+00 0.000000000e+00
0.000000000e+00 5.270598531e-01
4.660535157e-01 5.410326719e-01
0.000000000e+00 0.000000000e+00
0.000000000e+00 0.000000000e+00
0.000000000e+00 0.000000000e+00
0.000000000e+00 0.000000000e+00
0.000000000e+00 0.000000000e+00
0.000000000e+00 1.435659081e-01
0.000000000e+00 0.000000000e+00
0.000000000e+00 0.000000000e+00
0.000000000e+00 0.000000000e+00
1.656687409e-01 8.500190377e-01
0.000000000e+00 0.000000000e+00
0.000000000e+00 0.000000000e+00
7.293096185e-01 0.000000000e+00
0.000000000e+00 0.000000000e+00
2.593304962e-02 0.000000000e+00
0.000000000e+00 0.000000000e+00
0.000000000e+00 0.000000000e+00
0.000000000e+00 0.000000000e+00
0.000000000e+00 0.000000000e+00
0.000000000e+00 0.000000000e+00
0.000000000e+00 0.000000000e+00
0.000000000e+00 0.000000000e+00
0.000000000e+00 0.000000000e+00
0.000000000e+00 0.000000000e+00
0.000000000e+00 0.000000000e+00
0.000000000e+00 0.000000000e+00
0.000000000e+00 0.000000000e+00
2.726772726e-01 3.796242177e-02
0.000000000e+00 0.000000000e+00
0.000000000e+00 0.000000000e+00
0.000000000e+00 0.000000000e+00
0.000000000e+00 0.000000000e+00
3.662022948e-01 4.030239582e-01
0.000000000e+00 0.000000000e+00
0.000000000e+00 5.405863747e-02
3.614045382e-01 0.000000000e+00
0.000000000e+00 0.000000000e+00
1.352029443e-01 1.675796807e-01
0.000000000e+00 0.000000000e+00
0.000000000e+00 0.000000000e+00
0.000000000e+00 0.000000000e+00
0.000000000e+00 0.000000000e+00
0.000000000e+00 0.000000000e+00
0.000000000e+00 0.000000000e+00
0.000000000e+00 0.000000000e+00
0.000000000e+00 0.000000000e+00
0.000000000e+00 0.000000000e+00
0.000000000e+00 0.000000000e+00
5.203801021e-02 0.000000000e+00
0.000000000e+00 0.000000000e+00
0.000000000e+00 0.000000000e+00
0.000000000e+00 0.000000000e+00
0.000000000e+00 0.000000000e+00
0.000000000e+00 2.512219846e-01
0.000000000e+00 0.000000000e+00
0.000000000e+00 7.697810233e-02
0.000000000e+00 0.000000000e+00
0.000000000e+00 0.000000000e+00
0.000000000e+00 8.657168597e-02
0.000000000e+00 3.873524368e-01
3.408773243e-02 7.074686582e-04
0.000000000e+00 0.000000000e+00
0.000000000e+00 8.216591179e-02
0.000000000e+00 5.294560269e-02
0.000000000e+00 5.822959915e-02
0.000000000e+00 5.152232945e-02
0.000000000e+00 0.000000000e+00
7.706040516e-03 1.790476441e-01
0.000000000e+00 0.000000000e+00
2.964574397e-01 0.000000000e+00
0.000000000e+00 0.000000000e+00
0.000000000e+00 0.000000000e+00
3.398658633e-01 2.119876593e-01
0.000000000e+00 0.000000000e+00
4.068696499e-01 0.000000000e+00
2.649821639e-01 1.030765697e-01
3.087980859e-02 1.495312005e-01
0.000000000e+00 4.721001536e-02
0.000000000e+00 0.000000000e+00
3.200694323e-01 0.000000000e+00
0.000000000e+00 0.000000000e+00
0.000000000e+00 6.503792480e-03
5.466834903e-01 0.000000000e+00
3.177692294e-01 0.000000000e+00
3.562442064e-01 1.681358665e-01
0.000000000e+00 1.398574002e-02
4.393078014e-02 0.000000000e+00
0.000000000e+00 0.000000000e+00
0.000000000e+00 0.000000000e+00
1.319693029e-01 5.232840776e-02
1.216321662e-01 0.000000000e+00
6.617183089e-01 1.309341788e-01
5.732825398e-02 0.000000000e+00
0.000000000e+00 0.000000000e+00
0.000000000e+00 5.156638026e-01
0.000000000e+00 0.000000000e+00
0.000000000e+00 3.023380339e-01
0.000000000e+00 3.513667881e-01
0.000000000e+00 2.837789655e-01
8.378680795e-02 6.016790401e-03
0.000000000e+00 4.311568104e-03
7.042641193e-02 0.000000000e+00
2.209523916e-01 0.000000000e+00
1.088328660e-01 0.000000000e+00
7.714299113e-02 0.000000000e+00
5.456570983e-01 5.152585916e-03
0.000000000e+00 2.244763672e-01
0.000000000e+00 2.198323011e-01
0.000000000e+00 4.938647747e-01
0.000000000e+00 2.321876213e-02
0.000000000e+00 0.000000000e+00
0.000000000e+00 0.000000000e+00
0.000000000e+00 7.884531468e-02
0.000000000e+00 1.073971093e-01
2.598866224e-01 6.153750420e-01
5.137034878e-02 4.296818078e-01
0.000000000e+00 0.000000000e+00
0.000000000e+00 1.122746095e-01
1.650149524e-01 3.292985559e-01
0.000000000e+00 5.047348887e-02
0.000000000e+00 0.000000000e+00
8.672158420e-02 0.000000000e+00
1.870167553e-01 0.000000000e+00
0.000000000e+00 4.494782537e-02
0.000000000e+00 1.231221035e-01
0.000000000e+00 0.000000000e+00
0.000000000e+00 0.000000000e+00
2.106889039e-01 0.000000000e+00
0.000000000e+00 1.881439537e-01
0.000000000e+00 0.000000000e+00
0.000000000e+00 1.202811822e-01
0.000000000e+00 2.898299992e-01
0.000000000e+00 0.000000000e+00
0.000000000e+00 6.788314134e-02
0.000000000e+00 0.000000000e+00
5.043999553e-01 0.000000000e+00
0.000000000e+00 0.000000000e+00
2.902158797e-01 0.000000000e+00
6.081470251e-01 0.000000000e+00
4.588643089e-02 0.000000000e+00
1.818781942e-01 0.000000000e+00
0.000000000e+00 5.634722114e-01
0.000000000e+00 0.000000000e+00
0.000000000e+00 0.000000000e+00
0.000000000e+00 0.000000000e+00
0.000000000e+00 1.694948673e-01
0.000000000e+00 0.000000000e+00
2.682203352e-01 3.126967326e-02
0.000000000e+00 0.000000000e+00
0.000000000e+00 3.406065330e-02
8.284083754e-02 6.916981936e-02
1.518435031e-01 0.000000000e+00
2.761925757e-01 1.840442866e-01
0.000000000e+00 0.000000000e+00
5.179137588e-01 2.214946300e-01
0.000000000e+00 3.956057429e-01
0.000000000e+00 0.000000000e+00
0.000000000e+00 0.000000000e+00
8.509765379e-03 0.000000000e+00
3.940331936e-01 3.737296164e-02
0.000000000e+00 1.706361324e-01
0.000000000e+00 0.000000000e+00
0.000000000e+00 3.013951182e-01
0.000000000e+00 0.000000000e+00
2.646719217e-01 0.000000000e+00
0.000000000e+00 0.000000000e+00
1.187538207e-01 2.603906989e-01
0.000000000e+00 1.855687611e-02
4.808693528e-01 0.000000000e+00
0.000000000e+00 0.000000000e+00
0.000000000e+00 0.000000000e+00
0.000000000e+00 4.312714636e-01
8.376253396e-02 0.000000000e+00
2.828732133e-01 4.178111255e-02
0.000000000e+00 0.000000000e+00
2.356712669e-01 0.000000000e+00
8.330705762e-01 3.262948096e-01
0.000000000e+00 3.550256193e-01
0.000000000e+00 0.000000000e+00
0.000000000e+00 0.000000000e+00
0.000000000e+00 0.000000000e+00
0.000000000e+00 2.227801979e-01
2.501093447e-01 0.000000000e+00
2.565045357e-01 2.742106654e-02
0.000000000e+00 0.000000000e+00
0.000000000e+00 1.695974022e-01
1.623187512e-01 0.000000000e+00
0.000000000e+00 0.000000000e+00
5.458586663e-02 2.233928889e-01
0.000000000e+00 3.761847913e-01
0.000000000e+00 0.000000000e+00
0.000000000e+00 0.000000000e+00
4.233679647e-05 1.929584444e-01
0.000000000e+00 0.000000000e+00
5.097609162e-01 0.000000000e+00
5.147439241e-01 0.000000000e+00
0.000000000e+00 0.000000000e+00
0.000000000e+00 2.186654508e-02
0.000000000e+00 2.838953435e-01
4.594257772e-01 0.000000000e+00
3.794827312e-02 0.000000000e+00
0.000000000e+00 0.000000000e+00
0.000000000e+00 0.000000000e+00
0.000000000e+00 1.845746934e-01
4.629254341e-03 2.890899777e-01
0.000000000e+00 0.000000000e+00
0.000000000e+00 2.485841960e-01
8.076300621e-01 0.000000000e+00
4.368647933e-01 0.000000000e+00
0.000000000e+00 0.000000000e+00
0.000000000e+00 0.000000000e+00
0.000000000e+00 0.000000000e+00
5.778893232e-01 1.041754032e-03
5.290224031e-02 0.000000000e+00
0.000000000e+00 0.000000000e+00
0.000000000e+00 0.000000000e+00
1.867715120e-01 9.929601103e-03
0.000000000e+00 5.890502930e-01
0.000000000e+00 6.173014641e-01
0.000000000e+00 0.000000000e+00
0.000000000e+00 4.448205233e-01
0.000000000e+00 5.449921489e-01
0.000000000e+00 1.939805448e-01
4.411456883e-01 0.000000000e+00
2.436437011e-01 0.000000000e+00
3.897569180e-01 0.000000000e+00
1.177247316e-01 0.000000000e+00
0.000000000e+00 3.517828882e-01
4.890470505e-01 0.000000000e+00
4.099777639e-01 3.198686838e-01
0.000000000e+00 6.315974593e-01
6.782245636e-02 0.000000000e+00
0.000000000e+00 6.710723639e-01
0.000000000e+00 0.000000000e+00
0.000000000e+00 0.000000000e+00
0.000000000e+00 0.000000000e+00
0.000000000e+00 0.000000000e+00
3.622361422e-01 3.889290690e-01
1.001771241e-01 0.000000000e+00
0.000000000e+00 0.000000000e+00
1.720181555e-01 0.000000000e+00
0.000000000e+00 2.539849579e-01
0.000000000e+00 0.000000000e+00
3.481559753e-01 0.000000000e+00
1.339201033e-01 0.000000000e+00
0.000000000e+00 2.484098971e-01
0.000000000e+00 2.248479128e-01
0.000000000e+00 5.978266001e-01
0.000000000e+00 0.000000000e+00
0.000000000e+00 1.493526250e-01
4.716365784e-02 4.208675623e-01
0.000000000e+00 5.164907575e-01
3.131368160e-01 0.000000000e+00
0.000000000e+00 0.000000000e+00
0.000000000e+00 0.000000000e+00
1.611526161e-01 0.000000000e+00
1.386360079e-01 4.698590934e-01
0.000000000e+00 0.000000000e+00
0.000000000e+00 0.000000000e+00
0.000000000e+00 0.000000000e+00
2.739736736e-01 1.180799305e-01
0.000000000e+00 0.000000000e+00
0.000000000e+00 0.000000000e+00
0.000000000e+00 3.782936633e-01
7.843887210e-01 0.000000000e+00
0.000000000e+00 5.407434702e-01
0.000000000e+00 0.000000000e+00
0.000000000e+00 0.000000000e+00
0.000000000e+00 0.000000000e+00
0.000000000e+00 1.858667098e-02
2.332183868e-01 0.000000000e+00
5.719562173e-01 0.000000000e+00
0.000000000e+00 0.000000000e+00
3.064235747e-01 3.884244263e-01
4.065182209e-01 0.000000000e+00
0.000000000e+00 0.000000000e+00
8.223672211e-02 0.000000000e+00
0.000000000e+00 1.291145235e-01
0.000000000e+00 3.027691841e-01
1.829587221e-01 0.000000000e+00
1.566579193e-01 0.000000000e+00
6.372946501e-02 0.000000000e+00
0.000000000e+00 3.201454282e-01
2.098169774e-01 2.756707370e-01
2.082086205e-01 5.170775652e-01
0.000000000e+00 0.000000000e+00
1.158298030e-01 0.000000000e+00
2.006375492e-01 0.000000000e+00
0.000000000e+00 0.000000000e+00
0.000000000e+00 0.000000000e+00
0.000000000e+00 0.000000000e+00
9.128091484e-02 0.000000000e+00
1.639099978e-02 2.648869753e-01
3.244666755e-01 0.000000000e+00
0.000000000e+00 5.494470242e-03
0.000000000e+00 0.000000000e+00
0.000000000e+00 2.871453166e-01
0.000000000e+00 0.000000000e+00
0.000000000e+00 0.000000000e+00
4.378898144e-01 0.000000000e+00
0.000000000e+00 0.000000000e+00
1.831101477e-01 0.000000000e+00
0.000000000e+00 7.630109191e-01
0.000000000e+00 0.000000000e+00
0.000000000e+00 0.000000000e+00
0.000000000e+00 0.000000000e+00
4.468396902e-01 0.000000000e+00
3.384212255e-01 1.947646029e-02
0.000000000e+00 0.000000000e+00
0.000000000e+00 4.909590185e-01
0.000000000e+00 0.000000000e+00
0.000000000e+00 0.000000000e+00
0.000000000e+00 0.000000000e+00
0.000000000e+00 0.000000000e+00
0.000000000e+00 4.912926257e-01
0.000000000e+00 0.000000000e+00
4.305570424e-01 5.716789365e-01
0.000000000e+00 0.000000000e+00
2.133859545e-01 0.000000000e+00
3.588339686e-02 4.166550040e-01
0.000000000e+00 0.000000000e+00
5.689902604e-02 0.000000000e+00
0.000000000e+00 5.450442433e-01
0.000000000e+00 9.803619236e-02
0.000000000e+00 0.000000000e+00
6.526029706e-01 0.000000000e+00
0.000000000e+00 2.546872497e-01
3.385322690e-01 0.000000000e+00
0.000000000e+00 1.225824505e-01
0.000000000e+00 2.598045766e-01
5.574382544e-01 0.000000000e+00
0.000000000e+00 7.382506877e-02
0.000000000e+00 0.000000000e+00
2.487543225e-01 0.000000000e+00
0.000000000e+00 1.483955383e-01
0.000000000e+00 4.550057929e-03
0.000000000e+00 0.000000000e+00
6.462813020e-01 0.000000000e+00
5.485219136e-02 4.117507860e-02
0.000000000e+00 0.000000000e+00
