5.644264817e-01 0.000000000e+00
5.472070575e-01 7.250973582e-02
9.279078990e-02 5.616189837e-01
5.555910468e-01 1.217981279e-01
0.000000000e+00 0.000000000e+00
1.180875394e-02 4.891893864e-01
1.991751045e-01 2.441904098e-01
2.978240848e-01 1.686623544e-01
0.000000000e+00 0.000000000e+00
3.198147118e-01 0.000000000e+00
0.000000000e+00 1.939125955e-01
2.601333857e-01 5.407370329e-01
9.902806282e-01 2.757053673e-01
4.143859446e-01 3.206167817e-01
0.000000000e+00 0.000000000e+00
0.000000000e+00 4.521351159e-01
6.496299505e-01 1.249845743e+00
5.367673635e-01 8.448745012e-01
0.000000000e+00 0.000000000e+00
0.000000000e+00 0.000000000e+00
5.847613141e-02 3.013260067e-01
0.000000000e+00 9.306762815e-01
7.681449652e-01 0.000000000e+00
0.000000000e+00 3.497917056e-01
0.000000000e+00 0.000000000e+00
0.000000000e+00 4.679288343e-02
0.000000000e+00 7.803099155e-01
1.833108962e-01 0.000000000e+00
0.000000000e+00 0.000000000e+00
2.350613847e-02 0.000000000e+00
0.000000000e+00 1.481966823e-01
5.039777160e-01 7.824617624e-01
1.409356833e+00 6.992627382e-01
0.000000000e+00 6.489385366e-01
7.230604887e-01 6.104505062e-02
0.000000000e+00 0.000000000e+00
0.000000000e+00 0.000000000e+00
0.000000000e+00 0.000000000e+00
8.844818473e-01 7.309839725e-01
1.228989601e+00 0.000000000e+00
4.468023777e-01 4.783422649e-01
4.063080251e-02 1.093752265e+00
1.457014680e-01 5.871686339e-01
4.142307043e-01 2.266628444e-01
2.816307247e-01 8.654692769e-01
7.221360207e-01 4.390781522e-01
5.607835054e-01 0.000000000e+00
4.358009398e-01 0.000000000e+00
0.000000000e+00 0.000000000e+00
2.172448486e-01 0.000000000e+00
0.000000000e+00 0.000000000e+00
4.868717119e-02 0.000000000e+00
0.000000000e+00 2.025451958e-01
1.772224605e-01 3.429221511e-01
6.126537323e-01 2.163574249e-01
6.172978505e-02 0.000000000e+00
0.000000000e+00 0.000000000e+00
1.416791826e-01 1.046252549e-01
1.131138392e-02 3.541019857e-01
0.000000000e+00 0.000000000e+00
0.000000000e+00 0.000000000e+00
0.000000000e+00 8.047538400e-01
0.000000000e+00 0.000000000e+00
1.679571569e-01 4.909169301e-02
0.000000000e+00 0.000000000e+00
6.079394817e-01 7.965537310e-01
7.296533585e-01 3.780734241e-01
6.863707900e-01 7.484320998e-01
0.000000000e+00 0.000000000e+00
0.000000000e+00 0.000000000e+00
8.284364641e-02 0.000000000e+00
1.565886103e-02 6.892344952e-01
7.226063013e-01 6.405974030e-01
5.041763932e-02 0.000000000e+00
0.000000000e+00 0.000000000e+00
0.000000000e+00 0.000000000e+00
0.000000000e+00 0.000000000e+00
0.000000000e+00 3.189130500e-02
0.000000000e+00 0.000000000e+00
2.201422304e-01 0.000000000e+00
4.383070469e-01 0.000000000e+00
0.000000000e+00 0.000000000e+00
0.000000000e+00 0.000000000e+00
0.000000000e+00 0.000000000e+00
4.960960448e-01 2.342180349e-02
6.059448048e-02 0.000000000e+00
0.000000000e+00 0.000000000e+00
0.000000000e+00 6.803141832e-01
5.817611217e-01 1.488845348e-01
0.000000000e+00 9.556281567e-02
0.000000000e+00 0.000000000e+00
6.614640951e-01 2.389566302e-01
8.289742470e-01 0.000000000e+00
0.000000000e+00 1.215831488e-01
3.480329812e-01 5.745642185e-01
0.000000000e+00 0.000000000e+00
0.000000000e+00 1.807227880e-01
2.784330547e-01 6.421297044e-02
1.392210871e-01 0.000000000e+00
5.428977013e-01 2.343218178e-01
7.899193168e-01 0.000000000e+00
0.000000000e+00 0.000000000e+00
0.000000000e+00 0.000000000e+00
0.000000000e+00 0.000000000e+00
0.000000000e+00 0.000000000e+00
0.000000000e+00 0.000000000e+00
0.000000000e+00 0.000000000e+00
0.000000000e+00 0.000000000e+00
0.000000000e+00 0.000000000e+00
0.000000000e+00 0.000000000e+00
0.000000000e+00 0.000000000e+00
0.000000000e+00 0.000000000e+00
4.579661787e-02 0.000000000e+00
0.000000000e+00 0.000000000e+00
3.054103553e-01 0.000000000e+00
0.000000000e+00 0.000000000e+00
4.013353884e-01 0.000000000e+00
0.000000000e+00 0.000000000e+00
1.124255776e+00 0.000000000e+00
0.000000000e+00 0.000000000e+00
3.987507820e-01 9.099250287e-02
0.000000000e+00 0.000000000e+00
3.881274164e-01 0.000000000e+00
0.000000000e+00 0.000000000e+00
0.000000000e+00 0.000000000e+00
0.000000000e+00 0.000000000e+00
0.000000000e+00 5.535876155e-01
0.000000000e+00 0.000000000e+00
0.000000000e+00 0.000000000e+00
0.000000000e+00 5.487591624e-01
2.869727090e-02 0.000000000e+00
0.000000000e+00 0.000000000e+00
0.000000000e+00 2.159879655e-01
0.000000000e+00 0.000000000e+00
0.000000000e+00 0.000000000e+00
0.000000000e+00 0.000000000e+00
0.000000000e+00 0.000000000e+00
0.000000000e+00 0.000000000e+00
9.957327694e-02 0.000000000e+00
0.000000000e+00 2.158557177e-01
0.000000000e+00 0.000000000e+00
0.000000000e+00 0.000000000e+00
0.000000000e+00 1.557887495e-01
1.542951167e-01 0.000000000e+00
0.000000000e+00 0.000000000e+00
0.000000000e+00 0.000000000e+00
0.000000000e+00 0.000000000e+00
1.656687409e-01 0.000000000e+00
0.000000000e+00 7.293096185e-01
0.000000000e+00 2.593304962e-02
0.000000000e+00 0.000000000e+00
3.200694323e-01 0.000000000e+00
0.000000000e+00 5.466834903e-01
3.177692294e-01 3.562442064e-01
0.000000000e+00 4.393078014e-02
7.042641193e-02 2.209523916e-01
1.088328660e-01 7.714299113e-02
5.456570983e-01 0.000000000e+00
0.000000000e+00 0.000000000e+00
0.000000000e+00 0.000000000e+00
0.000000000e+00 0.000000000e+00
2.106889039e-01 0.000000000e+00
0.000000000e+00 0.000000000e+00
0.000000000e+00 0.000000000e+00
0.000000000e+00 0.000000000e+00
0.000000000e+00 8.284083754e-02
1.518435031e-01 2.761925757e-01
0.000000000e+00 5.179137588e-01
0.000000000e+00 0.000000000e+00
0.000000000e+00 8.509765379e-03
2.828732133e-01 0.000000000e+00
2.356712669e-01 8.330705762e-01
0.000000000e+00 0.000000000e+00
0.000000000e+00 0.000000000e+00
0.000000000e+00 2.501093447e-01
0.000000000e+00 0.000000000e+00
4.594257772e-01 3.794827312e-02
0.000000000e+00 0.000000000e+00
0.000000000e+00 4.629254341e-03
0.000000000e+00 0.000000000e+00
0.000000000e+00 0.000000000e+00
4.411456883e-01 2.436437011e-01
3.897569180e-01 1.177247316e-01
0.000000000e+00 4.890470505e-01
4.099777639e-01 0.000000000e+00
0.000000000e+00 0.000000000e+00
0.000000000e+00 0.000000000e+00
0.000000000e+00 4.716365784e-02
0.000000000e+00 3.131368160e-01
0.000000000e+00 0.000000000e+00
0.000000000e+00 2.332183868e-01
5.719562173e-01 0.000000000e+00
3.064235747e-01 4.065182209e-01
0.000000000e+00 8.223672211e-02
0.000000000e+00 0.000000000e+00
3.244666755e-01 0.000000000e+00
0.000000000e+00 0.000000000e+00
0.000000000e+00 0.000000000e+00
4.378898144e-01 0.000000000e+00
1.831101477e-01 0.000000000e+00
