0.000000000e+00 0.000000000e+00
0.000000000e+00 0.000000000e+00
0.000000000e+00 0.000000000e+00
0.000000000e+00 0.000000000e+00
0.000000000e+00 0.000000000e+00
0.000000000e+00 0.000000000e+00
0.000000000e+00 0.000000000e+00
0.000000000e+00 0.000000000e+00
0.000000000e+00 0.000000000e+00
6.758282334e-02 0.000000000e+00
0.000000000e+00 0.000000000e+00
2.714188956e-02 0.000000000e+00
0.000000000e+00 1.143683270e-01
0.000000000e+00 0.000000000e+00
0.000000000e+00 0.000000000e+00
0.000000000e+00 0.000000000e+00
0.000000000e+00 0.000000000e+00
0.000000000e+00 0.000000000e+00
0.000000000e+00 0.000000000e+00
0.000000000e+00 0.000000000e+00
0.000000000e+00 0.000000000e+00
0.000000000e+00 0.000000000e+00
3.730043471e-01 0.000000000e+00
0.000000000e+00 0.000000000e+00
0.000000000e+00 0.000000000e+00
0.000000000e+00 0.000000000e+00
0.000000000e+00 0.000000000e+00
0.000000000e+00 0.000000000e+00
0.000000000e+00 0.000000000e+00
0.000000000e+00 0.000000000e+00
0.000000000e+00 0.000000000e+00
0.000000000e+00 0.000000000e+00
0.000000000e+00 0.000000000e+00
0.000000000e+00 0.000000000e+00
0.000000000e+00 8.804608881e-02
0.000000000e+00 0.000000000e+00
0.000000000e+00 0.000000000e+00
0.000000000e+00 0.000000000e+00
0.000000000e+00 0.000000000e+00
2.037132978e-01 0.000000000e+00
6.882851720e-01 0.000000000e+00
1.949500591e-01 0.000000000e+00
0.000000000e+00 3.286778033e-01
0.000000000e+00 1.725538075e-02
0.000000000e+00 2.589312941e-02
0.000000000e+00 0.000000000e+00
4.035305232e-03 0.000000000e+00
0.000000000e+00 0.000000000e+00
0.000000000e+00 0.000000000e+00
0.000000000e+00 0.000000000e+00
0.000000000e+00 0.000000000e+00
0.000000000e+00 0.000000000e+00
0.000000000e+00 0.000000000e+00
0.000000000e+00 0.000000000e+00
0.000000000e+00 3.570674658e-01
0.000000000e+00 0.000000000e+00
0.000000000e+00 0.000000000e+00
0.000000000e+00 0.000000000e+00
0.000000000e+00 0.000000000e+00
0.000000000e+00 0.000000000e+00
0.000000000e+00 0.000000000e+00
0.000000000e+00 0.000000000e+00
0.000000000e+00 0.000000000e+00
0.000000000e+00 0.000000000e+00
0.000000000e+00 0.000000000e+00
7.172580063e-02 0.000000000e+00
0.000000000e+00 0.000000000e+00
0.000000000e+00 0.000000000e+00
0.000000000e+00 0.000000000e+00
0.000000000e+00 0.000000000e+00
0.000000000e+00 0.000000000e+00
0.000000000e+00 0.000000000e+00
0.000000000e+00 0.000000000e+00
0.000000000e+00 0.000000000e+00
0.000000000e+00 3.180192411e-01
1.223195195e-01 0.000000000e+00
0.000000000e+00 0.000000000e+00
0.000000000e+00 0.000000000e+00
0.000000000e+00 0.000000000e+00
0.000000000e+00 2.595581859e-02
0.000000000e+00 0.000000000e+00
0.000000000e+00 0.000000000e+00
0.000000000e+00 0.000000000e+00
0.000000000e+00 0.000000000e+00
0.000000000e+00 0.000000000e+00
0.000000000e+00 0.000000000e+00
0.000000000e+00 1.128182262e-01
0.000000000e+00 0.000000000e+00
0.000000000e+00 9.082542360e-02
0.000000000e+00 0.000000000e+00
2.188857049e-01 0.000000000e+00
0.000000000e+00 0.000000000e+00
0.000000000e+00 0.000000000e+00
0.000000000e+00 0.000000000e+00
0.000000000e+00 0.000000000e+00
0.000000000e+00 0.000000000e+00
0.000000000e+00 0.000000000e+00
0.000000000e+00 0.000000000e+00
0.000000000e+00 0.000000000e+00
0.000000000e+00 3.093441427e-01
1.166582331e-01 0.000000000e+00
0.000000000e+00 1.562266946e-01
6.046539918e-02 0.000000000e+00
0.000000000e+00 0.000000000e+00
2.834847011e-02 0.000000000e+00
0.000000000e+00 0.000000000e+00
0.000000000e+00 0.000000000e+00
0.000000000e+00 0.000000000e+00
0.000000000e+00 2.635344565e-01
0.000000000e+00 0.000000000e+00
2.622560263e-01 0.000000000e+00
0.000000000e+00 2.232304513e-01
0.000000000e+00 0.000000000e+00
0.000000000e+00 0.000000000e+00
0.000000000e+00 0.000000000e+00
0.000000000e+00 0.000000000e+00
0.000000000e+00 8.134306967e-02
0.000000000e+00 0.000000000e+00
0.000000000e+00 0.000000000e+00
0.000000000e+00 0.000000000e+00
0.000000000e+00 0.000000000e+00
0.000000000e+00 0.000000000e+00
0.000000000e+00 0.000000000e+00
0.000000000e+00 0.000000000e+00
0.000000000e+00 0.000000000e+00
6.094793603e-02 0.000000000e+00
7.647531033e-01 0.000000000e+00
0.000000000e+00 0.000000000e+00
0.000000000e+00 0.000000000e+00
0.000000000e+00 0.000000000e+00
0.000000000e+00 0.000000000e+00
0.000000000e+00 0.000000000e+00
0.000000000e+00 0.000000000e+00
4.242328927e-03 0.000000000e+00
0.000000000e+00 0.000000000e+00
4.372846708e-02 0.000000000e+00
0.000000000e+00 1.364302635e-01
0.000000000e+00 0.000000000e+00
0.000000000e+00 0.000000000e+00
0.000000000e+00 0.000000000e+00
0.000000000e+00 0.000000000e+00
0.000000000e+00 0.000000000e+00
0.000000000e+00 0.000000000e+00
0.000000000e+00 0.000000000e+00
0.000000000e+00 0.000000000e+00
0.000000000e+00 0.000000000e+00
0.000000000e+00 0.000000000e+00
0.000000000e+00 0.000000000e+00
1.155105159e-01 0.000000000e+00
0.000000000e+00 0.000000000e+00
5.814033747e-02 0.000000000e+00
0.000000000e+00 3.630442619e-01
4.211177584e-03 0.000000000e+00
0.000000000e+00 5.808410645e-01
0.000000000e+00 0.000000000e+00
5.211234465e-02 0.000000000e+00
0.000000000e+00 1.341300905e-01
0.000000000e+00 0.000000000e+00
6.225427613e-02 0.000000000e+00
0.000000000e+00 0.000000000e+00
0.000000000e+00 0.000000000e+00
0.000000000e+00 1.726050675e-01
0.000000000e+00 3.917763233e-01
0.000000000e+00 0.000000000e+00
0.000000000e+00 0.000000000e+00
0.000000000e+00 1.562628299e-01
0.000000000e+00 0.000000000e+00
0.000000000e+00 5.937626958e-01
0.000000000e+00 0.000000000e+00
0.000000000e+00 0.000000000e+00
0.000000000e+00 0.000000000e+00
0.000000000e+00 0.000000000e+00
1.794470400e-01 0.000000000e+00
0.000000000e+00 0.000000000e+00
0.000000000e+00 0.000000000e+00
0.000000000e+00 0.000000000e+00
0.000000000e+00 0.000000000e+00
2.855027653e-02 0.000000000e+00
0.000000000e+00 0.000000000e+00
0.000000000e+00 0.000000000e+00
0.000000000e+00 0.000000000e+00
0.000000000e+00 0.000000000e+00
0.000000000e+00 0.000000000e+00
2.090596855e-01 0.000000000e+00
0.000000000e+00 0.000000000e+00
0.000000000e+00 0.000000000e+00
0.000000000e+00 0.000000000e+00
0.000000000e+00 0.000000000e+00
0.000000000e+00 0.000000000e+00
0.000000000e+00 0.000000000e+00
2.097854018e-01 0.000000000e+00
0.000000000e+00 0.000000000e+00
0.000000000e+00 0.000000000e+00
0.000000000e+00 0.000000000e+00
0.000000000e+00 0.000000000e+00
0.000000000e+00 0.000000000e+00
0.000000000e+00 4.780792296e-01
0.000000000e+00 3.494766355e-01
0.000000000e+00 0.000000000e+00
0.000000000e+00 0.000000000e+00
2.836257517e-01 0.000000000e+00
1.601493210e-01 0.000000000e+00
0.000000000e+00 0.000000000e+00
0.000000000e+00 0.000000000e+00
0.000000000e+00 0.000000000e+00
1.146992370e-01 0.000000000e+00
0.000000000e+00 0.000000000e+00
0.000000000e+00 0.000000000e+00
0.000000000e+00 0.000000000e+00
0.000000000e+00 0.000000000e+00
0.000000000e+00 9.558798373e-02
0.000000000e+00 0.000000000e+00
0.000000000e+00 2.285880595e-01
0.000000000e+00 0.000000000e+00
3.320245743e-01 0.000000000e+00
0.000000000e+00 0.000000000e+00
0.000000000e+00 0.000000000e+00
3.901398480e-01 3.152777553e-01
0.000000000e+00 6.341653317e-02
0.000000000e+00 0.000000000e+00
1.347302049e-01 0.000000000e+00
1.638573594e-02 0.000000000e+00
0.000000000e+00 6.725381315e-02
8.459425718e-02 2.197437435e-01
1.186988950e-01 0.000000000e+00
0.000000000e+00 0.000000000e+00
0.000000000e+00 0.000000000e+00
0.000000000e+00 1.590532437e-02
3.369895369e-02 0.000000000e+00
1.677275747e-01 0.000000000e+00
0.000000000e+00 0.000000000e+00
0.000000000e+00 0.000000000e+00
0.000000000e+00 0.000000000e+00
0.000000000e+00 0.000000000e+00
1.001397595e-01 0.000000000e+00
0.000000000e+00 4.202696383e-01
0.000000000e+00 0.000000000e+00
0.000000000e+00 0.000000000e+00
0.000000000e+00 0.000000000e+00
0.000000000e+00 0.000000000e+00
0.000000000e+00 0.000000000e+00
0.000000000e+00 0.000000000e+00
1.697852165e-01 0.000000000e+00
0.000000000e+00 0.000000000e+00
0.000000000e+00 0.000000000e+00
0.000000000e+00 0.000000000e+00
0.000000000e+00 0.000000000e+00
0.000000000e+00 7.201741934e-01
4.587291181e-01 0.000000000e+00
0.000000000e+00 0.000000000e+00
0.000000000e+00 0.000000000e+00
0.000000000e+00 3.731315956e-02
3.189029638e-03 1.931466162e-01
1.393937767e-01 7.692644000e-01
0.000000000e+00 0.000000000e+00
0.000000000e+00 0.000000000e+00
0.000000000e+00 0.000000000e+00
0.000000000e+00 0.000000000e+00
1.183206439e-01 0.000000000e+00
0.000000000e+00 0.000000000e+00
0.000000000e+00 0.000000000e+00
0.000000000e+00 0.000000000e+00
0.000000000e+00 0.000000000e+00
0.000000000e+00 0.000000000e+00
0.000000000e+00 7.051290572e-02
0.000000000e+00 0.000000000e+00
0.000000000e+00 3.620179892e-01
0.000000000e+00 0.000000000e+00
0.000000000e+00 0.000000000e+00
0.000000000e+00 6.400384903e-01
0.000000000e+00 0.000000000e+00
0.000000000e+00 0.000000000e+00
0.000000000e+00 3.515982628e-02
0.000000000e+00 0.000000000e+00
4.083714262e-02 0.000000000e+00
0.000000000e+00 0.000000000e+00
0.000000000e+00 0.000000000e+00
0.000000000e+00 0.000000000e+00
0.000000000e+00 0.000000000e+00
3.619314358e-02 0.000000000e+00
0.000000000e+00 0.000000000e+00
0.000000000e+00 0.000000000e+00
2.050543576e-01 0.000000000e+00
3.732147068e-02 0.000000000e+00
3.102256656e-01 0.000000000e+00
0.000000000e+00 0.000000000e+00
0.000000000e+00 0.000000000e+00
0.000000000e+00 2.550055981e-01
6.936680079e-01 0.000000000e+00
0.000000000e+00 0.000000000e+00
0.000000000e+00 0.000000000e+00
0.000000000e+00 0.000000000e+00
0.000000000e+00 2.076004297e-01
0.000000000e+00 0.000000000e+00
0.000000000e+00 0.000000000e+00
0.000000000e+00 0.000000000e+00
0.000000000e+00 0.000000000e+00
0.000000000e+00 0.000000000e+00
0.000000000e+00 0.000000000e+00
0.000000000e+00 0.000000000e+00
0.000000000e+00 0.000000000e+00
0.000000000e+00 0.000000000e+00
0.000000000e+00 1.198303699e+00
0.000000000e+00 0.000000000e+00
0.000000000e+00 0.000000000e+00
0.000000000e+00 0.000000000e+00
2.021893412e-01 0.000000000e+00
2.083838880e-01 1.231467724e-01
0.000000000e+00 0.000000000e+00
0.000000000e+00 0.000000000e+00
0.000000000e+00 0.000000000e+00
0.000000000e+00 7.624745369e-02
2.081728131e-01 3.052488565e-01
0.000000000e+00 0.000000000e+00
4.317359030e-01 0.000000000e+00
0.000000000e+00 6.493394729e-03
1.684888452e-01 0.000000000e+00
0.000000000e+00 0.000000000e+00
0.000000000e+00 0.000000000e+00
2.460426390e-01 0.000000000e+00
0.000000000e+00 0.000000000e+00
0.000000000e+00 0.000000000e+00
0.000000000e+00 3.238122463e-01
0.000000000e+00 0.000000000e+00
0.000000000e+00 0.000000000e+00
0.000000000e+00 0.000000000e+00
0.000000000e+00 0.000000000e+00
0.000000000e+00 0.000000000e+00
0.000000000e+00 0.000000000e+00
0.000000000e+00 0.000000000e+00
5.868713930e-02 0.000000000e+00
0.000000000e+00 0.000000000e+00
0.000000000e+00 9.293845296e-02
0.000000000e+00 5.436778069e-01
1.456593722e-01 1.692917794e-01
0.000000000e+00 0.000000000e+00
4.096790552e-01 0.000000000e+00
0.000000000e+00 0.000000000e+00
3.085925430e-02 0.000000000e+00
0.000000000e+00 0.000000000e+00
0.000000000e+00 0.000000000e+00
0.000000000e+00 0.000000000e+00
0.000000000e+00 0.000000000e+00
0.000000000e+00 0.000000000e+00
0.000000000e+00 0.000000000e+00
0.000000000e+00 8.742211759e-02
0.000000000e+00 0.000000000e+00
0.000000000e+00 0.000000000e+00
0.000000000e+00 0.000000000e+00
0.000000000e+00 0.000000000e+00
0.000000000e+00 0.000000000e+00
2.637693584e-01 3.377574962e-03
0.000000000e+00 0.000000000e+00
0.000000000e+00 3.961741030e-01
0.000000000e+00 0.000000000e+00
0.000000000e+00 0.000000000e+00
1.628934145e-01 0.000000000e+00
0.000000000e+00 0.000000000e+00
0.000000000e+00 0.000000000e+00
0.000000000e+00 0.000000000e+00
0.000000000e+00 0.000000000e+00
0.000000000e+00 0.000000000e+00
0.000000000e+00 0.000000000e+00
2.446693927e-01 2.171840817e-01
0.000000000e+00 3.274269700e-01
0.000000000e+00 0.000000000e+00
0.000000000e+00 0.000000000e+00
0.000000000e+00 0.000000000e+00
0.000000000e+00 3.296823800e-01
0.000000000e+00 0.000000000e+00
0.000000000e+00 0.000000000e+00
0.000000000e+00 0.000000000e+00
0.000000000e+00 0.000000000e+00
0.000000000e+00 0.000000000e+00
0.000000000e+00 6.133595705e-01
0.000000000e+00 0.000000000e+00
0.000000000e+00 2.704975381e-02
0.000000000e+00 0.000000000e+00
0.000000000e+00 0.000000000e+00
0.000000000e+00 2.676307559e-01
3.725837544e-02 3.483628929e-01
0.000000000e+00 0.000000000e+00
0.000000000e+00 0.000000000e+00
0.000000000e+00 0.000000000e+00
4.504804034e-03 1.310475171e-01
4.868020415e-01 0.000000000e+00
2.063046210e-02 0.000000000e+00
0.000000000e+00 0.000000000e+00
0.000000000e+00 2.138692141e-02
0.000000000e+00 0.000000000e+00
0.000000000e+00 0.000000000e+00
0.000000000e+00 0.000000000e+00
0.000000000e+00 0.000000000e+00
0.000000000e+00 0.000000000e+00
0.000000000e+00 1.646466255e-01
0.000000000e+00 0.000000000e+00
0.000000000e+00 0.000000000e+00
3.722445369e-01 0.000000000e+00
0.000000000e+00 0.000000000e+00
1.061908305e-01 0.000000000e+00
0.000000000e+00 0.000000000e+00
0.000000000e+00 0.000000000e+00
0.000000000e+00 4.550850987e-01
0.000000000e+00 0.000000000e+00
0.000000000e+00 0.000000000e+00
0.000000000e+00 0.000000000e+00
2.802441716e-01 0.000000000e+00
0.000000000e+00 2.804221511e-01
0.000000000e+00 0.000000000e+00
0.000000000e+00 0.000000000e+00
0.000000000e+00 0.000000000e+00
0.000000000e+00 0.000000000e+00
0.000000000e+00 0.000000000e+00
0.000000000e+00 0.000000000e+00
0.000000000e+00 0.000000000e+00
0.000000000e+00 0.000000000e+00
0.000000000e+00 3.207608461e-01
0.000000000e+00 0.000000000e+00
0.000000000e+00 0.000000000e+00
0.000000000e+00 6.774503738e-02
0.000000000e+00 0.000000000e+00
0.000000000e+00 0.000000000e+00
0.000000000e+00 0.000000000e+00
4.884908348e-02 0.000000000e+00
0.000000000e+00 0.000000000e+00
0.000000000e+00 0.000000000e+00
0.000000000e+00 1.065767109e-01
0.000000000e+00 0.000000000e+00
3.052616417e-01 2.288266420e-01
0.000000000e+00 0.000000000e+00
1.616262645e-01 0.000000000e+00
3.765380979e-01 4.245079160e-01
0.000000000e+00 0.000000000e+00
0.000000000e+00 3.011174798e-01
0.000000000e+00 0.000000000e+00
6.189105287e-02 0.000000000e+00
0.000000000e+00 0.000000000e+00
0.000000000e+00 0.000000000e+00
0.000000000e+00 0.000000000e+00
0.000000000e+00 0.000000000e+00
5.997693539e-02 0.000000000e+00
0.000000000e+00 0.000000000e+00
0.000000000e+00 0.000000000e+00
0.000000000e+00 0.000000000e+00
0.000000000e+00 2.217544988e-02
0.000000000e+00 0.000000000e+00
1.610605717e-01 0.000000000e+00
0.000000000e+00 0.000000000e+00
1.818627417e-01 0.000000000e+00
3.798330724e-01 0.000000000e+00
0.000000000e+00 0.000000000e+00
0.000000000e+00 0.000000000e+00
0.000000000e+00 0.000000000e+00
0.000000000e+00 0.000000000e+00
0.000000000e+00 0.000000000e+00
0.000000000e+00 0.000000000e+00
0.000000000e+00 0.000000000e+00
0.000000000e+00 4.920463860e-01
0.000000000e+00 0.000000000e+00
0.000000000e+00 0.000000000e+00
0.000000000e+00 0.000000000e+00
0.000000000e+00 0.000000000e+00
0.000000000e+00 0.000000000e+00
0.000000000e+00 0.000000000e+00
0.000000000e+00 0.000000000e+00
0.000000000e+00 0.000000000e+00
0.000000000e+00 0.000000000e+00
0.000000000e+00 0.000000000e+00
0.000000000e+00 2.170750648e-01
0.000000000e+00 0.000000000e+00
0.000000000e+00 0.000000000e+00
0.000000000e+00 0.000000000e+00
0.000000000e+00 0.000000000e+00
0.000000000e+00 0.000000000e+00
0.000000000e+00 0.000000000e+00
0.000000000e+00 0.000000000e+00
0.000000000e+00 8.458115160e-02
0.000000000e+00 0.000000000e+00
0.000000000e+00 0.000000000e+00
0.000000000e+00 0.000000000e+00
0.000000000e+00 0.000000000e+00
1.390325837e-02 0.000000000e+00
0.000000000e+00 8.217294514e-02
0.000000000e+00 0.000000000e+00
0.000000000e+00 0.000000000e+00
0.000000000e+00 1.515484899e-01
0.000000000e+00 0.000000000e+00
2.331782505e-02 0.000000000e+00
0.000000000e+00 0.000000000e+00
0.000000000e+00 0.000000000e+00
0.000000000e+00 3.401628435e-01
0.000000000e+00 0.000000000e+00
0.000000000e+00 2.310220897e-01
0.000000000e+00 0.000000000e+00
0.000000000e+00 0.000000000e+00
1.461514533e-01 2.732624412e-01
3.761692345e-01 0.000000000e+00
0.000000000e+00 0.000000000e+00
0.000000000e+00 1.126838773e-01
0.000000000e+00 0.000000000e+00
7.463672161e-01 0.000000000e+00
0.000000000e+00 9.255340695e-02
0.000000000e+00 0.000000000e+00
0.000000000e+00 0.000000000e+00
4.050902789e-04 0.000000000e+00
3.328872845e-02 2.299797088e-01
0.000000000e+00 0.000000000e+00
0.000000000e+00 0.000000000e+00
1.740387529e-01 0.000000000e+00
0.000000000e+00 0.000000000e+00
3.413959146e-01 2.920410931e-01
0.000000000e+00 3.342746198e-01
0.000000000e+00 5.177986622e-01
0.000000000e+00 5.445951223e-01
3.785545379e-02 0.000000000e+00
0.000000000e+00 0.000000000e+00
1.099089622e+00 0.000000000e+00
0.000000000e+00 1.963625103e-02
0.000000000e+00 8.587157726e-02
2.119665891e-01 0.000000000e+00
0.000000000e+00 0.000000000e+00
0.000000000e+00 0.000000000e+00
0.000000000e+00 0.000000000e+00
0.000000000e+00 0.000000000e+00
0.000000000e+00 0.000000000e+00
0.000000000e+00 0.000000000e+00
0.000000000e+00 0.000000000e+00
0.000000000e+00 0.000000000e+00
0.000000000e+00 0.000000000e+00
0.000000000e+00 0.000000000e+00
0.000000000e+00 0.000000000e+00
0.000000000e+00 0.000000000e+00
0.000000000e+00 0.000000000e+00
0.000000000e+00 0.000000000e+00
0.000000000e+00 0.000000000e+00
2.796649933e-01 0.000000000e+00
0.000000000e+00 2.103940248e-01
2.314418256e-01 0.000000000e+00
0.000000000e+00 0.000000000e+00
0.000000000e+00 1.007306501e-01
6.285487860e-02 0.000000000e+00
0.000000000e+00 0.000000000e+00
0.000000000e+00 0.000000000e+00
0.000000000e+00 7.210183144e-01
0.000000000e+00 0.000000000e+00
2.403603308e-02 0.000000000e+00
0.000000000e+00 0.000000000e+00
0.000000000e+00 0.000000000e+00
0.000000000e+00 0.000000000e+00
0.000000000e+00 0.000000000e+00
0.000000000e+00 0.000000000e+00
0.000000000e+00 0.000000000e+00
0.000000000e+00 0.000000000e+00
3.170734644e-01 0.000000000e+00
1.177559346e-01 8.996045589e-01
0.000000000e+00 0.000000000e+00
0.000000000e+00 0.000000000e+00
0.000000000e+00 0.000000000e+00
0.000000000e+00 0.000000000e+00
0.000000000e+00 1.293067634e-01
1.954933107e-01 0.000000000e+00
0.000000000e+00 8.103275299e-02
0.000000000e+00 0.000000000e+00
0.000000000e+00 0.000000000e+00
0.000000000e+00 0.000000000e+00
0.000000000e+00 3.337904513e-01
0.000000000e+00 0.000000000e+00
1.390868681e-03 0.000000000e+00
2.375470400e-01 0.000000000e+00
0.000000000e+00 0.000000000e+00
0.000000000e+00 0.000000000e+00
0.000000000e+00 0.000000000e+00
0.000000000e+00 0.000000000e+00
8.253948689e-01 0.000000000e+00
7.675148547e-02 0.000000000e+00
0.000000000e+00 1.342395246e-01
0.000000000e+00 0.000000000e+00
0.000000000e+00 0.000000000e+00
1.566737294e-01 1.886728108e-01
0.000000000e+00 0.000000000e+00
0.000000000e+00 0.000000000e+00
0.000000000e+00 2.972301841e-01
0.000000000e+00 0.000000000e+00
2.216279507e-01 0.000000000e+00
0.000000000e+00 0.000000000e+00
0.000000000e+00 0.000000000e+00
3.642953187e-02 0.000000000e+00
0.000000000e+00 4.252468944e-01
0.000000000e+00 7.104586065e-02
0.000000000e+00 0.000000000e+00
0.000000000e+00 0.000000000e+00
0.000000000e+00 0.000000000e+00
0.000000000e+00 2.919236124e-01
0.000000000e+00 0.000000000e+00
0.000000000e+00 3.857421279e-01
0.000000000e+00 0.000000000e+00
0.000000000e+00 0.000000000e+00
0.000000000e+00 0.000000000e+00
0.000000000e+00 0.000000000e+00
2.476323098e-01 5.113916937e-03
0.000000000e+00 0.000000000e+00
0.000000000e+00 0.000000000e+00
7.920349389e-02 0.000000000e+00
0.000000000e+00 0.000000000e+00
0.000000000e+00 0.000000000e+00
0.000000000e+00 0.000000000e+00
3.735845685e-01 9.923399240e-02
0.000000000e+00 2.383534461e-01
0.000000000e+00 1.285506785e-01
0.000000000e+00 0.000000000e+00
0.000000000e+00 0.000000000e+00
6.582631916e-02 0.000000000e+00
0.000000000e+00 0.000000000e+00
0.000000000e+00 0.000000000e+00
0.000000000e+00 0.000000000e+00
0.000000000e+00 0.000000000e+00
0.000000000e+00 5.203211308e-02
0.000000000e+00 0.000000000e+00
0.000000000e+00 0.000000000e+00
0.000000000e+00 0.000000000e+00
4.271976352e-01 2.328435481e-01
0.000000000e+00 6.494314671e-01
0.000000000e+00 5.528144240e-01
0.000000000e+00 0.000000000e+00
1.426556557e-01 0.000000000e+00
2.646664083e-01 2.662153244e-01
3.629612625e-01 0.000000000e+00
0.000000000e+00 3.368686885e-02
0.000000000e+00 3.790850043e-01
1.713864058e-01 0.000000000e+00
0.000000000e+00 1.842064112e-01
0.000000000e+00 0.000000000e+00
0.000000000e+00 0.000000000e+00
0.000000000e+00 0.000000000e+00
0.000000000e+00 0.000000000e+00
0.000000000e+00 0.000000000e+00
0.000000000e+00 0.000000000e+00
0.000000000e+00 4.781264365e-01
0.000000000e+00 0.000000000e+00
0.000000000e+00 0.000000000e+00
0.000000000e+00 0.000000000e+00
0.000000000e+00 0.000000000e+00
2.338564396e-01 3.330651224e-01
0.000000000e+00 0.000000000e+00
0.000000000e+00 0.000000000e+00
0.000000000e+00 0.000000000e+00
0.000000000e+00 0.000000000e+00
0.000000000e+00 0.000000000e+00
1.338707656e-01 0.000000000e+00
3.914104030e-02 3.358492553e-01
0.000000000e+00 0.000000000e+00
0.000000000e+00 6.647025794e-02
0.000000000e+00 0.000000000e+00
0.000000000e+00 0.000000000e+00
0.000000000e+00 3.344956040e-01
1.605157405e-01 0.000000000e+00
0.000000000e+00 7.286534458e-02
0.000000000e+00 0.000000000e+00
0.000000000e+00 0.000000000e+00
0.000000000e+00 0.000000000e+00
0.000000000e+00 0.000000000e+00
0.000000000e+00 0.000000000e+00
0.000000000e+00 0.000000000e+00
0.000000000e+00 0.000000000e+00
0.000000000e+00 0.000000000e+00
0.000000000e+00 0.000000000e+00
0.000000000e+00 0.000000000e+00
0.000000000e+00 0.000000000e+00
0.000000000e+00 0.000000000e+00
0.000000000e+00 0.000000000e+00
1.655925512e-01 0.000000000e+00
0.000000000e+00 0.000000000e+00
0.000000000e+00 0.000000000e+00
0.000000000e+00 0.000000000e+00
0.000000000e+00 0.000000000e+00
2.942944765e-01 0.000000000e+00
0.000000000e+00 0.000000000e+00
0.000000000e+00 0.000000000e+00
0.000000000e+00 0.000000000e+00
0.000000000e+00 0.000000000e+00
1.255881637e-01 0.000000000e+00
0.000000000e+00 0.000000000e+00
0.000000000e+00 0.000000000e+00
0.000000000e+00 0.000000000e+00
3.975368291e-02 2.871812582e-01
1.361102015e-01 0.000000000e+00
0.000000000e+00 0.000000000e+00
0.000000000e+00 0.000000000e+00
0.000000000e+00 2.504216041e-03
1.925456077e-01 7.499679923e-02
0.000000000e+00 0.000000000e+00
1.140368432e-01 0.000000000e+00
0.000000000e+00 0.000000000e+00
0.000000000e+00 0.000000000e+00
0.000000000e+00 0.000000000e+00
0.000000000e+00 0.000000000e+00
0.000000000e+00 0.000000000e+00
0.000000000e+00 0.000000000e+00
0.000000000e+00 1.016919464e-01
0.000000000e+00 0.000000000e+00
0.000000000e+00 0.000000000e+00
0.000000000e+00 0.000000000e+00
0.000000000e+00 0.000000000e+00
0.000000000e+00 0.000000000e+00
9.319242090e-03 0.000000000e+00
0.000000000e+00 0.000000000e+00
0.000000000e+00 0.000000000e+00
3.321437538e-01 0.000000000e+00
0.000000000e+00 0.000000000e+00
0.000000000e+00 0.000000000e+00
4.065377116e-01 0.000000000e+00
0.000000000e+00 3.261217475e-01
0.000000000e+00 0.000000000e+00
1.966053694e-01 3.737712279e-02
0.000000000e+00 0.000000000e+00
3.117374778e-01 0.000000000e+00
0.000000000e+00 3.311047554e-01
0.000000000e+00 0.000000000e+00
2.233378440e-01 0.000000000e+00
0.000000000e+00 1.734229922e-02
0.000000000e+00 0.000000000e+00
0.000000000e+00 0.000000000e+00
0.000000000e+00 0.000000000e+00
0.000000000e+00 0.000000000e+00
0.000000000e+00 9.559271485e-02
0.000000000e+00 0.000000000e+00
0.000000000e+00 0.000000000e+00
0.000000000e+00 1.353832483e-01
0.000000000e+00 0.000000000e+00
0.000000000e+00 0.000000000e+00
0.000000000e+00 0.000000000e+00
0.000000000e+00 0.000000000e+00
0.000000000e+00 3.462516963e-01
0.000000000e+00 0.000000000e+00
1.002561375e-01 0.000000000e+00
0.000000000e+00 0.000000000e+00
0.000000000e+00 2.757867277e-01
0.000000000e+00 0.000000000e+00
0.000000000e+00 4.184033256e-03
0.000000000e+00 9.042124450e-02
2.768312991e-01 0.000000000e+00
5.284214616e-01 0.000000000e+00
0.000000000e+00 0.000000000e+00
0.000000000e+00 0.000000000e+00
0.000000000e+00 0.000000000e+00
0.000000000e+00 0.000000000e+00
0.000000000e+00 0.000000000e+00
0.000000000e+00 0.000000000e+00
0.000000000e+00 0.000000000e+00
0.000000000e+00 0.000000000e+00
0.000000000e+00 0.000000000e+00
0.000000000e+00 0.000000000e+00
0.000000000e+00 0.000000000e+00
0.000000000e+00 0.000000000e+00
0.000000000e+00 0.000000000e+00
0.000000000e+00 0.000000000e+00
0.000000000e+00 0.000000000e+00
0.000000000e+00 0.000000000e+00
0.000000000e+00 0.000000000e+00
9.355077054e-04 0.000000000e+00
0.000000000e+00 0.000000000e+00
0.000000000e+00 0.000000000e+00
0.000000000e+00 5.704657435e-01
0.000000000e+00 0.000000000e+00
1.054508165e-01 0.000000000e+00
0.000000000e+00 0.000000000e+00
0.000000000e+00 0.000000000e+00
0.000000000e+00 7.637143135e-01
0.000000000e+00 0.000000000e+00
0.000000000e+00 0.000000000e+00
0.000000000e+00 0.000000000e+00
5.235929489e-01 0.000000000e+00
4.571461082e-01 0.000000000e+00
1.176886708e-01 0.000000000e+00
6.494501233e-02 0.000000000e+00
0.000000000e+00 0.000000000e+00
0.000000000e+00 6.239908338e-01
8.312657475e-01 0.000000000e+00
0.000000000e+00 0.000000000e+00
0.000000000e+00 0.000000000e+00
3.033192456e-01 0.000000000e+00
0.000000000e+00 2.532256246e-01
0.000000000e+00 0.000000000e+00
0.000000000e+00 0.000000000e+00
0.000000000e+00 0.000000000e+00
0.000000000e+00 0.000000000e+00
1.032644138e-01 0.000000000e+00
0.000000000e+00 0.000000000e+00
0.000000000e+00 0.000000000e+00
0.000000000e+00 0.000000000e+00
0.000000000e+00 0.000000000e+00
0.000000000e+00 0.000000000e+00
7.922936231e-02 0.000000000e+00
0.000000000e+00 0.000000000e+00
0.000000000e+00 0.000000000e+00
0.000000000e+00 0.000000000e+00
0.000000000e+00 0.000000000e+00
0.000000000e+00 0.000000000e+00
2.835018933e-01 0.000000000e+00
0.000000000e+00 6.677153520e-03
0.000000000e+00 4.814169183e-02
0.000000000e+00 3.942500651e-01
0.000000000e+00 0.000000000e+00
0.000000000e+00 0.000000000e+00
0.000000000e+00 0.000000000e+00
0.000000000e+00 0.000000000e+00
0.000000000e+00 0.000000000e+00
0.000000000e+00 0.000000000e+00
0.000000000e+00 0.000000000e+00
0.000000000e+00 0.000000000e+00
4.917178750e-01 0.000000000e+00
0.000000000e+00 0.000000000e+00
0.000000000e+00 0.000000000e+00
0.000000000e+00 0.000000000e+00
0.000000000e+00 0.000000000e+00
0.000000000e+00 0.000000000e+00
0.000000000e+00 0.000000000e+00
0.000000000e+00 0.000000000e+00
0.000000000e+00 0.000000000e+00
0.000000000e+00 0.000000000e+00
4.859840870e-02 3.233188093e-01
0.000000000e+00 3.132339334e-03
1.736749858e-01 0.000000000e+00
0.000000000e+00 0.000000000e+00
0.000000000e+00 5.161763355e-02
0.000000000e+00 1.748396009e-01
0.000000000e+00 0.000000000e+00
0.000000000e+00 0.000000000e+00
6.389020011e-03 1.957341880e-01
4.054111242e-01 2.403462231e-01
0.000000000e+00 1.264847368e-01
5.357772112e-02 0.000000000e+00
0.000000000e+00 9.171250463e-01
0.000000000e+00 0.000000000e+00
4.336622357e-01 0.000000000e+00
0.000000000e+00 0.000000000e+00
0.000000000e+00 0.000000000e+00
0.000000000e+00 0.000000000e+00
0.000000000e+00 0.000000000e+00
0.000000000e+00 0.000000000e+00
0.000000000e+00 4.109979272e-01
0.000000000e+00 0.000000000e+00
0.000000000e+00 3.542590141e-01
0.000000000e+00 0.000000000e+00
2.611814439e-01 0.000000000e+00
0.000000000e+00 0.000000000e+00
3.531125141e-03 0.000000000e+00
0.000000000e+00 1.875667088e-02
3.195319772e-01 0.000000000e+00
3.613529801e-01 0.000000000e+00
0.000000000e+00 0.000000000e+00
0.000000000e+00 0.000000000e+00
0.000000000e+00 3.119403869e-02
0.000000000e+00 2.133407891e-01
1.034138631e-02 0.000000000e+00
4.991302849e-04 0.000000000e+00
0.000000000e+00 2.575064898e-01
0.000000000e+00 0.000000000e+00
0.000000000e+00 0.000000000e+00
0.000000000e+00 0.000000000e+00
2.789831460e-01 0.000000000e+00
0.000000000e+00 6.000452861e-02
0.000000000e+00 0.000000000e+00
8.015987277e-02 0.000000000e+00
0.000000000e+00 0.000000000e+00
9.058783054e-01 0.000000000e+00
0.000000000e+00 2.061176896e-01
0.000000000e+00 2.688635886e-01
0.000000000e+00 1.219785288e-01
0.000000000e+00 0.000000000e+00
1.957840919e-01 0.000000000e+00
1.908217520e-01 0.000000000e+00
0.000000000e+00 0.000000000e+00
0.000000000e+00 5.414155126e-01
0.000000000e+00 0.000000000e+00
0.000000000e+00 0.000000000e+00
0.000000000e+00 0.000000000e+00
0.000000000e+00 0.000000000e+00
0.000000000e+00 0.000000000e+00
1.681437343e-01 0.000000000e+00
1.454598457e-01 0.000000000e+00
0.000000000e+00 3.054078519e-01
2.033901215e-02 0.000000000e+00
0.000000000e+00 2.741453350e-01
0.000000000e+00 0.000000000e+00
2.195819914e-01 3.970499709e-02
0.000000000e+00 2.263385803e-01
0.000000000e+00 0.000000000e+00
5.988586545e-01 0.000000000e+00
1.362295151e-01 1.887519807e-01
0.000000000e+00 0.000000000e+00
0.000000000e+00 0.000000000e+00
0.000000000e+00 4.186327755e-01
1.620408595e-01 2.620242238e-01
4.479582608e-01 0.000000000e+00
0.000000000e+00 0.000000000e+00
3.311945498e-01 0.000000000e+00
0.000000000e+00 3.467040509e-02
0.000000000e+00 0.000000000e+00
0.000000000e+00 0.000000000e+00
0.000000000e+00 0.000000000e+00
0.000000000e+00 0.000000000e+00
0.000000000e+00 0.000000000e+00
0.000000000e+00 0.000000000e+00
4.874332249e-01 0.000000000e+00
6.324208528e-02 0.000000000e+00
0.000000000e+00 0.000000000e+00
0.000000000e+00 6.408470124e-02
0.000000000e+00 0.000000000e+00
0.000000000e+00 0.000000000e+00
0.000000000e+00 0.000000000e+00
0.000000000e+00 0.000000000e+00
8.294808120e-02 0.000000000e+00
0.000000000e+00 0.000000000e+00
0.000000000e+00 0.000000000e+00
0.000000000e+00 0.000000000e+00
0.000000000e+00 0.000000000e+00
3.912340403e-01 5.064570904e-01
0.000000000e+00 0.000000000e+00
0.000000000e+00 0.000000000e+00
0.000000000e+00 0.000000000e+00
2.797539346e-02 0.000000000e+00
9.088450074e-01 0.000000000e+00
0.000000000e+00 0.000000000e+00
0.000000000e+00 0.000000000e+00
0.000000000e+00 8.417500556e-02
0.000000000e+00 1.785969883e-01
8.676858544e-01 0.000000000e+00
0.000000000e+00 0.000000000e+00
2.052899450e-01 0.000000000e+00
0.000000000e+00 0.000000000e+00
0.000000000e+00 0.000000000e+00
6.098467857e-02 0.000000000e+00
0.000000000e+00 0.000000000e+00
0.000000000e+00 0.000000000e+00
0.000000000e+00 0.000000000e+00
0.000000000e+00 0.000000000e+00
0.000000000e+00 5.575151443e-01
0.000000000e+00 0.000000000e+00
0.000000000e+00 0.000000000e+00
0.000000000e+00 0.000000000e+00
0.000000000e+00 0.000000000e+00
2.083140314e-01 0.000000000e+00
0.000000000e+00 0.000000000e+00
0.000000000e+00 3.354009390e-01
0.000000000e+00 2.194686383e-01
0.000000000e+00 0.000000000e+00
0.000000000e+00 0.000000000e+00
0.000000000e+00 0.000000000e+00
7.034589350e-02 0.000000000e+00
0.000000000e+00 0.000000000e+00
0.000000000e+00 0.000000000e+00
2.197637409e-01 0.000000000e+00
0.000000000e+00 0.000000000e+00
0.000000000e+00 0.000000000e+00
1.187809110e-01 0.000000000e+00
0.000000000e+00 1.645168662e-01
0.000000000e+00 0.000000000e+00
0.000000000e+00 0.000000000e+00
0.000000000e+00 9.287361056e-02
0.000000000e+00 0.000000000e+00
4.974297807e-02 0.000000000e+00
0.000000000e+00 0.000000000e+00
0.000000000e+00 0.000000000e+00
0.000000000e+00 4.270907119e-02
0.000000000e+00 0.000000000e+00
0.000000000e+00 0.000000000e+00
0.000000000e+00 0.000000000e+00
0.000000000e+00 0.000000000e+00
6.477073580e-02 0.000000000e+00
0.000000000e+00 0.000000000e+00
0.000000000e+00 0.000000000e+00
2.600050531e-02 0.000000000e+00
0.000000000e+00 0.000000000e+00
4.120871052e-02 0.000000000e+00
0.000000000e+00 0.000000000e+00
0.000000000e+00 0.000000000e+00
0.000000000e+00 0.000000000e+00
0.000000000e+00 1.239497066e-01
4.141873717e-01 0.000000000e+00
0.000000000e+00 0.000000000e+00
0.000000000e+00 0.000000000e+00
0.000000000e+00 2.443793863e-01
0.000000000e+00 0.000000000e+00
0.000000000e+00 3.596273959e-01
0.000000000e+00 0.000000000e+00
0.000000000e+00 0.000000000e+00
0.000000000e+00 0.000000000e+00
0.000000000e+00 0.000000000e+00
0.000000000e+00 0.000000000e+00
0.000000000e+00 2.239232510e-01
0.000000000e+00 0.000000000e+00
0.000000000e+00 0.000000000e+00
0.000000000e+00 0.000000000e+00
2.372283638e-01 0.000000000e+00
3.810031414e-01 1.253701150e-01
7.440709323e-02 0.000000000e+00
0.000000000e+00 4.028089941e-01
2.597543001e-01 6.384890676e-01
3.328515887e-01 0.000000000e+00
2.275054008e-01 0.000000000e+00
0.000000000e+00 1.294977069e-01
0.000000000e+00 0.000000000e+00
2.812342048e-01 1.237997636e-01
0.000000000e+00 0.000000000e+00
7.255108356e-01 0.000000000e+00
0.000000000e+00 0.000000000e+00
0.000000000e+00 0.000000000e+00
0.000000000e+00 5.175727010e-01
0.000000000e+00 0.000000000e+00
0.000000000e+00 0.000000000e+00
1.906895190e-01 0.000000000e+00
0.000000000e+00 0.000000000e+00
0.000000000e+00 0.000000000e+00
0.000000000e+00 0.000000000e+00
0.000000000e+00 0.000000000e+00
0.000000000e+00 0.000000000e+00
0.000000000e+00 0.000000000e+00
0.000000000e+00 0.000000000e+00
0.000000000e+00 0.000000000e+00
0.000000000e+00 0.000000000e+00
0.000000000e+00 0.000000000e+00
0.000000000e+00 0.000000000e+00
0.000000000e+00 0.000000000e+00
2.862199545e-01 0.000000000e+00
4.824539274e-02 0.000000000e+00
0.000000000e+00 0.000000000e+00
0.000000000e+00 1.287478209e-01
0.000000000e+00 0.000000000e+00
0.000000000e+00 0.000000000e+00
6.829534471e-02 0.000000000e+00
0.000000000e+00 0.000000000e+00
0.000000000e+00 0.000000000e+00
4.289773479e-02 0.000000000e+00
0.000000000e+00 0.000000000e+00
7.902278751e-02 0.000000000e+00
0.000000000e+00 0.000000000e+00
0.000000000e+00 2.371631190e-02
0.000000000e+00 0.000000000e+00
0.000000000e+00 0.000000000e+00
3.816784546e-02 0.000000000e+00
0.000000000e+00 9.033454210e-02
0.000000000e+00 0.000000000e+00
0.000000000e+00 0.000000000e+00
0.000000000e+00 0.000000000e+00
2.879021764e-01 0.000000000e+00
3.891786933e-01 0.000000000e+00
0.000000000e+00 8.399356008e-01
0.000000000e+00 2.395382375e-01
0.000000000e+00 7.199509442e-02
0.000000000e+00 0.000000000e+00
0.000000000e+00 0.000000000e+00
0.000000000e+00 0.000000000e+00
0.000000000e+00 0.000000000e+00
0.000000000e+00 0.000000000e+00
0.000000000e+00 4.350162446e-01
0.000000000e+00 0.000000000e+00
3.596270084e-01 0.000000000e+00
2.223881632e-01 0.000000000e+00
1.946544647e-01 0.000000000e+00
3.220318556e-01 1.033935100e-01
0.000000000e+00 6.007496119e-01
0.000000000e+00 2.464424968e-01
5.481205508e-02 0.000000000e+00
0.000000000e+00 0.000000000e+00
0.000000000e+00 2.111840695e-01
4.286018014e-01 0.000000000e+00
0.000000000e+00 0.000000000e+00
1.603943855e-01 0.000000000e+00
3.571042120e-01 0.000000000e+00
0.000000000e+00 0.000000000e+00
0.000000000e+00 0.000000000e+00
0.000000000e+00 2.711175978e-01
6.523053050e-01 0.000000000e+00
0.000000000e+00 0.000000000e+00
0.000000000e+00 0.000000000e+00
0.000000000e+00 0.000000000e+00
0.000000000e+00 4.025027156e-03
0.000000000e+00 8.553346246e-02
0.000000000e+00 0.000000000e+00
2.033376545e-01 0.000000000e+00
0.000000000e+00 0.000000000e+00
0.000000000e+00 2.737025321e-01
0.000000000e+00 0.000000000e+00
0.000000000e+00 0.000000000e+00
0.000000000e+00 0.000000000e+00
0.000000000e+00 0.000000000e+00
0.000000000e+00 0.000000000e+00
0.000000000e+00 0.000000000e+00
0.000000000e+00 4.525225163e-01
0.000000000e+00 0.000000000e+00
0.000000000e+00 4.957920685e-02
5.486108363e-02 1.186246499e-01
0.000000000e+00 0.000000000e+00
0.000000000e+00 0.000000000e+00
0.000000000e+00 2.050730586e-01
0.000000000e+00 3.883169591e-01
3.649362922e-01 0.000000000e+00
1.121605933e-01 0.000000000e+00
0.000000000e+00 1.631992459e-01
5.902734995e-01 0.000000000e+00
0.000000000e+00 0.000000000e+00
0.000000000e+00 0.000000000e+00
0.000000000e+00 0.000000000e+00
0.000000000e+00 0.000000000e+00
0.000000000e+00 3.725832999e-01
0.000000000e+00 1.227843687e-01
8.780919760e-02 0.000000000e+00
1.429631263e-01 0.000000000e+00
2.047853172e-01 9.790860116e-02
8.369001746e-02 0.000000000e+00
1.306225955e-01 2.228790522e-01
0.000000000e+00 1.962096989e-01
0.000000000e+00 2.637796104e-01
0.000000000e+00 0.000000000e+00
0.000000000e+00 0.000000000e+00
1.291289479e-01 0.000000000e+00
0.000000000e+00 0.000000000e+00
0.000000000e+00 0.000000000e+00
0.000000000e+00 0.000000000e+00
0.000000000e+00 0.000000000e+00
0.000000000e+00 0.000000000e+00
0.000000000e+00 0.000000000e+00
0.000000000e+00 0.000000000e+00
0.000000000e+00 0.000000000e+00
0.000000000e+00 0.000000000e+00
0.000000000e+00 0.000000000e+00
0.000000000e+00 0.000000000e+00
0.000000000e+00 0.000000000e+00
0.000000000e+00 0.000000000e+00
3.619907498e-01 1.181733459e-01
0.000000000e+00 0.000000000e+00
0.000000000e+00 0.000000000e+00
0.000000000e+00 0.000000000e+00
1.191300303e-01 0.000000000e+00
0.000000000e+00 0.000000000e+00
1.249384135e-01 0.000000000e+00
0.000000000e+00 0.000000000e+00
3.435592949e-01 1.271227747e-01
0.000000000e+00 0.000000000e+00
0.000000000e+00 0.000000000e+00
0.000000000e+00 0.000000000e+00
4.892917722e-02 1.028608680e-01
0.000000000e+00 0.000000000e+00
0.000000000e+00 1.309347600e-01
0.000000000e+00 0.000000000e+00
2.483963370e-01 0.000000000e+00
0.000000000e+00 0.000000000e+00
0.000000000e+00 0.000000000e+00
0.000000000e+00 0.000000000e+00
0.000000000e+00 0.000000000e+00
0.000000000e+00 0.000000000e+00
1.987545937e-01 0.000000000e+00
0.000000000e+00 0.000000000e+00
1.365063041e-01 0.000000000e+00
0.000000000e+00 0.000000000e+00
0.000000000e+00 2.617779747e-02
0.000000000e+00 0.000000000e+00
0.000000000e+00 0.000000000e+00
9.203159064e-02 0.000000000e+00
0.000000000e+00 1.503965557e-01
1.008178387e-02 2.456946857e-02
0.000000000e+00 0.000000000e+00
0.000000000e+00 0.000000000e+00
3.334383667e-01 0.000000000e+00
1.236953512e-01 0.000000000e+00
0.000000000e+00 0.000000000e+00
0.000000000e+00 1.499979384e-02
0.000000000e+00 0.000000000e+00
0.000000000e+00 0.000000000e+00
0.000000000e+00 0.000000000e+00
0.000000000e+00 0.000000000e+00
0.000000000e+00 0.000000000e+00
7.877175510e-02 5.018936396e-01
0.000000000e+00 0.000000000e+00
0.000000000e+00 0.000000000e+00
4.408873618e-01 1.699836738e-02
0.000000000e+00 0.000000000e+00
0.000000000e+00 5.158664584e-01
0.000000000e+00 6.310813129e-03
0.000000000e+00 0.000000000e+00
0.000000000e+00 0.000000000e+00
0.000000000e+00 0.000000000e+00
0.000000000e+00 0.000000000e+00
0.000000000e+00 0.000000000e+00
0.000000000e+00 0.000000000e+00
0.000000000e+00 0.000000000e+00
0.000000000e+00 0.000000000e+00
0.000000000e+00 0.000000000e+00
0.000000000e+00 5.097600222e-01
0.000000000e+00 0.000000000e+00
0.000000000e+00 0.000000000e+00
0.000000000e+00 0.000000000e+00
0.000000000e+00 0.000000000e+00
0.000000000e+00 0.000000000e+00
0.000000000e+00 1.811530627e-02
0.000000000e+00 0.000000000e+00
9.797037840e-01 0.000000000e+00
0.000000000e+00 0.000000000e+00
0.000000000e+00 0.000000000e+00
0.000000000e+00 0.000000000e+00
0.000000000e+00 0.000000000e+00
0.000000000e+00 0.000000000e+00
0.000000000e+00 0.000000000e+00
8.124781400e-02 0.000000000e+00
2.186574638e-01 0.000000000e+00
0.000000000e+00 1.408275068e-01
0.000000000e+00 8.668301255e-02
0.000000000e+00 1.183997244e-01
0.000000000e+00 5.984329060e-02
0.000000000e+00 0.000000000e+00
0.000000000e+00 0.000000000e+00
0.000000000e+00 0.000000000e+00
0.000000000e+00 0.000000000e+00
0.000000000e+00 6.976263970e-02
5.730475858e-02 0.000000000e+00
0.000000000e+00 0.000000000e+00
0.000000000e+00 0.000000000e+00
0.000000000e+00 0.000000000e+00
0.000000000e+00 1.064269058e-02
0.000000000e+00 0.000000000e+00
0.000000000e+00 0.000000000e+00
2.023767978e-01 0.000000000e+00
1.790598384e-03 0.000000000e+00
1.035061553e-01 0.000000000e+00
0.000000000e+00 0.000000000e+00
1.405025572e-01 0.000000000e+00
0.000000000e+00 0.000000000e+00
0.000000000e+00 8.248528242e-01
0.000000000e+00 0.000000000e+00
0.000000000e+00 0.000000000e+00
0.000000000e+00 0.000000000e+00
0.000000000e+00 0.000000000e+00
3.000150993e-02 0.000000000e+00
0.000000000e+00 0.000000000e+00
0.000000000e+00 0.000000000e+00
0.000000000e+00 2.542507052e-01
0.000000000e+00 0.000000000e+00
0.000000000e+00 0.000000000e+00
0.000000000e+00 0.000000000e+00
0.000000000e+00 0.000000000e+00
7.041434050e-01 0.000000000e+00
0.000000000e+00 0.000000000e+00
0.000000000e+00 0.000000000e+00
0.000000000e+00 0.000000000e+00
0.000000000e+00 8.650673926e-02
0.000000000e+00 0.000000000e+00
0.000000000e+00 0.000000000e+00
0.000000000e+00 0.000000000e+00
0.000000000e+00 0.000000000e+00
0.000000000e+00 0.000000000e+00
7.668551407e-04 0.000000000e+00
0.000000000e+00 3.475358188e-01
0.000000000e+00 0.000000000e+00
5.793719292e-01 0.000000000e+00
0.000000000e+00 0.000000000e+00
0.000000000e+00 0.000000000e+00
0.000000000e+00 7.909447700e-02
0.000000000e+00 0.000000000e+00
0.000000000e+00 0.000000000e+00
0.000000000e+00 0.000000000e+00
0.000000000e+00 0.000000000e+00
0.000000000e+00 0.000000000e+00
0.000000000e+00 0.000000000e+00
0.000000000e+00 1.431743614e-02
0.000000000e+00 0.000000000e+00
0.000000000e+00 0.000000000e+00
6.447393913e-03 0.000000000e+00
0.000000000e+00 0.000000000e+00
0.000000000e+00 0.000000000e+00
0.000000000e+00 0.000000000e+00
0.000000000e+00 2.632004321e-01
0.000000000e+00 0.000000000e+00
0.000000000e+00 0.000000000e+00
0.000000000e+00 3.590478301e-01
4.884285331e-01 0.000000000e+00
0.000000000e+00 1.547820717e-01
0.000000000e+00 1.203116998e-01
0.000000000e+00 0.000000000e+00
0.000000000e+00 0.000000000e+00
0.000000000e+00 0.000000000e+00
0.000000000e+00 0.000000000e+00
0.000000000e+00 0.000000000e+00
0.000000000e+00 0.000000000e+00
0.000000000e+00 0.000000000e+00
0.000000000e+00 0.000000000e+00
0.000000000e+00 0.000000000e+00
0.000000000e+00 0.000000000e+00
0.000000000e+00 0.000000000e+00
3.073198497e-01 0.000000000e+00
0.000000000e+00 2.140171081e-01
0.000000000e+00 0.000000000e+00
0.000000000e+00 4.980330914e-02
0.000000000e+00 0.000000000e+00
0.000000000e+00 0.000000000e+00
6.963103265e-02 0.000000000e+00
0.000000000e+00 0.000000000e+00
0.000000000e+00 0.000000000e+00
3.325708210e-01 0.000000000e+00
0.000000000e+00 0.000000000e+00
0.000000000e+00 2.603940666e-01
0.000000000e+00 0.000000000e+00
0.000000000e+00 0.000000000e+00
1.850965619e-01 0.000000000e+00
0.000000000e+00 0.000000000e+00
5.690382794e-02 0.000000000e+00
0.000000000e+00 0.000000000e+00
0.000000000e+00 0.000000000e+00
0.000000000e+00 0.000000000e+00
0.000000000e+00 0.000000000e+00
9.078466147e-02 0.000000000e+00
0.000000000e+00 0.000000000e+00
0.000000000e+00 4.378957152e-01
0.000000000e+00 0.000000000e+00
3.076534569e-01 0.000000000e+00
2.062710077e-01 0.000000000e+00
2.475111037e-01 0.000000000e+00
0.000000000e+00 0.000000000e+00
0.000000000e+00 1.279623155e-02
0.000000000e+00 0.000000000e+00
0.000000000e+00 0.000000000e+00
0.000000000e+00 2.469178736e-01
0.000000000e+00 0.000000000e+00
0.000000000e+00 0.000000000e+00
3.880398571e-01 0.000000000e+00
1.475146972e-03 0.000000000e+00
0.000000000e+00 0.000000000e+00
0.000000000e+00 3.731615096e-02
0.000000000e+00 0.000000000e+00
0.000000000e+00 0.000000000e+00
3.425962031e-01 0.000000000e+00
0.000000000e+00 2.974676527e-02
0.000000000e+00 0.000000000e+00
0.000000000e+00 0.000000000e+00
0.000000000e+00 0.000000000e+00
0.000000000e+00 6.633011997e-02
0.000000000e+00 0.000000000e+00
0.000000000e+00 1.440248638e-01
0.000000000e+00 0.000000000e+00
2.330158353e-01 0.000000000e+00
6.542011499e-01 0.000000000e+00
3.410361409e-01 0.000000000e+00
0.000000000e+00 0.000000000e+00
0.000000000e+00 3.778577447e-01
0.000000000e+00 0.000000000e+00
0.000000000e+00 0.000000000e+00
0.000000000e+00 0.000000000e+00
0.000000000e+00 0.000000000e+00
0.000000000e+00 0.000000000e+00
0.000000000e+00 2.130811512e-01
3.367543221e-02 0.000000000e+00
0.000000000e+00 0.000000000e+00
0.000000000e+00 3.792520165e-01
0.000000000e+00 2.889244072e-02
3.614050746e-01 0.000000000e+00
0.000000000e+00 0.000000000e+00
3.362383842e-01 0.000000000e+00
0.000000000e+00 0.000000000e+00
0.000000000e+00 0.000000000e+00
0.000000000e+00 0.000000000e+00
0.000000000e+00 0.000000000e+00
0.000000000e+00 0.000000000e+00
0.000000000e+00 0.000000000e+00
1.572899371e-01 0.000000000e+00
0.000000000e+00 0.000000000e+00
3.615572453e-01 0.000000000e+00
1.100367978e-01 4.689639509e-01
0.000000000e+00 0.000000000e+00
0.000000000e+00 1.424134970e-01
0.000000000e+00 0.000000000e+00
0.000000000e+00 0.000000000e+00
0.000000000e+00 0.000000000e+00
0.000000000e+00 0.000000000e+00
0.000000000e+00 0.000000000e+00
7.104805112e-02 0.000000000e+00
0.000000000e+00 0.000000000e+00
0.000000000e+00 1.548931301e-01
0.000000000e+00 0.000000000e+00
0.000000000e+00 0.000000000e+00
0.000000000e+00 0.000000000e+00
1.373267174e-01 0.000000000e+00
0.000000000e+00 0.000000000e+00
0.000000000e+00 0.000000000e+00
0.000000000e+00 0.000000000e+00
0.000000000e+00 0.000000000e+00
0.000000000e+00 0.000000000e+00
0.000000000e+00 0.000000000e+00
0.000000000e+00 0.000000000e+00
2.425463200e-01 0.000000000e+00
7.616543770e-02 0.000000000e+00
0.000000000e+00 0.000000000e+00
0.000000000e+00 3.737991452e-01
0.000000000e+00 2.656137943e-01
0.000000000e+00 0.000000000e+00
0.000000000e+00 0.000000000e+00
2.131759748e-02 0.000000000e+00
0.000000000e+00 0.000000000e+00
0.000000000e+00 0.000000000e+00
0.000000000e+00 0.000000000e+00
0.000000000e+00 0.000000000e+00
0.000000000e+00 0.000000000e+00
0.000000000e+00 0.000000000e+00
2.927937545e-02 0.000000000e+00
0.000000000e+00 0.000000000e+00
0.000000000e+00 0.000000000e+00
8.028034866e-02 0.000000000e+00
0.000000000e+00 6.511513889e-02
0.000000000e+00 0.000000000e+00
0.000000000e+00 0.000000000e+00
0.000000000e+00 1.217927188e-01
0.000000000e+00 0.000000000e+00
0.000000000e+00 0.000000000e+00
0.000000000e+00 0.000000000e+00
0.000000000e+00 0.000000000e+00
0.000000000e+00 2.132659554e-01
0.000000000e+00 0.000000000e+00
0.000000000e+00 0.000000000e+00
0.000000000e+00 0.000000000e+00
0.000000000e+00 0.000000000e+00
0.000000000e+00 0.000000000e+00
0.000000000e+00 0.000000000e+00
2.687180974e-02 0.000000000e+00
1.468055695e-01 0.000000000e+00
0.000000000e+00 0.000000000e+00
0.000000000e+00 0.000000000e+00
0.000000000e+00 1.083292905e-02
0.000000000e+00 4.626421034e-01
2.685313225e-01 0.000000000e+00
0.000000000e+00 0.000000000e+00
0.000000000e+00 0.000000000e+00
4.728797451e-02 0.000000000e+00
0.000000000e+00 0.000000000e+00
0.000000000e+00 1.581144631e-01
0.000000000e+00 0.000000000e+00
0.000000000e+00 0.000000000e+00
0.000000000e+00 0.000000000e+00
0.000000000e+00 0.000000000e+00
0.000000000e+00 0.000000000e+00
0.000000000e+00 0.000000000e+00
0.000000000e+00 0.000000000e+00
