1.292541217803955078e+01 1.193966388702392578e+01
1.315443515777587891e+01 1.279496955871582031e+01
1.447095394134521484e+01 1.395062160491943359e+01
1.578185939788818359e+01 1.471518421173095703e+01
1.489687919616699219e+01 1.359965515136718750e+01
1.441135501861572266e+01 1.320760059356689453e+01
1.231581401824951172e+01 1.523264312744140625e+01
1.461674880981445312e+01 1.378920745849609375e+01
1.535876083374023438e+01 1.383314800262451172e+01
1.535756778717041016e+01 1.413422203063964844e+01
1.539033699035644531e+01 1.423602771759033203e+01
1.431604480743408203e+01 1.318969917297363281e+01
1.403975772857666016e+01 1.452276229858398438e+01
1.418629646301269531e+01 1.487321949005126953e+01
1.478227329254150391e+01 1.423286437988281250e+01
1.397391605377197266e+01 1.436579608917236328e+01
1.488927364349365234e+01 1.439236068725585938e+01
1.370767688751220703e+01 1.394821357727050781e+01
1.345676898956298828e+01 1.422316074371337891e+01
1.397873306274414062e+01 1.349682044982910156e+01
1.357734966278076172e+01 1.282280063629150391e+01
1.497339344024658203e+01 1.332547664642333984e+01
1.480723953247070312e+01 1.590378570556640625e+01
1.551966762542724609e+01 1.486085224151611328e+01
1.491596317291259766e+01 1.339209556579589844e+01
1.447931861877441406e+01 1.416628360748291016e+01
1.479667854309082031e+01 1.356784629821777344e+01
1.510353660583496094e+01 1.455443096160888672e+01
1.489628410339355469e+01 1.383203887939453125e+01
1.350109672546386719e+01 1.281986236572265625e+01
1.284393405914306641e+01 1.416279220581054688e+01
1.479024124145507812e+01 1.545120048522949219e+01
1.441136360168457031e+01 1.357962894439697266e+01
1.388430213928222656e+01 1.418068599700927734e+01
1.291707706451416016e+01 1.525505828857421875e+01
1.535672187805175781e+01 1.519586372375488281e+01
1.445180034637451172e+01 1.416574954986572266e+01
1.372245502471923828e+01 1.420489501953125000e+01
1.437669086456298828e+01 1.406193542480468750e+01
1.482077884674072266e+01 1.351265335083007812e+01
1.297865104675292969e+01 1.255581665039062500e+01
1.216960811614990234e+01 1.294760322570800781e+01
1.342271709442138672e+01 1.350526237487792969e+01
1.596724224090576172e+01 1.319296360015869141e+01
1.547776889801025391e+01 1.366843891143798828e+01
1.369417858123779297e+01 1.552731132507324219e+01
1.510032558441162109e+01 1.499110507965087891e+01
1.622112083435058594e+01 1.509634590148925781e+01
1.365482711791992188e+01 1.317795944213867188e+01
1.387394237518310547e+01 1.255034828186035156e+01
1.477036571502685547e+01 1.417548370361328125e+01
1.369096469879150391e+01 1.202472782135009766e+01
1.193738842010498047e+01 1.188677883148193359e+01
1.190085792541503906e+01 1.288378906250000000e+01
1.459576034545898438e+01 1.524591445922851562e+01
1.500080680847167969e+01 1.383520126342773438e+01
1.451365661621093750e+01 1.370261859893798828e+01
1.310287570953369141e+01 1.364250850677490234e+01
1.364336204528808594e+01 1.391776466369628906e+01
1.589373779296875000e+01 1.531763839721679688e+01
1.359779357910156250e+01 1.376527309417724609e+01
1.451480674743652344e+01 1.340147686004638672e+01
1.461818885803222656e+01 1.239880943298339844e+01
1.277679824829101562e+01 1.160118293762207031e+01
1.175996780395507812e+01 1.345376968383789062e+01
1.354401588439941406e+01 1.448114013671875000e+01
1.364668560028076172e+01 1.546164894104003906e+01
1.311914920806884766e+01 1.494009971618652344e+01
1.442094612121582031e+01 1.350420665740966797e+01
1.448221969604492188e+01 1.483042240142822266e+01
1.600539207458496094e+01 1.609385299682617188e+01
1.681197357177734375e+01 1.496063613891601562e+01
1.319735145568847656e+01 1.467000198364257812e+01
1.364598655700683594e+01 1.224797248840332031e+01
1.391123390197753906e+01 1.271092796325683594e+01
1.250458431243896484e+01 1.221752834320068359e+01
1.024245834350585938e+01 1.230158901214599609e+01
1.397512340545654297e+01 1.396493053436279297e+01
1.463345050811767578e+01 1.404068851470947266e+01
1.473005580902099609e+01 1.496732807159423828e+01
1.568641471862792969e+01 1.721615219116210938e+01
1.643444824218750000e+01 1.478316020965576172e+01
1.440933895111083984e+01 1.411951923370361328e+01
1.358588314056396484e+01 1.472618103027343750e+01
1.356796264648437500e+01 1.221325588226318359e+01
1.319595909118652344e+01 1.278579616546630859e+01
1.234060955047607422e+01 1.182082557678222656e+01
1.257418727874755859e+01 1.235942459106445312e+01
1.251506328582763672e+01 1.447927951812744141e+01
1.528728103637695312e+01 1.549237442016601562e+01
1.419335269927978516e+01 1.358204269409179688e+01
1.242894649505615234e+01 1.398077297210693359e+01
1.474283027648925781e+01 1.572951984405517578e+01
1.572700023651123047e+01 1.432626724243164062e+01
1.482374954223632812e+01 1.504684638977050781e+01
1.451216983795166016e+01 1.593798828125000000e+01
1.268293952941894531e+01 1.216578292846679688e+01
1.280521202087402344e+01 1.311785602569580078e+01
1.298905944824218750e+01 1.216227245330810547e+01
1.264195537567138672e+01 1.266296672821044922e+01
1.287505626678466797e+01 1.446437454223632812e+01
1.480525016784667969e+01 1.474089336395263672e+01
1.307257366180419922e+01 1.414619827270507812e+01
1.423047447204589844e+01 1.340310668945312500e+01
1.577674388885498047e+01 1.472677326202392578e+01
1.477348518371582031e+01 1.361463737487792969e+01
1.385339260101318359e+01 1.257763671875000000e+01
1.284436798095703125e+01 1.399582481384277344e+01
1.381988811492919922e+01 1.279682159423828125e+01
1.381352996826171875e+01 1.360187625885009766e+01
1.431897163391113281e+01 1.477647781372070312e+01
1.380206966400146484e+01 1.239924907684326172e+01
1.395593452453613281e+01 1.445986652374267578e+01
1.456298446655273438e+01 1.435913658142089844e+01
1.421359252929687500e+01 1.423790454864501953e+01
1.325554561614990234e+01 1.415816402435302734e+01
1.537858676910400391e+01 1.595511531829833984e+01
1.551242828369140625e+01 1.487644290924072266e+01
1.341051959991455078e+01 1.403321552276611328e+01
1.370878219604492188e+01 1.407661533355712891e+01
1.318913745880126953e+01 1.476768112182617188e+01
1.293580913543701172e+01 1.462713432312011719e+01
1.377050304412841797e+01 1.519500064849853516e+01
1.452012443542480469e+01 1.314102649688720703e+01
1.322295761108398438e+01 1.594193840026855469e+01
1.433944797515869141e+01 1.642126274108886719e+01
1.585240459442138672e+01 1.433976459503173828e+01
1.316761970520019531e+01 1.361801815032958984e+01
1.477245903015136719e+01 1.456621074676513672e+01
1.377173900604248047e+01 1.391150665283203125e+01
1.215623188018798828e+01 1.201674365997314453e+01
1.282041931152343750e+01 1.260989665985107422e+01
1.477991008758544922e+01 1.445244789123535156e+01
1.490000820159912109e+01 1.444987678527832031e+01
1.467009449005126953e+01 1.466089248657226562e+01
1.460054969787597656e+01 1.293388843536376953e+01
1.479980754852294922e+01 1.568788433074951172e+01
1.445264911651611328e+01 1.521718120574951172e+01
1.548233699798583984e+01 1.425497436523437500e+01
1.537911987304687500e+01 1.498967170715332031e+01
1.381449985504150391e+01 1.350516414642333984e+01
1.393086433410644531e+01 1.392392730712890625e+01
1.252730274200439453e+01 1.200243473052978516e+01
1.197540855407714844e+01 1.304952621459960938e+01
1.424803447723388672e+01 1.525475025177001953e+01
1.305248546600341797e+01 1.394626617431640625e+01
1.329532241821289062e+01 1.327959156036376953e+01
1.245281887054443359e+01 1.284389972686767578e+01
1.419593811035156250e+01 1.464072990417480469e+01
1.540998458862304688e+01 1.526459312438964844e+01
1.592015457153320312e+01 1.504307746887207031e+01
1.432699394226074219e+01 1.476229000091552734e+01
1.390853881835937500e+01 1.300030422210693359e+01
1.386431884765625000e+01 1.348572635650634766e+01
1.334875774383544922e+01 1.271804237365722656e+01
1.239055919647216797e+01 1.387865161895751953e+01
1.558006381988525391e+01 1.442526531219482422e+01
1.549969577789306641e+01 1.489536762237548828e+01
1.391925525665283203e+01 1.466086196899414062e+01
1.247852516174316406e+01 1.397137260437011719e+01
1.388450431823730469e+01 1.459727859497070312e+01
1.561168193817138672e+01 1.578302383422851562e+01
1.632743072509765625e+01 1.596683120727539062e+01
1.497411537170410156e+01 1.582642173767089844e+01
1.519781970977783203e+01 1.561016845703125000e+01
1.549141502380371094e+01 1.374356746673583984e+01
1.320654869079589844e+01 1.220524692535400391e+01
1.343587684631347656e+01 1.528370380401611328e+01
1.578005695343017578e+01 1.571327400207519531e+01
1.493776416778564453e+01 1.298968124389648438e+01
1.217003154754638672e+01 1.311321640014648438e+01
1.223853874206542969e+01 1.405985546112060547e+01
1.518293380737304688e+01 1.535894393920898438e+01
1.553478240966796875e+01 1.595885086059570312e+01
1.603335189819335938e+01 1.518152046203613281e+01
1.556919670104980469e+01 1.570912075042724609e+01
1.462319946289062500e+01 1.329196357727050781e+01
1.415218257904052734e+01 1.280659484863281250e+01
1.263654804229736328e+01 1.295921325683593750e+01
1.232981967926025391e+01 1.456340885162353516e+01
1.483091926574707031e+01 1.568421173095703125e+01
1.350981712341308594e+01 1.319031810760498047e+01
1.273460006713867188e+01 1.283247947692871094e+01
1.380665588378906250e+01 1.533155155181884766e+01
1.563982772827148438e+01 1.398716735839843750e+01
1.489443588256835938e+01 1.457625961303710938e+01
1.687426185607910156e+01 1.617311477661132812e+01
1.762974739074707031e+01 1.664670181274414062e+01
1.602322959899902344e+01 1.305151176452636719e+01
1.517261028289794922e+01 1.368462276458740234e+01
1.299776172637939453e+01 1.216259765625000000e+01
1.246608257293701172e+01 1.273187923431396484e+01
1.486757469177246094e+01 1.453921604156494141e+01
1.446289062500000000e+01 1.422947978973388672e+01
1.405621910095214844e+01 1.393354129791259766e+01
1.566620826721191406e+01 1.686198425292968750e+01
1.555787563323974609e+01 1.452097892761230469e+01
1.402932834625244141e+01 1.369833374023437500e+01
1.659506988525390625e+01 1.502955055236816406e+01
1.718317222595214844e+01 1.572602367401123047e+01
1.464430332183837891e+01 1.465847396850585938e+01
1.388886833190917969e+01 1.486939239501953125e+01
1.307147693634033203e+01 1.401599788665771484e+01
1.283661937713623047e+01 1.311260890960693359e+01
1.523775005340576172e+01 1.610412979125976562e+01
1.548462772369384766e+01 1.511414432525634766e+01
1.442757987976074219e+01 1.469066715240478516e+01
1.392612266540527344e+01 1.634099769592285156e+01
1.636565399169921875e+01 1.478383159637451172e+01
1.507364654541015625e+01 1.354280948638916016e+01
1.503280735015869141e+01 1.489469146728515625e+01
1.550698661804199219e+01 1.450779056549072266e+01
1.416563796997070312e+01 1.403072834014892578e+01
1.448034000396728516e+01 1.413734912872314453e+01
1.376352214813232422e+01 1.370283699035644531e+01
1.295169353485107422e+01 1.291326522827148438e+01
1.596805667877197266e+01 1.701557731628417969e+01
1.558001899719238281e+01 1.551685237884521484e+01
1.409905242919921875e+01 1.545611000061035156e+01
1.673019409179687500e+01 1.636729049682617188e+01
1.668008804321289062e+01 1.389717578887939453e+01
1.360911273956298828e+01 1.263034057617187500e+01
1.162178611755371094e+01 1.375613784790039062e+01
1.387817668914794922e+01 1.260583496093750000e+01
1.425544929504394531e+01 1.289170074462890625e+01
1.356859588623046875e+01 1.316951179504394531e+01
1.310712909698486328e+01 1.419436836242675781e+01
1.424008941650390625e+01 1.445019340515136719e+01
1.532525253295898438e+01 1.426695442199707031e+01
1.419377326965332031e+01 1.498325538635253906e+01
1.507698440551757812e+01 1.493535041809082031e+01
1.517590808868408203e+01 1.684331512451171875e+01
1.515361690521240234e+01 1.408979415893554688e+01
1.425666904449462891e+01 1.210444641113281250e+01
1.227748489379882812e+01 1.245141792297363281e+01
1.293853282928466797e+01 1.292158126831054688e+01
1.253529930114746094e+01 1.358758354187011719e+01
1.363699913024902344e+01 1.357024765014648438e+01
1.343191528320312500e+01 1.457185554504394531e+01
1.617318725585937500e+01 1.531024074554443359e+01
1.522699069976806641e+01 1.530517387390136719e+01
1.541954421997070312e+01 1.630197525024414062e+01
1.560957145690917969e+01 1.614219474792480469e+01
1.517446517944335938e+01 1.606097221374511719e+01
1.497190380096435547e+01 1.275047302246093750e+01
1.305661487579345703e+01 1.274794006347656250e+01
1.217964172363281250e+01 1.230960273742675781e+01
1.377562618255615234e+01 1.359974288940429688e+01
1.346980953216552734e+01 1.296063995361328125e+01
1.384535694122314453e+01 1.379275321960449219e+01
1.465099143981933594e+01 1.462614822387695312e+01
1.508237457275390625e+01 1.479519176483154297e+01
1.461862468719482422e+01 1.532808685302734375e+01
1.392842197418212891e+01 1.392704582214355469e+01
1.403717136383056641e+01 1.278119659423828125e+01
1.455895328521728516e+01 1.421707057952880859e+01
1.436631298065185547e+01 1.379984378814697266e+01
1.172747230529785156e+01 1.185967254638671875e+01
1.149590682983398438e+01 1.181549644470214844e+01
1.256940269470214844e+01 1.357613849639892578e+01
1.225708103179931641e+01 1.365798759460449219e+01
1.416421794891357422e+01 1.536124038696289062e+01
1.498022556304931641e+01 1.660013771057128906e+01
1.528287982940673828e+01 1.487418842315673828e+01
1.509266376495361328e+01 1.494060134887695312e+01
1.429187870025634766e+01 1.328482341766357422e+01
1.445791149139404297e+01 1.380070781707763672e+01
1.509497547149658203e+01 1.536019706726074219e+01
1.429953193664550781e+01 1.440913486480712891e+01
1.279778385162353516e+01 1.152135753631591797e+01
1.178283691406250000e+01 1.175628757476806641e+01
1.164164352416992188e+01 1.340312480926513672e+01
1.557538604736328125e+01 1.491074562072753906e+01
1.487953662872314453e+01 1.494403362274169922e+01
1.582162952423095703e+01 1.516235542297363281e+01
1.644981002807617188e+01 1.641476821899414062e+01
1.391160202026367188e+01 1.261062431335449219e+01
1.315224647521972656e+01 1.290166759490966797e+01
1.409454536437988281e+01 1.442278099060058594e+01
1.550630187988281250e+01 1.656096839904785156e+01
1.583539390563964844e+01 1.649671745300292969e+01
1.455748844146728516e+01 1.246627712249755859e+01
1.299257564544677734e+01 1.243584823608398438e+01
1.147144889831542969e+01 1.385365295410156250e+01
1.561437129974365234e+01 1.619445800781250000e+01
1.687633323669433594e+01 1.643217468261718750e+01
1.632224082946777344e+01 1.543215942382812500e+01
1.565797901153564453e+01 1.705079650878906250e+01
1.199049186706542969e+01 1.201375389099121094e+01
1.174951267242431641e+01 1.223015689849853516e+01
1.238174152374267578e+01 1.235490417480468750e+01
1.352121448516845703e+01 1.446037673950195312e+01
1.420239543914794922e+01 1.415317630767822266e+01
1.394103908538818359e+01 1.232119560241699219e+01
1.202483844757080078e+01 1.284698295593261719e+01
1.333546447753906250e+01 1.359738922119140625e+01
1.299840927124023438e+01 1.289123058319091797e+01
1.354099750518798828e+01 1.244768524169921875e+01
1.340432262420654297e+01 1.380461597442626953e+01
1.382204246520996094e+01 1.262762165069580078e+01
1.294330978393554688e+01 1.168845272064208984e+01
1.139113998413085938e+01 1.202416133880615234e+01
1.322129058837890625e+01 1.236952018737792969e+01
1.236948680877685547e+01 1.309383773803710938e+01
1.262101268768310547e+01 1.197632217407226562e+01
1.204102802276611328e+01 1.245590400695800781e+01
1.241435050964355469e+01 1.388866710662841797e+01
1.418703556060791016e+01 1.393014717102050781e+01
1.283308887481689453e+01 1.114485740661621094e+01
1.276893615722656250e+01 1.219721603393554688e+01
1.354801940917968750e+01 1.423242950439453125e+01
1.321877098083496094e+01 1.300760936737060547e+01
1.230657482147216797e+01 1.250014114379882812e+01
1.385579013824462891e+01 1.288633155822753906e+01
1.299413394927978516e+01 1.367859649658203125e+01
1.376773166656494141e+01 1.237280559539794922e+01
1.302721881866455078e+01 1.173779392242431641e+01
1.235781574249267578e+01 1.156846141815185547e+01
1.211854743957519531e+01 1.327414989471435547e+01
1.281604766845703125e+01 1.313854408264160156e+01
1.309382724761962891e+01 1.217675113677978516e+01
1.402075195312500000e+01 1.377725219726562500e+01
1.233953857421875000e+01 1.416406536102294922e+01
1.404572391510009766e+01 1.387505722045898438e+01
1.368360519409179688e+01 1.333745384216308594e+01
1.343702697753906250e+01 1.409607601165771484e+01
1.410529518127441406e+01 1.369757747650146484e+01
1.327240085601806641e+01 1.279160308837890625e+01
1.326033973693847656e+01 1.267268371582031250e+01
1.248732471466064453e+01 1.138048076629638672e+01
1.221214389801025391e+01 1.320806598663330078e+01
1.344894981384277344e+01 1.319597434997558594e+01
1.383050537109375000e+01 1.175467491149902344e+01
1.280129814147949219e+01 1.349965095520019531e+01
1.291332912445068359e+01 1.446647834777832031e+01
1.561177158355712891e+01 1.423987197875976562e+01
1.403414344787597656e+01 1.421254634857177734e+01
1.323968601226806641e+01 1.323972606658935547e+01
1.354483604431152344e+01 1.224665641784667969e+01
1.373769950866699219e+01 1.284095096588134766e+01
1.167335033416748047e+01 1.116113567352294922e+01
1.050109863281250000e+01 1.203857231140136719e+01
1.240777969360351562e+01 1.413595962524414062e+01
1.354320716857910156e+01 1.374435234069824219e+01
1.386694145202636719e+01 1.289280700683593750e+01
1.212471485137939453e+01 1.360569667816162109e+01
1.351513862609863281e+01 1.395329380035400391e+01
1.470328521728515625e+01 1.277982616424560547e+01
1.227109050750732422e+01 1.227678680419921875e+01
1.145289611816406250e+01 1.212946796417236328e+01
1.179788970947265625e+01 1.180266475677490234e+01
1.146059417724609375e+01 1.118120670318603516e+01
1.022972011566162109e+01 1.209289264678955078e+01
1.247017002105712891e+01 1.309820747375488281e+01
1.298053073883056641e+01 1.471132946014404297e+01
1.393248081207275391e+01 1.223295497894287109e+01
1.325345706939697266e+01 1.353139400482177734e+01
1.311491870880126953e+01 1.305828380584716797e+01
1.404729747772216797e+01 1.323693084716796875e+01
1.514708137512207031e+01 1.412599182128906250e+01
1.043978118896484375e+01 1.147898006439208984e+01
1.157555580139160156e+01 1.226182842254638672e+01
1.204230117797851562e+01 1.153246307373046875e+01
1.126391887664794922e+01 1.048556900024414062e+01
1.042165565490722656e+01 1.260876941680908203e+01
1.332974529266357422e+01 1.288960647583007812e+01
1.371324729919433594e+01 1.399732017517089844e+01
1.304982376098632812e+01 1.337611198425292969e+01
1.412448215484619141e+01 1.515462970733642578e+01
1.340542793273925781e+01 1.436383152008056641e+01
1.446947479248046875e+01 1.406294250488281250e+01
1.356162738800048828e+01 1.256352043151855469e+01
1.229951858520507812e+01 1.327612113952636719e+01
1.270173645019531250e+01 1.310185432434082031e+01
1.223285770416259766e+01 1.185205459594726562e+01
1.161646366119384766e+01 1.088936519622802734e+01
1.121880340576171875e+01 1.216530609130859375e+01
1.365269088745117188e+01 1.315242576599121094e+01
1.251911163330078125e+01 1.222842884063720703e+01
1.141023254394531250e+01 1.330209827423095703e+01
1.364990234375000000e+01 1.367366123199462891e+01
1.414985370635986328e+01 1.277344036102294922e+01
1.327962398529052734e+01 1.210030174255371094e+01
1.311373901367187500e+01 1.343029594421386719e+01
1.279198932647705078e+01 1.324400711059570312e+01
1.148461341857910156e+01 1.181275558471679688e+01
1.181372261047363281e+01 1.189065933227539062e+01
1.099303054809570312e+01 1.160873603820800781e+01
1.197253227233886719e+01 1.342340183258056641e+01
1.331336116790771484e+01 1.367045688629150391e+01
1.416083908081054688e+01 1.354113578796386719e+01
1.296546840667724609e+01 1.310721778869628906e+01
1.454433250427246094e+01 1.458665657043457031e+01
1.436263275146484375e+01 1.312804698944091797e+01
1.210605525970458984e+01 1.281218814849853516e+01
1.367449092864990234e+01 1.440048599243164062e+01
1.258799552917480469e+01 1.138465881347656250e+01
1.213986396789550781e+01 1.307726001739501953e+01
1.322326946258544922e+01 1.403485965728759766e+01
1.261662197113037109e+01 1.208891487121582031e+01
1.353567695617675781e+01 1.379187965393066406e+01
1.379546451568603516e+01 1.374570941925048828e+01
1.214051914215087891e+01 1.127491378784179688e+01
1.194282436370849609e+01 1.397307968139648438e+01
1.464052772521972656e+01 1.543012428283691406e+01
1.398730850219726562e+01 1.371443271636962891e+01
1.350873184204101562e+01 1.273424816131591797e+01
1.152167129516601562e+01 1.217298316955566406e+01
1.162497520446777344e+01 1.266538333892822266e+01
1.260619068145751953e+01 1.292345714569091797e+01
1.131386470794677734e+01 1.330504608154296875e+01
1.248081398010253906e+01 1.228417110443115234e+01
1.290446376800537109e+01 1.336260128021240234e+01
1.326768207550048828e+01 1.461623287200927734e+01
1.325943470001220703e+01 1.274717712402343750e+01
1.247498893737792969e+01 1.243492889404296875e+01
1.333285808563232422e+01 1.291222572326660156e+01
1.254183673858642578e+01 1.206982326507568359e+01
1.110150718688964844e+01 1.039905452728271484e+01
1.240936946868896484e+01 1.291951274871826172e+01
1.346244812011718750e+01 1.293796539306640625e+01
1.305902957916259766e+01 1.251763629913330078e+01
1.369744682312011719e+01 1.380024719238281250e+01
1.398029327392578125e+01 1.240763187408447266e+01
1.292745018005371094e+01 1.393974590301513672e+01
1.460592460632324219e+01 1.443517971038818359e+01
1.491678524017333984e+01 1.362919521331787109e+01
1.312999534606933594e+01 1.294974613189697266e+01
1.296819210052490234e+01 1.301749801635742188e+01
1.271615314483642578e+01 1.279384803771972656e+01
1.122018432617187500e+01 1.244103527069091797e+01
1.176703739166259766e+01 1.285318183898925781e+01
1.385951137542724609e+01 1.361848068237304688e+01
1.382073974609375000e+01 1.432677364349365234e+01
1.326381301879882812e+01 1.215277290344238281e+01
1.241732788085937500e+01 1.165628242492675781e+01
1.217324161529541016e+01 1.378916168212890625e+01
1.456116771697998047e+01 1.505949783325195312e+01
1.517270755767822266e+01 1.408582878112792969e+01
1.470274257659912109e+01 1.459046840667724609e+01
1.441647052764892578e+01 1.303826236724853516e+01
1.336604499816894531e+01 1.302982807159423828e+01
1.236497783660888672e+01 1.192554473876953125e+01
1.190721035003662109e+01 1.237119579315185547e+01
1.425120925903320312e+01 1.350732135772705078e+01
1.253966617584228516e+01 1.170824623107910156e+01
1.239348983764648438e+01 1.332765769958496094e+01
1.189112472534179688e+01 1.179379844665527344e+01
1.403644561767578125e+01 1.366382217407226562e+01
1.386028194427490234e+01 1.431369495391845703e+01
1.534314918518066406e+01 1.406192588806152344e+01
1.360743713378906250e+01 1.399795818328857422e+01
1.254049777984619141e+01 1.334109497070312500e+01
1.313365459442138672e+01 1.216106414794921875e+01
1.198845481872558594e+01 1.173860549926757812e+01
1.052448081970214844e+01 1.178558826446533203e+01
1.462235164642333984e+01 1.398630809783935547e+01
1.258298301696777344e+01 1.374938678741455078e+01
1.281304073333740234e+01 1.274759960174560547e+01
1.145505714416503906e+01 1.283697891235351562e+01
1.438444423675537109e+01 1.357913112640380859e+01
1.495913887023925781e+01 1.467630767822265625e+01
1.512386417388916016e+01 1.453708457946777344e+01
1.460750770568847656e+01 1.406901073455810547e+01
1.278505992889404297e+01 1.294093418121337891e+01
1.378813362121582031e+01 1.187476539611816406e+01
1.174071311950683594e+01 1.073806953430175781e+01
1.184826183319091797e+01 1.368558788299560547e+01
1.491518878936767578e+01 1.386880683898925781e+01
1.314368724822998047e+01 1.288819026947021484e+01
1.264385128021240234e+01 1.247556400299072266e+01
1.378546619415283203e+01 1.298193073272705078e+01
1.352046108245849609e+01 1.336595630645751953e+01
1.317870330810546875e+01 1.365794372558593750e+01
1.517798042297363281e+01 1.464508533477783203e+01
1.542792797088623047e+01 1.527242565155029297e+01
1.469584083557128906e+01 1.388591098785400391e+01
1.364586067199707031e+01 1.162553119659423828e+01
1.282538795471191406e+01 1.229720115661621094e+01
1.291632461547851562e+01 1.261837291717529297e+01
1.366460418701171875e+01 1.448521995544433594e+01
1.338416385650634766e+01 1.167405414581298828e+01
1.199521636962890625e+01 1.155587673187255859e+01
1.250588703155517578e+01 1.403499126434326172e+01
1.462189769744873047e+01 1.523754310607910156e+01
1.346957588195800781e+01 1.246458816528320312e+01
1.453716850280761719e+01 1.541935634613037109e+01
1.559227943420410156e+01 1.484828948974609375e+01
1.445096778869628906e+01 1.284655284881591797e+01
1.362668514251708984e+01 1.318495845794677734e+01
1.261488533020019531e+01 1.210832405090332031e+01
1.116937541961669922e+01 1.267945384979248047e+01
1.392774868011474609e+01 1.407962608337402344e+01
1.261024284362792969e+01 1.313620853424072266e+01
1.364921855926513672e+01 1.306416702270507812e+01
1.453052902221679688e+01 1.557524776458740234e+01
1.347718524932861328e+01 1.266514015197753906e+01
1.311188507080078125e+01 1.278090572357177734e+01
1.435122108459472656e+01 1.467044639587402344e+01
1.372853755950927734e+01 1.403627109527587891e+01
1.283012008666992188e+01 1.280049896240234375e+01
1.304363059997558594e+01 1.230973911285400391e+01
1.269771957397460938e+01 1.266381454467773438e+01
1.224977970123291016e+01 1.215718650817871094e+01
1.339042949676513672e+01 1.360174369812011719e+01
1.447350883483886719e+01 1.368582916259765625e+01
1.452485561370849609e+01 1.399408817291259766e+01
1.414795398712158203e+01 1.553801918029785156e+01
1.471413516998291016e+01 1.356597232818603516e+01
1.289157104492187500e+01 1.183516693115234375e+01
1.156480693817138672e+01 1.240066814422607422e+01
1.321818351745605469e+01 1.264430141448974609e+01
1.217854309082031250e+01 1.184754371643066406e+01
1.376250171661376953e+01 1.376336288452148438e+01
1.204177856445312500e+01 1.378159523010253906e+01
1.277970504760742188e+01 1.325434207916259766e+01
1.522605609893798828e+01 1.496447658538818359e+01
1.445469474792480469e+01 1.408197307586669922e+01
1.369041633605957031e+01 1.402900505065917969e+01
1.484108257293701172e+01 1.607145309448242188e+01
1.457724189758300781e+01 1.220339584350585938e+01
1.213339996337890625e+01 1.175114154815673828e+01
1.024881458282470703e+01 1.122060012817382812e+01
1.271891117095947266e+01 1.221381187438964844e+01
1.242964839935302734e+01 1.255919551849365234e+01
1.263695430755615234e+01 1.231724834442138672e+01
1.224220466613769531e+01 1.372626209259033203e+01
1.331353664398193359e+01 1.353157424926757812e+01
1.524470996856689453e+01 1.500106811523437500e+01
1.412985038757324219e+01 1.472604370117187500e+01
1.405900287628173828e+01 1.437416744232177734e+01
1.361548614501953125e+01 1.473175525665283203e+01
1.457661533355712891e+01 1.236060428619384766e+01
1.180098342895507812e+01 1.147932815551757812e+01
1.087760543823242188e+01 1.170074748992919922e+01
1.257189178466796875e+01 1.231045913696289062e+01
1.200479412078857422e+01 1.174265003204345703e+01
1.264562034606933594e+01 1.307556724548339844e+01
1.249995708465576172e+01 1.376031494140625000e+01
1.362893676757812500e+01 1.407980346679687500e+01
1.341282939910888672e+01 1.368421173095703125e+01
1.238578891754150391e+01 1.330055141448974609e+01
1.337380218505859375e+01 1.390401268005371094e+01
1.390279006958007812e+01 1.424945831298828125e+01
1.435409069061279297e+01 1.333319759368896484e+01
1.065958595275878906e+01 1.059373855590820312e+01
1.148542785644531250e+01 1.043291378021240234e+01
1.084519100189208984e+01 1.230528640747070312e+01
1.288138103485107422e+01 1.272278881072998047e+01
1.272822952270507812e+01 1.499662494659423828e+01
1.473839282989501953e+01 1.523493194580078125e+01
1.522268676757812500e+01 1.524914360046386719e+01
1.339687919616699219e+01 1.472438430786132812e+01
1.456744384765625000e+01 1.397897529602050781e+01
1.331171226501464844e+01 1.278035640716552734e+01
1.377666568756103516e+01 1.321365070343017578e+01
1.283815956115722656e+01 1.268388938903808594e+01
1.106470680236816406e+01 9.980609893798828125e+00
1.092931556701660156e+01 1.152198505401611328e+01
1.106536579132080078e+01 1.343467807769775391e+01
1.312125015258789062e+01 1.243841266632080078e+01
1.297423076629638672e+01 1.356346988677978516e+01
1.424180793762207031e+01 1.353718852996826172e+01
1.390530395507812500e+01 1.359520149230957031e+01
1.321719264984130859e+01 1.205376148223876953e+01
1.174532890319824219e+01 1.199780082702636719e+01
1.295384979248046875e+01 1.284173011779785156e+01
1.421532344818115234e+01 1.455140113830566406e+01
1.503410911560058594e+01 1.526796436309814453e+01
1.284704399108886719e+01 1.272917461395263672e+01
1.253904438018798828e+01 1.248701190948486328e+01
1.158070564270019531e+01 1.287268924713134766e+01
1.376013278961181641e+01 1.524792098999023438e+01
1.518538188934326172e+01 1.507513332366943359e+01
1.496626281738281250e+01 1.393845462799072266e+01
1.465922164916992188e+01 1.425092887878417969e+01
1.213930606842041016e+01 1.116732406616210938e+01
1.201218128204345703e+01 1.157593441009521484e+01
1.319899082183837891e+01 1.232028675079345703e+01
1.314292526245117188e+01 1.211815547943115234e+01
1.361122131347656250e+01 1.315047836303710938e+01
1.285899829864501953e+01 1.186607646942138672e+01
1.220282363891601562e+01 1.164369964599609375e+01
1.331466197967529297e+01 1.272839355468750000e+01
1.254774093627929688e+01 1.164897251129150391e+01
1.357544612884521484e+01 1.190678977966308594e+01
1.313250160217285156e+01 1.303565025329589844e+01
1.246089267730712891e+01 1.309400653839111328e+01
1.233579540252685547e+01 1.280070781707763672e+01
1.295677757263183594e+01 1.292097187042236328e+01
1.208029556274414062e+01 1.200135707855224609e+01
1.257271385192871094e+01 1.362030506134033203e+01
1.273243331909179688e+01 1.234501934051513672e+01
1.053391551971435547e+01 1.340990066528320312e+01
1.156136608123779297e+01 1.312782573699951172e+01
1.278768634796142578e+01 1.329809856414794922e+01
1.188334274291992188e+01 1.131674289703369141e+01
1.211563587188720703e+01 1.214338207244873047e+01
1.331974506378173828e+01 1.382809734344482422e+01
1.281860637664794922e+01 1.283507061004638672e+01
1.199023532867431641e+01 1.160699367523193359e+01
1.161424636840820312e+01 1.242564296722412109e+01
1.219685840606689453e+01 1.261700534820556641e+01
1.278026008605957031e+01 1.338716793060302734e+01
1.206104469299316406e+01 1.247742557525634766e+01
1.103825092315673828e+01 1.152772140502929688e+01
1.254452228546142578e+01 1.289249324798583984e+01
1.393367004394531250e+01 1.281347751617431641e+01
1.283704376220703125e+01 1.224954223632812500e+01
1.327633953094482422e+01 1.185575675964355469e+01
1.256382942199707031e+01 1.320472145080566406e+01
1.255917739868164062e+01 1.297549533843994141e+01
1.275762462615966797e+01 1.216167068481445312e+01
1.290039825439453125e+01 1.294657325744628906e+01
1.272891998291015625e+01 1.367710876464843750e+01
1.297140502929687500e+01 1.202236080169677734e+01
1.154878520965576172e+01 1.163332462310791016e+01
1.170990848541259766e+01 1.029482460021972656e+01
1.323510456085205078e+01 1.229246807098388672e+01
1.322311687469482422e+01 1.200921630859375000e+01
1.262310981750488281e+01 1.246954727172851562e+01
1.140886783599853516e+01 1.356560230255126953e+01
1.282642078399658203e+01 1.510732746124267578e+01
1.381143569946289062e+01 1.449752712249755859e+01
1.283561706542968750e+01 1.300841712951660156e+01
1.321871852874755859e+01 1.226874160766601562e+01
1.290445804595947266e+01 1.164089870452880859e+01
1.243814373016357422e+01 1.200914096832275391e+01
1.132787990570068359e+01 1.044100093841552734e+01
1.123138523101806641e+01 1.123813247680664062e+01
1.243587684631347656e+01 1.221489524841308594e+01
1.301340007781982422e+01 1.230910491943359375e+01
1.343869209289550781e+01 1.069373416900634766e+01
1.208103275299072266e+01 1.120982646942138672e+01
1.326033496856689453e+01 1.363750457763671875e+01
1.400885963439941406e+01 1.413688564300537109e+01
1.250375938415527344e+01 1.148391914367675781e+01
1.244244861602783203e+01 1.133158016204833984e+01
1.156334686279296875e+01 1.066468238830566406e+01
1.111511707305908203e+01 1.174798870086669922e+01
1.014180850982666016e+01 1.231115150451660156e+01
1.158049583435058594e+01 1.277561759948730469e+01
1.218032646179199219e+01 1.359179401397705078e+01
1.288509941101074219e+01 1.252198028564453125e+01
1.257180690765380859e+01 1.356699085235595703e+01
1.380533313751220703e+01 1.389233112335205078e+01
1.339169311523437500e+01 1.459652519226074219e+01
1.300460243225097656e+01 1.461513328552246094e+01
1.246197509765625000e+01 1.036655044555664062e+01
1.181847572326660156e+01 1.227551364898681641e+01
1.226485347747802734e+01 1.079197692871093750e+01
1.006514167785644531e+01 1.056764221191406250e+01
9.817143440246582031e+00 1.103890991210937500e+01
1.272817611694335938e+01 1.210235691070556641e+01
1.267893695831298828e+01 1.416600608825683594e+01
1.249219894409179688e+01 1.341352653503417969e+01
1.385697078704833984e+01 1.428296661376953125e+01
1.289047813415527344e+01 1.300498104095458984e+01
1.293688392639160156e+01 1.237578010559082031e+01
1.243922328948974609e+01 1.295782089233398438e+01
1.161429214477539062e+01 1.122796916961669922e+01
1.248619174957275391e+01 1.181025600433349609e+01
1.052732467651367188e+01 1.054350566864013672e+01
9.485136985778808594e+00 1.118248367309570312e+01
1.163044738769531250e+01 1.315137004852294922e+01
1.286172008514404297e+01 1.247216701507568359e+01
1.232783031463623047e+01 1.250189304351806641e+01
1.269383430480957031e+01 1.298961639404296875e+01
1.333962917327880859e+01 1.292590713500976562e+01
1.225160980224609375e+01 1.246882915496826172e+01
1.225942325592041016e+01 1.284173774719238281e+01
1.319734764099121094e+01 1.393829441070556641e+01
1.165462875366210938e+01 1.081354427337646484e+01
1.255607891082763672e+01 1.075736045837402344e+01
1.175394630432128906e+01 1.157543182373046875e+01
1.156218147277832031e+01 9.566126823425292969e+00
1.174783420562744141e+01 1.262193965911865234e+01
1.299566745758056641e+01 1.283498191833496094e+01
1.303061771392822266e+01 1.214177513122558594e+01
1.206363391876220703e+01 1.265959739685058594e+01
1.383787155151367188e+01 1.367667198181152344e+01
1.320834541320800781e+01 1.258319187164306641e+01
1.084268760681152344e+01 1.256375503540039062e+01
1.198244190216064453e+01 1.293191146850585938e+01
1.202434539794921875e+01 1.105787086486816406e+01
1.142732906341552734e+01 1.282169628143310547e+01
1.326056003570556641e+01 1.247257518768310547e+01
1.223670196533203125e+01 1.170057773590087891e+01
1.221514320373535156e+01 1.343325614929199219e+01
1.174808979034423828e+01 1.322409725189208984e+01
1.185886478424072266e+01 1.076552009582519531e+01
1.221305179595947266e+01 1.411430168151855469e+01
1.565302848815917969e+01 1.487133026123046875e+01
1.444533252716064453e+01 1.364660453796386719e+01
1.340277671813964844e+01 1.325888061523437500e+01
1.276581668853759766e+01 1.184479522705078125e+01
1.143737506866455078e+01 1.161489295959472656e+01
1.132228660583496094e+01 1.143287944793701172e+01
1.154531574249267578e+01 1.288973426818847656e+01
1.173255729675292969e+01 1.216345024108886719e+01
1.341494464874267578e+01 1.485964202880859375e+01
1.449225711822509766e+01 1.367988777160644531e+01
1.217648696899414062e+01 1.039076805114746094e+01
1.129282569885253906e+01 1.279425525665283203e+01
1.188573551177978516e+01 1.221802043914794922e+01
1.090053939819335938e+01 1.098823356628417969e+01
1.031730651855468750e+01 1.008084964752197266e+01
1.052322769165039062e+01 1.142337226867675781e+01
1.244207572937011719e+01 1.321403312683105469e+01
1.213515663146972656e+01 1.291180515289306641e+01
1.386999416351318359e+01 1.313949298858642578e+01
1.104263210296630859e+01 1.208984661102294922e+01
1.214294528961181641e+01 1.244055461883544922e+01
1.342804908752441406e+01 1.331292915344238281e+01
1.395426845550537109e+01 1.244275665283203125e+01
1.329677867889404297e+01 1.242067909240722656e+01
1.326344871520996094e+01 1.305040073394775391e+01
1.271307563781738281e+01 1.101534175872802734e+01
1.093847274780273438e+01 9.850011825561523438e+00
1.102086830139160156e+01 1.188889217376708984e+01
1.288461017608642578e+01 1.211881256103515625e+01
1.268016338348388672e+01 1.147619915008544922e+01
1.284088516235351562e+01 1.162549114227294922e+01
1.221101570129394531e+01 1.197331333160400391e+01
1.252456760406494141e+01 1.257893466949462891e+01
1.427958774566650391e+01 1.351093006134033203e+01
1.321758556365966797e+01 1.174740886688232422e+01
1.249001979827880859e+01 1.259305286407470703e+01
1.255603218078613281e+01 1.345570182800292969e+01
1.282518291473388672e+01 1.227160549163818359e+01
1.176098918914794922e+01 1.256230354309082031e+01
1.264391326904296875e+01 1.391556739807128906e+01
1.286599159240722656e+01 1.348134613037109375e+01
1.406253147125244141e+01 1.228228187561035156e+01
1.210318088531494141e+01 1.175775432586669922e+01
1.074470233917236328e+01 1.213247680664062500e+01
1.259837055206298828e+01 1.447608184814453125e+01
1.498960971832275391e+01 1.534387493133544922e+01
1.456524562835693359e+01 1.314365863800048828e+01
1.363786411285400391e+01 1.276664257049560547e+01
1.319474792480468750e+01 1.206498050689697266e+01
1.254858779907226562e+01 1.190297126770019531e+01
1.038606929779052734e+01 1.138761329650878906e+01
1.082195091247558594e+01 1.220616912841796875e+01
1.337279033660888672e+01 1.250701045989990234e+01
1.102290725708007812e+01 1.230824947357177734e+01
1.202689933776855469e+01 1.150823497772216797e+01
1.193635082244873047e+01 1.366477203369140625e+01
1.369896221160888672e+01 1.279517650604248047e+01
1.309868717193603516e+01 1.336255550384521484e+01
1.392189502716064453e+01 1.416251945495605469e+01
1.383435153961181641e+01 1.280167388916015625e+01
1.241860771179199219e+01 1.267078590393066406e+01
1.165094089508056641e+01 1.205287265777587891e+01
1.117010116577148438e+01 1.165969276428222656e+01
1.113600158691406250e+01 1.208083724975585938e+01
1.271737289428710938e+01 1.199857234954833984e+01
1.113826274871826172e+01 1.253911304473876953e+01
1.130123901367187500e+01 1.147803211212158203e+01
1.238549327850341797e+01 1.229627227783203125e+01
1.271465110778808594e+01 1.386913776397705078e+01
1.401914501190185547e+01 1.303898239135742188e+01
1.459069347381591797e+01 1.385191059112548828e+01
1.486654472351074219e+01 1.318582820892333984e+01
1.357596778869628906e+01 1.218244743347167969e+01
1.289669609069824219e+01 1.237559795379638672e+01
1.158461189270019531e+01 1.163897323608398438e+01
1.123823547363281250e+01 1.352589321136474609e+01
1.485393333435058594e+01 1.518707084655761719e+01
1.293043708801269531e+01 1.284654140472412109e+01
1.182757759094238281e+01 1.324557209014892578e+01
1.379482555389404297e+01 1.284593772888183594e+01
1.466592693328857422e+01 1.275778770446777344e+01
1.357763767242431641e+01 1.252930450439453125e+01
1.435032176971435547e+01 1.420420360565185547e+01
1.406226062774658203e+01 1.372782707214355469e+01
1.215744304656982422e+01 1.377392387390136719e+01
1.234145927429199219e+01 1.180215835571289062e+01
1.176630306243896484e+01 1.122533988952636719e+01
1.100796413421630859e+01 1.170322513580322266e+01
1.424049472808837891e+01 1.381878757476806641e+01
1.199153709411621094e+01 1.329658985137939453e+01
1.202852725982666016e+01 1.209384918212890625e+01
1.366414165496826172e+01 1.373208522796630859e+01
1.411063671112060547e+01 1.259881782531738281e+01
1.316000461578369141e+01 1.189207649230957031e+01
1.309193515777587891e+01 1.430987358093261719e+01
1.461135673522949219e+01 1.246059036254882812e+01
1.187003803253173828e+01 1.196092224121093750e+01
1.214895153045654297e+01 1.140165805816650391e+01
1.197353744506835938e+01 1.167653083801269531e+01
1.148011684417724609e+01 1.215920639038085938e+01
1.376732158660888672e+01 1.373034477233886719e+01
1.210068798065185547e+01 1.304409599304199219e+01
1.350956726074218750e+01 1.474453163146972656e+01
1.527109432220458984e+01 1.472445201873779297e+01
1.392425346374511719e+01 1.199485397338867188e+01
1.131124782562255859e+01 1.130418300628662109e+01
1.240609836578369141e+01 1.263509654998779297e+01
1.219237518310546875e+01 1.224421596527099609e+01
1.171560668945312500e+01 1.122646617889404297e+01
1.176926517486572266e+01 1.171559715270996094e+01
1.242294502258300781e+01 1.123189640045166016e+01
1.181645202636718750e+01 1.255735874176025391e+01
1.297607803344726562e+01 1.335397243499755859e+01
1.374227046966552734e+01 1.354569339752197266e+01
1.367684936523437500e+01 1.330642604827880859e+01
1.436713790893554688e+01 1.422865581512451172e+01
1.340034866333007812e+01 1.113317489624023438e+01
1.095831203460693359e+01 1.118998241424560547e+01
1.168569755554199219e+01 1.225096702575683594e+01
1.213870906829833984e+01 1.270994186401367188e+01
1.173316955566406250e+01 1.144258403778076172e+01
1.349365329742431641e+01 1.216957092285156250e+01
1.344425678253173828e+01 1.317209720611572266e+01
1.280975627899169922e+01 1.310266399383544922e+01
1.473629379272460938e+01 1.422531509399414062e+01
1.386755275726318359e+01 1.357015228271484375e+01
1.341802120208740234e+01 1.357812690734863281e+01
1.395041275024414062e+01 1.376343250274658203e+01
1.271975135803222656e+01 1.201868820190429688e+01
1.070419025421142578e+01 1.135453605651855469e+01
1.112900161743164062e+01 1.185574722290039062e+01
1.143042278289794922e+01 1.183329868316650391e+01
1.170307254791259766e+01 1.138402938842773438e+01
1.262951469421386719e+01 1.241925334930419922e+01
1.339188385009765625e+01 1.350695991516113281e+01
1.414290714263916016e+01 1.432031154632568359e+01
1.289020347595214844e+01 1.356633472442626953e+01
1.172179985046386719e+01 1.220667552947998047e+01
1.208952236175537109e+01 1.237394046783447266e+01
1.285093116760253906e+01 1.351615333557128906e+01
1.312694072723388672e+01 1.231089401245117188e+01
1.065328693389892578e+01 9.928950309753417969e+00
1.029066753387451172e+01 9.319950103759765625e+00
9.753531455993652344e+00 1.055437469482421875e+01
1.182873058319091797e+01 1.273261642456054688e+01
1.156314277648925781e+01 1.267905330657958984e+01
1.249581527709960938e+01 1.404088973999023438e+01
1.380883979797363281e+01 1.440544986724853516e+01
1.359038734436035156e+01 1.331551837921142578e+01
1.253497600555419922e+01 1.241764736175537109e+01
1.196905040740966797e+01 1.352442646026611328e+01
1.288098812103271484e+01 1.423224830627441406e+01
1.274202156066894531e+01 1.317649841308593750e+01
9.444850921630859375e+00 9.975427627563476562e+00
1.028036594390869141e+01 1.077332592010498047e+01
1.175434112548828125e+01 1.291720962524414062e+01
1.386476707458496094e+01 1.291599941253662109e+01
1.200687694549560547e+01 1.421987342834472656e+01
1.423808479309082031e+01 1.414561080932617188e+01
1.422460365295410156e+01 1.541246318817138672e+01
1.234891414642333984e+01 1.212551021575927734e+01
1.259239959716796875e+01 1.198653316497802734e+01
1.267613792419433594e+01 1.307476711273193359e+01
1.382116127014160156e+01 1.369613456726074219e+01
1.436069774627685547e+01 1.321704196929931641e+01
1.198051643371582031e+01 1.210728931427001953e+01
1.245826244354248047e+01 1.163557243347167969e+01
1.318748950958251953e+01 1.302864074707031250e+01
1.350006771087646484e+01 1.323346424102783203e+01
1.375796222686767578e+01 1.443478107452392578e+01
1.338893890380859375e+01 1.346094322204589844e+01
1.246379852294921875e+01 1.364488697052001953e+01
1.126473045349121094e+01 1.169756221771240234e+01
1.190466880798339844e+01 1.085035324096679688e+01
1.218753242492675781e+01 1.192831993103027344e+01
1.341024780273437500e+01 1.251469421386718750e+01
1.235491275787353516e+01 1.277272510528564453e+01
1.363435268402099609e+01 1.229392719268798828e+01
1.104726409912109375e+01 1.087053203582763672e+01
1.148042583465576172e+01 1.183305358886718750e+01
1.342283248901367188e+01 1.246391010284423828e+01
1.366865062713623047e+01 1.221400737762451172e+01
1.365650558471679688e+01 1.307206916809082031e+01
1.302351760864257812e+01 1.241273689270019531e+01
1.252824115753173828e+01 1.252521419525146484e+01
1.207762432098388672e+01 1.080132293701171875e+01
1.182091045379638672e+01 1.172245883941650391e+01
1.313529109954833984e+01 1.299643421173095703e+01
1.281704425811767578e+01 1.153198432922363281e+01
9.732162475585937500e+00 1.230387783050537109e+01
1.113793182373046875e+01 1.354773044586181641e+01
1.098181056976318359e+01 1.373376369476318359e+01
1.057747554779052734e+01 1.097282600402832031e+01
1.140772724151611328e+01 1.167230606079101562e+01
1.271434402465820312e+01 1.451680088043212891e+01
1.362386226654052734e+01 1.248695945739746094e+01
1.092614173889160156e+01 1.083393383026123047e+01
9.948378562927246094e+00 1.227612209320068359e+01
1.236037635803222656e+01 1.264529800415039062e+01
1.187944698333740234e+01 1.179691505432128906e+01
1.115355396270751953e+01 1.161279964447021484e+01
1.087849903106689453e+01 1.135966682434082031e+01
1.209534645080566406e+01 1.342847728729248047e+01
1.356052970886230469e+01 1.270460987091064453e+01
1.187871932983398438e+01 1.143956947326660156e+01
1.272924613952636719e+01 1.226358318328857422e+01
1.245089054107666016e+01 1.194597625732421875e+01
1.224205398559570312e+01 1.194229793548583984e+01
1.198651409149169922e+01 1.171698760986328125e+01
1.295767402648925781e+01 1.254764747619628906e+01
1.247145080566406250e+01 1.190427303314208984e+01
1.170363998413085938e+01 1.113193035125732422e+01
1.024024581909179688e+01 1.055386257171630859e+01
1.148602104187011719e+01 1.142596912384033203e+01
1.205907249450683594e+01 1.124747848510742188e+01
1.265225219726562500e+01 1.219812297821044922e+01
1.307842445373535156e+01 1.255035400390625000e+01
1.131092929840087891e+01 1.279138851165771484e+01
1.217330074310302734e+01 1.393167495727539062e+01
1.315432643890380859e+01 1.344932842254638672e+01
1.162019348144531250e+01 1.287563419342041016e+01
1.335756969451904297e+01 1.256915569305419922e+01
1.195927524566650391e+01 1.086294651031494141e+01
1.146790981292724609e+01 1.131134510040283203e+01
1.219395351409912109e+01 1.099332714080810547e+01
1.088124275207519531e+01 1.108669376373291016e+01
1.123464870452880859e+01 1.289460659027099609e+01
1.211787128448486328e+01 1.232021808624267578e+01
1.307044696807861328e+01 1.125538635253906250e+01
1.222655487060546875e+01 1.069218730926513672e+01
1.242589473724365234e+01 1.229822349548339844e+01
1.416636180877685547e+01 1.289313983917236328e+01
1.232112693786621094e+01 1.243367004394531250e+01
1.224927711486816406e+01 1.184231662750244141e+01
1.187290859222412109e+01 1.088440322875976562e+01
1.061797332763671875e+01 1.030846023559570312e+01
1.060373306274414062e+01 1.207058048248291016e+01
1.218023014068603516e+01 1.149531269073486328e+01
1.157359313964843750e+01 1.310534381866455078e+01
1.264154243469238281e+01 1.244155216217041016e+01
1.187174415588378906e+01 1.147282123565673828e+01
1.237273693084716797e+01 1.346645355224609375e+01
1.210015487670898438e+01 1.430945682525634766e+01
1.375759601593017578e+01 1.306803226470947266e+01
1.007783603668212891e+01 1.041733074188232422e+01
9.758217811584472656e+00 1.094424247741699219e+01
1.162654495239257812e+01 1.093581676483154297e+01
1.051484584808349609e+01 1.144841861724853516e+01
1.006057357788085938e+01 1.105988502502441406e+01
1.225438308715820312e+01 1.181592178344726562e+01
1.237721347808837891e+01 1.292638111114501953e+01
1.232350063323974609e+01 1.421221065521240234e+01
1.320588111877441406e+01 1.473944854736328125e+01
1.297011470794677734e+01 1.248068237304687500e+01
1.321251583099365234e+01 1.377014636993408203e+01
1.291905498504638672e+01 1.123564243316650391e+01
1.126075267791748047e+01 1.093432140350341797e+01
1.118972873687744141e+01 1.281164455413818359e+01
1.093517303466796875e+01 1.059252357482910156e+01
1.066222572326660156e+01 1.212638759613037109e+01
1.111192607879638672e+01 1.287184715270996094e+01
1.240363407135009766e+01 1.219448661804199219e+01
1.170671367645263672e+01 1.185939025878906250e+01
1.210415935516357422e+01 1.152752590179443359e+01
1.270021533966064453e+01 1.242702865600585938e+01
1.249675559997558594e+01 1.093452262878417969e+01
1.239181518554687500e+01 1.157302951812744141e+01
1.216685009002685547e+01 1.233137989044189453e+01
1.246630287170410156e+01 1.141881847381591797e+01
1.189608287811279297e+01 1.168982982635498047e+01
1.101693725585937500e+01 1.105625343322753906e+01
1.030618667602539062e+01 9.691038131713867188e+00
1.072462463378906250e+01 1.182336139678955078e+01
1.334646511077880859e+01 1.184402370452880859e+01
1.159486675262451172e+01 1.246629714965820312e+01
1.311479759216308594e+01 1.266666030883789062e+01
1.303701782226562500e+01 1.310054206848144531e+01
1.080949974060058594e+01 1.213677883148193359e+01
1.171965217590332031e+01 1.071073532104492188e+01
1.047514438629150391e+01 1.242468452453613281e+01
1.076532745361328125e+01 1.196995353698730469e+01
1.121591281890869141e+01 1.285251235961914062e+01
1.214579200744628906e+01 1.343518733978271484e+01
1.167451667785644531e+01 1.015185737609863281e+01
1.116065979003906250e+01 1.420239257812500000e+01
1.319815540313720703e+01 1.304764652252197266e+01
1.187596893310546875e+01 1.175697040557861328e+01
1.005940151214599609e+01 1.218276786804199219e+01
1.420430660247802734e+01 1.310060882568359375e+01
1.394161796569824219e+01 1.267898178100585938e+01
1.271312713623046875e+01 1.260357475280761719e+01
1.396525859832763672e+01 1.233636283874511719e+01
1.095763015747070312e+01 1.236002826690673828e+01
1.247630500793457031e+01 1.280937004089355469e+01
1.100354385375976562e+01 1.240452861785888672e+01
1.146014690399169922e+01 1.091449737548828125e+01
1.283112430572509766e+01 1.466217041015625000e+01
1.284667205810546875e+01 1.301113891601562500e+01
1.335729503631591797e+01 1.176854324340820312e+01
1.092812156677246094e+01 1.177279567718505859e+01
1.222688579559326172e+01 1.289203166961669922e+01
1.233160972595214844e+01 1.179533100128173828e+01
9.855544090270996094e+00 9.397611618041992188e+00
1.032041645050048828e+01 1.197489738464355469e+01
1.193102741241455078e+01 1.247753429412841797e+01
1.077307224273681641e+01 1.305863475799560547e+01
1.203126716613769531e+01 1.327749061584472656e+01
1.085487747192382812e+01 1.149669170379638672e+01
1.357007884979248047e+01 1.232956695556640625e+01
1.235738849639892578e+01 1.338129520416259766e+01
1.388643932342529297e+01 1.140118503570556641e+01
1.185490703582763672e+01 1.227597141265869141e+01
1.257140445709228516e+01 1.200230407714843750e+01
1.222257995605468750e+01 1.024353694915771484e+01
9.967685699462890625e+00 9.741550445556640625e+00
1.113154602050781250e+01 1.165363883972167969e+01
1.269564151763916016e+01 1.248933982849121094e+01
1.197251605987548828e+01 1.147901535034179688e+01
1.188195323944091797e+01 1.193021774291992188e+01
1.068457508087158203e+01 1.181682205200195312e+01
1.244192028045654297e+01 1.116080665588378906e+01
1.347901344299316406e+01 1.397307014465332031e+01
1.376266002655029297e+01 1.195850372314453125e+01
1.233361721038818359e+01 1.338877201080322266e+01
1.298066616058349609e+01 1.362260627746582031e+01
1.181229591369628906e+01 1.109131526947021484e+01
1.122890949249267578e+01 1.176018142700195312e+01
1.328169345855712891e+01 1.417261981964111328e+01
1.314732551574707031e+01 1.269164466857910156e+01
1.354026031494140625e+01 1.230732250213623047e+01
1.194167518615722656e+01 1.181339836120605469e+01
1.137275123596191406e+01 1.273325634002685547e+01
1.175842285156250000e+01 1.265102481842041016e+01
1.405618858337402344e+01 1.451563072204589844e+01
1.478483676910400391e+01 1.412799072265625000e+01
1.367304134368896484e+01 1.311204719543457031e+01
1.264364433288574219e+01 1.224032688140869141e+01
1.298247814178466797e+01 1.234695911407470703e+01
1.108621406555175781e+01 1.190000152587890625e+01
1.077207279205322266e+01 1.184275150299072266e+01
1.274977874755859375e+01 1.268504905700683594e+01
1.148034954071044922e+01 1.103028106689453125e+01
1.092250347137451172e+01 1.194283580780029297e+01
1.166251754760742188e+01 1.202143955230712891e+01
1.340490722656250000e+01 1.226272678375244141e+01
1.387726974487304688e+01 1.358185672760009766e+01
1.521026706695556641e+01 1.470727729797363281e+01
1.382677650451660156e+01 1.263705062866210938e+01
1.153627300262451172e+01 1.142287158966064453e+01
1.204154109954833984e+01 1.091313171386718750e+01
1.009245395660400391e+01 9.683029174804687500e+00
1.041455459594726562e+01 1.093869495391845703e+01
1.362664127349853516e+01 1.333072662353515625e+01
1.197778511047363281e+01 1.121341037750244141e+01
1.160236358642578125e+01 1.239263439178466797e+01
1.271523284912109375e+01 1.290388870239257812e+01
1.170426368713378906e+01 1.264984035491943359e+01
1.272273731231689453e+01 1.273613262176513672e+01
1.426716136932373047e+01 1.293449974060058594e+01
1.446049690246582031e+01 1.424218559265136719e+01
1.341626834869384766e+01 1.266250038146972656e+01
1.290039062500000000e+01 1.188363647460937500e+01
1.055195903778076172e+01 1.088913536071777344e+01
1.070889854431152344e+01 1.216342926025390625e+01
1.435159969329833984e+01 1.361650562286376953e+01
1.201615428924560547e+01 1.239022159576416016e+01
1.157959365844726562e+01 1.213546562194824219e+01
1.241912651062011719e+01 1.272116756439208984e+01
1.272564411163330078e+01 1.129369735717773438e+01
1.305018234252929688e+01 1.259556388854980469e+01
1.413490200042724609e+01 1.340938186645507812e+01
1.456694507598876953e+01 1.318153762817382812e+01
1.196557426452636719e+01 1.387901496887207031e+01
1.272782516479492188e+01 1.212766933441162109e+01
1.105683135986328125e+01 1.154084777832031250e+01
1.227488994598388672e+01 1.229860305786132812e+01
1.401345634460449219e+01 1.351836490631103516e+01
1.073679542541503906e+01 1.191955375671386719e+01
1.286191844940185547e+01 1.222624301910400391e+01
1.406779289245605469e+01 1.228838253021240234e+01
1.322186851501464844e+01 1.169417095184326172e+01
1.267536449432373047e+01 1.259237289428710938e+01
1.216506290435791016e+01 1.397205448150634766e+01
1.408024120330810547e+01 1.220747375488281250e+01
1.191801071166992188e+01 1.204397296905517578e+01
1.277907085418701172e+01 1.148913955688476562e+01
1.153760910034179688e+01 1.183367919921875000e+01
1.143364906311035156e+01 1.208563041687011719e+01
1.263864231109619141e+01 1.299473381042480469e+01
1.220787143707275391e+01 1.194095039367675781e+01
1.177072906494140625e+01 1.323085594177246094e+01
1.425860977172851562e+01 1.374711322784423828e+01
1.279481220245361328e+01 1.198403167724609375e+01
1.159739303588867188e+01 1.074990749359130859e+01
1.105493164062500000e+01 1.168416309356689453e+01
1.154194736480712891e+01 1.108337974548339844e+01
1.194903278350830078e+01 1.079935359954833984e+01
1.111671924591064453e+01 1.157973194122314453e+01
1.262836742401123047e+01 1.226469612121582031e+01
1.181969356536865234e+01 1.241941165924072266e+01
1.219973754882812500e+01 1.299179267883300781e+01
1.326296806335449219e+01 1.255995082855224609e+01
1.313868999481201172e+01 1.180308628082275391e+01
1.320969295501708984e+01 1.473868179321289062e+01
1.380823993682861328e+01 1.178609180450439453e+01
1.099220943450927734e+01 1.004615402221679688e+01
1.064447593688964844e+01 1.144720172882080078e+01
1.123476982116699219e+01 1.244920921325683594e+01
1.172873783111572266e+01 1.153320884704589844e+01
1.336851215362548828e+01 1.267952823638916016e+01
1.305482673645019531e+01 1.312316989898681641e+01
1.296265316009521484e+01 1.319883155822753906e+01
1.456969738006591797e+01 1.394328308105468750e+01
1.358744335174560547e+01 1.256836891174316406e+01
1.360159969329833984e+01 1.341892147064208984e+01
1.367749118804931641e+01 1.310336971282958984e+01
1.342769527435302734e+01 1.156401348114013672e+01
9.486136436462402344e+00 1.070528984069824219e+01
9.983703613281250000e+00 1.192717266082763672e+01
1.078149414062500000e+01 1.230306434631347656e+01
1.178581047058105469e+01 1.078252887725830078e+01
1.222552013397216797e+01 1.214300823211669922e+01
1.253651237487792969e+01 1.282321262359619141e+01
1.197475624084472656e+01 1.344431877136230469e+01
1.235046482086181641e+01 1.323828792572021484e+01
1.157809829711914062e+01 1.177887630462646484e+01
1.172600078582763672e+01 1.173230171203613281e+01
1.342026710510253906e+01 1.295411014556884766e+01
1.206072902679443359e+01 1.152962589263916016e+01
1.097682189941406250e+01 9.529506683349609375e+00
1.025560283660888672e+01 9.379024505615234375e+00
1.054786872863769531e+01 1.083805751800537109e+01
1.104576110839843750e+01 1.224138259887695312e+01
1.208597278594970703e+01 1.256557369232177734e+01
1.324725437164306641e+01 1.436599349975585938e+01
1.327049350738525391e+01 1.319499111175537109e+01
1.282433509826660156e+01 1.235044002532958984e+01
1.293475341796875000e+01 1.325983619689941406e+01
1.321764087677001953e+01 1.383104705810546875e+01
1.339034748077392578e+01 1.403774166107177734e+01
1.297189903259277344e+01 1.310598564147949219e+01
1.027837371826171875e+01 9.491248130798339844e+00
8.683324813842773438e+00 1.091646957397460938e+01
1.039541244506835938e+01 1.193334293365478516e+01
1.358907127380371094e+01 1.340468311309814453e+01
1.203033256530761719e+01 1.276322078704833984e+01
1.294328212738037109e+01 1.347272491455078125e+01
1.349577617645263672e+01 1.429600143432617188e+01
1.171704292297363281e+01 1.234073352813720703e+01
1.155557155609130859e+01 1.178479766845703125e+01
1.247163391113281250e+01 1.265190601348876953e+01
1.400144672393798828e+01 1.348933029174804688e+01
1.341257762908935547e+01 1.409128952026367188e+01
1.226301860809326172e+01 1.044251251220703125e+01
1.149562072753906250e+01 1.145893478393554688e+01
1.198843574523925781e+01 1.284298133850097656e+01
1.348319530487060547e+01 1.343858909606933594e+01
1.322379779815673828e+01 1.409539604187011719e+01
1.390267848968505859e+01 1.360112857818603516e+01
1.221810245513916016e+01 1.326889705657958984e+01
