1.991260000000000000e+05 4.903760000000000000e+05
7.816260000000000000e+05 1.072876000000000000e+06
2.015760000000000000e+05 4.978260000000000000e+05
7.940760000000000000e+05 1.090326000000000000e+06
2.040260000000000000e+05 5.052760000000000000e+05
8.065260000000000000e+05 1.107776000000000000e+06
2.064760000000000000e+05 5.127260000000000000e+05
8.189760000000000000e+05 1.125226000000000000e+06
2.089260000000000000e+05 5.201760000000000000e+05
8.314260000000000000e+05 1.142676000000000000e+06
2.113760000000000000e+05 5.276260000000000000e+05
8.438760000000000000e+05 1.160126000000000000e+06
2.138260000000000000e+05 5.350760000000000000e+05
8.563260000000000000e+05 1.177576000000000000e+06
2.162760000000000000e+05 5.425260000000000000e+05
8.687760000000000000e+05 1.195026000000000000e+06
2.187260000000000000e+05 5.499760000000000000e+05
8.812260000000000000e+05 1.212476000000000000e+06
2.211760000000000000e+05 5.574260000000000000e+05
8.936760000000000000e+05 1.229926000000000000e+06
2.236260000000000000e+05 5.648760000000000000e+05
9.061260000000000000e+05 1.247376000000000000e+06
2.260760000000000000e+05 5.723260000000000000e+05
9.185760000000000000e+05 1.264826000000000000e+06
2.285260000000000000e+05 5.797760000000000000e+05
9.310260000000000000e+05 1.282276000000000000e+06
2.309760000000000000e+05 5.872260000000000000e+05
9.434760000000000000e+05 1.299726000000000000e+06
2.334260000000000000e+05 5.946760000000000000e+05
9.559260000000000000e+05 1.317176000000000000e+06
2.358760000000000000e+05 6.021260000000000000e+05
9.683760000000000000e+05 1.334626000000000000e+06
2.383260000000000000e+05 6.095760000000000000e+05
9.808260000000000000e+05 1.352076000000000000e+06
2.407760000000000000e+05 6.170260000000000000e+05
9.932760000000000000e+05 1.369526000000000000e+06
2.432260000000000000e+05 6.244760000000000000e+05
1.005726000000000000e+06 1.386976000000000000e+06
2.456760000000000000e+05 6.319260000000000000e+05
1.018176000000000000e+06 1.404426000000000000e+06
2.481260000000000000e+05 6.393760000000000000e+05
1.030626000000000000e+06 1.421876000000000000e+06
2.505760000000000000e+05 6.468260000000000000e+05
1.043076000000000000e+06 1.439326000000000000e+06
2.530260000000000000e+05 6.542760000000000000e+05
1.055526000000000000e+06 1.456776000000000000e+06
2.554760000000000000e+05 6.617260000000000000e+05
1.067976000000000000e+06 1.474226000000000000e+06
2.677260000000000000e+05 6.989760000000000000e+05
1.130226000000000000e+06 1.561476000000000000e+06
2.701760000000000000e+05 7.064260000000000000e+05
1.142676000000000000e+06 1.578926000000000000e+06
2.726260000000000000e+05 7.138760000000000000e+05
1.155126000000000000e+06 1.596376000000000000e+06
2.750760000000000000e+05 7.213260000000000000e+05
1.167576000000000000e+06 1.613826000000000000e+06
2.775260000000000000e+05 7.287760000000000000e+05
1.180026000000000000e+06 1.631276000000000000e+06
2.799760000000000000e+05 7.362260000000000000e+05
1.192476000000000000e+06 1.648726000000000000e+06
2.824260000000000000e+05 7.436760000000000000e+05
1.204926000000000000e+06 1.666176000000000000e+06
2.848760000000000000e+05 7.511260000000000000e+05
1.217376000000000000e+06 1.683626000000000000e+06
2.873260000000000000e+05 7.585760000000000000e+05
1.229826000000000000e+06 1.701076000000000000e+06
2.897760000000000000e+05 7.660260000000000000e+05
1.242276000000000000e+06 1.718526000000000000e+06
2.922260000000000000e+05 7.734760000000000000e+05
1.254726000000000000e+06 1.735976000000000000e+06
2.946760000000000000e+05 7.809260000000000000e+05
1.267176000000000000e+06 1.753426000000000000e+06
2.971260000000000000e+05 7.883760000000000000e+05
1.279626000000000000e+06 1.770876000000000000e+06
2.995760000000000000e+05 7.958260000000000000e+05
1.292076000000000000e+06 1.788326000000000000e+06
3.020260000000000000e+05 8.032760000000000000e+05
1.304526000000000000e+06 1.805776000000000000e+06
3.044760000000000000e+05 8.107260000000000000e+05
1.316976000000000000e+06 1.823226000000000000e+06
3.069260000000000000e+05 8.181760000000000000e+05
1.329426000000000000e+06 1.840676000000000000e+06
3.093760000000000000e+05 8.256260000000000000e+05
1.341876000000000000e+06 1.858126000000000000e+06
3.118260000000000000e+05 8.330760000000000000e+05
1.354326000000000000e+06 1.875576000000000000e+06
3.142760000000000000e+05 8.405260000000000000e+05
1.366776000000000000e+06 1.893026000000000000e+06
3.167260000000000000e+05 8.479760000000000000e+05
1.379226000000000000e+06 1.910476000000000000e+06
3.191760000000000000e+05 8.554260000000000000e+05
1.391676000000000000e+06 1.927926000000000000e+06
3.216260000000000000e+05 8.628760000000000000e+05
1.404126000000000000e+06 1.945376000000000000e+06
3.240760000000000000e+05 8.703260000000000000e+05
1.416576000000000000e+06 1.962826000000000000e+06
3.363260000000000000e+05 9.075760000000000000e+05
1.478826000000000000e+06 2.050076000000000000e+06
3.387760000000000000e+05 9.150260000000000000e+05
1.491276000000000000e+06 2.067526000000000000e+06
3.412260000000000000e+05 9.224760000000000000e+05
1.503726000000000000e+06 2.084976000000000000e+06
3.436760000000000000e+05 9.299260000000000000e+05
1.516176000000000000e+06 2.102426000000000000e+06
3.461260000000000000e+05 9.373760000000000000e+05
1.528626000000000000e+06 2.119876000000000000e+06
3.485760000000000000e+05 9.448260000000000000e+05
1.541076000000000000e+06 2.137326000000000000e+06
3.510260000000000000e+05 9.522760000000000000e+05
1.553526000000000000e+06 2.154776000000000000e+06
3.534760000000000000e+05 9.597260000000000000e+05
1.565976000000000000e+06 2.172226000000000000e+06
3.559260000000000000e+05 9.671760000000000000e+05
1.578426000000000000e+06 2.189676000000000000e+06
3.583760000000000000e+05 9.746260000000000000e+05
1.590876000000000000e+06 2.207126000000000000e+06
3.608260000000000000e+05 9.820760000000000000e+05
1.603326000000000000e+06 2.224576000000000000e+06
3.632760000000000000e+05 9.895260000000000000e+05
1.615776000000000000e+06 2.242026000000000000e+06
3.657260000000000000e+05 9.969760000000000000e+05
1.628226000000000000e+06 2.259476000000000000e+06
3.681760000000000000e+05 1.004426000000000000e+06
1.640676000000000000e+06 2.276926000000000000e+06
3.706260000000000000e+05 1.011876000000000000e+06
1.653126000000000000e+06 2.294376000000000000e+06
3.730760000000000000e+05 1.019326000000000000e+06
1.665576000000000000e+06 2.311826000000000000e+06
3.755260000000000000e+05 1.026776000000000000e+06
1.678026000000000000e+06 2.329276000000000000e+06
3.779760000000000000e+05 1.034226000000000000e+06
1.690476000000000000e+06 2.346726000000000000e+06
3.804260000000000000e+05 1.041676000000000000e+06
1.702926000000000000e+06 2.364176000000000000e+06
3.828760000000000000e+05 1.049126000000000000e+06
1.715376000000000000e+06 2.381626000000000000e+06
3.853260000000000000e+05 1.056576000000000000e+06
1.727826000000000000e+06 2.399076000000000000e+06
3.877760000000000000e+05 1.064026000000000000e+06
1.740276000000000000e+06 2.416526000000000000e+06
3.902260000000000000e+05 1.071476000000000000e+06
1.752726000000000000e+06 2.433976000000000000e+06
3.926760000000000000e+05 1.078926000000000000e+06
1.765176000000000000e+06 2.451426000000000000e+06
4.049260000000000000e+05 1.116176000000000000e+06
1.827426000000000000e+06 2.538676000000000000e+06
4.073760000000000000e+05 1.123626000000000000e+06
1.839876000000000000e+06 2.556126000000000000e+06
4.098260000000000000e+05 1.131076000000000000e+06
1.852326000000000000e+06 2.573576000000000000e+06
4.122760000000000000e+05 1.138526000000000000e+06
1.864776000000000000e+06 2.591026000000000000e+06
4.147260000000000000e+05 1.145976000000000000e+06
1.877226000000000000e+06 2.608476000000000000e+06
4.171760000000000000e+05 1.153426000000000000e+06
1.889676000000000000e+06 2.625926000000000000e+06
4.196260000000000000e+05 1.160876000000000000e+06
1.902126000000000000e+06 2.643376000000000000e+06
4.220760000000000000e+05 1.168326000000000000e+06
1.914576000000000000e+06 2.660826000000000000e+06
4.245260000000000000e+05 1.175776000000000000e+06
1.927026000000000000e+06 2.678276000000000000e+06
4.269760000000000000e+05 1.183226000000000000e+06
1.939476000000000000e+06 2.695726000000000000e+06
4.294260000000000000e+05 1.190676000000000000e+06
1.951926000000000000e+06 2.713176000000000000e+06
4.318760000000000000e+05 1.198126000000000000e+06
1.964376000000000000e+06 2.730626000000000000e+06
4.343260000000000000e+05 1.205576000000000000e+06
1.976826000000000000e+06 2.748076000000000000e+06
4.367760000000000000e+05 1.213026000000000000e+06
1.989276000000000000e+06 2.765526000000000000e+06
4.392260000000000000e+05 1.220476000000000000e+06
2.001726000000000000e+06 2.782976000000000000e+06
4.416760000000000000e+05 1.227926000000000000e+06
2.014176000000000000e+06 2.800426000000000000e+06
4.441260000000000000e+05 1.235376000000000000e+06
2.026626000000000000e+06 2.817876000000000000e+06
4.465760000000000000e+05 1.242826000000000000e+06
2.039076000000000000e+06 2.835326000000000000e+06
4.490260000000000000e+05 1.250276000000000000e+06
2.051526000000000000e+06 2.852776000000000000e+06
4.514760000000000000e+05 1.257726000000000000e+06
2.063976000000000000e+06 2.870226000000000000e+06
4.539260000000000000e+05 1.265176000000000000e+06
2.076426000000000000e+06 2.887676000000000000e+06
4.563760000000000000e+05 1.272626000000000000e+06
2.088876000000000000e+06 2.905126000000000000e+06
4.588260000000000000e+05 1.280076000000000000e+06
2.101326000000000000e+06 2.922576000000000000e+06
4.612760000000000000e+05 1.287526000000000000e+06
2.113776000000000000e+06 2.940026000000000000e+06
4.735260000000000000e+05 1.324776000000000000e+06
2.176026000000000000e+06 3.027276000000000000e+06
4.759760000000000000e+05 1.332226000000000000e+06
2.188476000000000000e+06 3.044726000000000000e+06
4.784260000000000000e+05 1.339676000000000000e+06
2.200926000000000000e+06 3.062176000000000000e+06
4.808760000000000000e+05 1.347126000000000000e+06
2.213376000000000000e+06 3.079626000000000000e+06
4.833260000000000000e+05 1.354576000000000000e+06
2.225826000000000000e+06 3.097076000000000000e+06
4.857760000000000000e+05 1.362026000000000000e+06
2.238276000000000000e+06 3.114526000000000000e+06
4.882260000000000000e+05 1.369476000000000000e+06
2.250726000000000000e+06 3.131976000000000000e+06
4.906760000000000000e+05 1.376926000000000000e+06
2.263176000000000000e+06 3.149426000000000000e+06
4.931260000000000000e+05 1.384376000000000000e+06
2.275626000000000000e+06 3.166876000000000000e+06
4.955760000000000000e+05 1.391826000000000000e+06
2.288076000000000000e+06 3.184326000000000000e+06
4.980260000000000000e+05 1.399276000000000000e+06
2.300526000000000000e+06 3.201776000000000000e+06
5.004760000000000000e+05 1.406726000000000000e+06
2.312976000000000000e+06 3.219226000000000000e+06
5.029260000000000000e+05 1.414176000000000000e+06
2.325426000000000000e+06 3.236676000000000000e+06
5.053760000000000000e+05 1.421626000000000000e+06
2.337876000000000000e+06 3.254126000000000000e+06
5.078260000000000000e+05 1.429076000000000000e+06
2.350326000000000000e+06 3.271576000000000000e+06
5.102760000000000000e+05 1.436526000000000000e+06
2.362776000000000000e+06 3.289026000000000000e+06
5.127260000000000000e+05 1.443976000000000000e+06
2.375226000000000000e+06 3.306476000000000000e+06
5.151760000000000000e+05 1.451426000000000000e+06
2.387676000000000000e+06 3.323926000000000000e+06
5.176260000000000000e+05 1.458876000000000000e+06
2.400126000000000000e+06 3.341376000000000000e+06
5.200760000000000000e+05 1.466326000000000000e+06
2.412576000000000000e+06 3.358826000000000000e+06
5.225260000000000000e+05 1.473776000000000000e+06
2.425026000000000000e+06 3.376276000000000000e+06
5.249760000000000000e+05 1.481226000000000000e+06
2.437476000000000000e+06 3.393726000000000000e+06
5.274260000000000000e+05 1.488676000000000000e+06
2.449926000000000000e+06 3.411176000000000000e+06
5.298760000000000000e+05 1.496126000000000000e+06
2.462376000000000000e+06 3.428626000000000000e+06
5.421260000000000000e+05 1.533376000000000000e+06
2.524626000000000000e+06 3.515876000000000000e+06
5.445760000000000000e+05 1.540826000000000000e+06
2.537076000000000000e+06 3.533326000000000000e+06
5.470260000000000000e+05 1.548276000000000000e+06
2.549526000000000000e+06 3.550776000000000000e+06
5.494760000000000000e+05 1.555726000000000000e+06
2.561976000000000000e+06 3.568226000000000000e+06
5.519260000000000000e+05 1.563176000000000000e+06
2.574426000000000000e+06 3.585676000000000000e+06
5.543760000000000000e+05 1.570626000000000000e+06
2.586876000000000000e+06 3.603126000000000000e+06
5.568260000000000000e+05 1.578076000000000000e+06
2.599326000000000000e+06 3.620576000000000000e+06
5.592760000000000000e+05 1.585526000000000000e+06
2.611776000000000000e+06 3.638026000000000000e+06
5.617260000000000000e+05 1.592976000000000000e+06
2.624226000000000000e+06 3.655476000000000000e+06
5.641760000000000000e+05 1.600426000000000000e+06
2.636676000000000000e+06 3.672926000000000000e+06
5.666260000000000000e+05 1.607876000000000000e+06
2.649126000000000000e+06 3.690376000000000000e+06
5.690760000000000000e+05 1.615326000000000000e+06
2.661576000000000000e+06 3.707826000000000000e+06
5.715260000000000000e+05 1.622776000000000000e+06
2.674026000000000000e+06 3.725276000000000000e+06
5.739760000000000000e+05 1.630226000000000000e+06
2.686476000000000000e+06 3.742726000000000000e+06
5.764260000000000000e+05 1.637676000000000000e+06
2.698926000000000000e+06 3.760176000000000000e+06
5.788760000000000000e+05 1.645126000000000000e+06
2.711376000000000000e+06 3.777626000000000000e+06
5.813260000000000000e+05 1.652576000000000000e+06
2.723826000000000000e+06 3.795076000000000000e+06
5.837760000000000000e+05 1.660026000000000000e+06
2.736276000000000000e+06 3.812526000000000000e+06
5.862260000000000000e+05 1.667476000000000000e+06
2.748726000000000000e+06 3.829976000000000000e+06
5.886760000000000000e+05 1.674926000000000000e+06
2.761176000000000000e+06 3.847426000000000000e+06
5.911260000000000000e+05 1.682376000000000000e+06
2.773626000000000000e+06 3.864876000000000000e+06
5.935760000000000000e+05 1.689826000000000000e+06
2.786076000000000000e+06 3.882326000000000000e+06
5.960260000000000000e+05 1.697276000000000000e+06
2.798526000000000000e+06 3.899776000000000000e+06
5.984760000000000000e+05 1.704726000000000000e+06
2.810976000000000000e+06 3.917226000000000000e+06
6.107260000000000000e+05 1.741976000000000000e+06
2.873226000000000000e+06 4.004476000000000000e+06
6.131760000000000000e+05 1.749426000000000000e+06
2.885676000000000000e+06 4.021926000000000000e+06
6.156260000000000000e+05 1.756876000000000000e+06
2.898126000000000000e+06 4.039376000000000000e+06
6.180760000000000000e+05 1.764326000000000000e+06
2.910576000000000000e+06 4.056826000000000000e+06
6.205260000000000000e+05 1.771776000000000000e+06
2.923026000000000000e+06 4.074276000000000000e+06
6.229760000000000000e+05 1.779226000000000000e+06
2.935476000000000000e+06 4.091726000000000000e+06
6.254260000000000000e+05 1.786676000000000000e+06
2.947926000000000000e+06 4.109176000000000000e+06
6.278760000000000000e+05 1.794126000000000000e+06
2.960376000000000000e+06 4.126626000000000000e+06
6.303260000000000000e+05 1.801576000000000000e+06
2.972826000000000000e+06 4.144076000000000000e+06
6.327760000000000000e+05 1.809026000000000000e+06
2.985276000000000000e+06 4.161526000000000000e+06
6.352260000000000000e+05 1.816476000000000000e+06
2.997726000000000000e+06 4.178976000000000000e+06
6.376760000000000000e+05 1.823926000000000000e+06
3.010176000000000000e+06 4.196426000000000000e+06
6.401260000000000000e+05 1.831376000000000000e+06
3.022626000000000000e+06 4.213876000000000000e+06
6.425760000000000000e+05 1.838826000000000000e+06
3.035076000000000000e+06 4.231326000000000000e+06
6.450260000000000000e+05 1.846276000000000000e+06
3.047526000000000000e+06 4.248776000000000000e+06
6.474760000000000000e+05 1.853726000000000000e+06
3.059976000000000000e+06 4.266226000000000000e+06
6.499260000000000000e+05 1.861176000000000000e+06
3.072426000000000000e+06 4.283676000000000000e+06
6.523760000000000000e+05 1.868626000000000000e+06
3.084876000000000000e+06 4.301126000000000000e+06
6.548260000000000000e+05 1.876076000000000000e+06
3.097326000000000000e+06 4.318576000000000000e+06
6.572760000000000000e+05 1.883526000000000000e+06
3.109776000000000000e+06 4.336026000000000000e+06
6.597260000000000000e+05 1.890976000000000000e+06
3.122226000000000000e+06 4.353476000000000000e+06
6.621760000000000000e+05 1.898426000000000000e+06
3.134676000000000000e+06 4.370926000000000000e+06
6.646260000000000000e+05 1.905876000000000000e+06
3.147126000000000000e+06 4.388376000000000000e+06
6.670760000000000000e+05 1.913326000000000000e+06
3.159576000000000000e+06 4.405826000000000000e+06
6.793260000000000000e+05 1.950576000000000000e+06
3.221826000000000000e+06 4.493076000000000000e+06
6.817760000000000000e+05 1.958026000000000000e+06
3.234276000000000000e+06 4.510526000000000000e+06
6.842260000000000000e+05 1.965476000000000000e+06
3.246726000000000000e+06 4.527976000000000000e+06
6.866760000000000000e+05 1.972926000000000000e+06
3.259176000000000000e+06 4.545426000000000000e+06
6.891260000000000000e+05 1.980376000000000000e+06
3.271626000000000000e+06 4.562876000000000000e+06
6.915760000000000000e+05 1.987826000000000000e+06
3.284076000000000000e+06 4.580326000000000000e+06
6.940260000000000000e+05 1.995276000000000000e+06
3.296526000000000000e+06 4.597776000000000000e+06
6.964760000000000000e+05 2.002726000000000000e+06
3.308976000000000000e+06 4.615226000000000000e+06
6.989260000000000000e+05 2.010176000000000000e+06
3.321426000000000000e+06 4.632676000000000000e+06
7.013760000000000000e+05 2.017626000000000000e+06
3.333876000000000000e+06 4.650126000000000000e+06
7.038260000000000000e+05 2.025076000000000000e+06
3.346326000000000000e+06 4.667576000000000000e+06
7.062760000000000000e+05 2.032526000000000000e+06
3.358776000000000000e+06 4.685026000000000000e+06
7.087260000000000000e+05 2.039976000000000000e+06
3.371226000000000000e+06 4.702476000000000000e+06
7.111760000000000000e+05 2.047426000000000000e+06
3.383676000000000000e+06 4.719926000000000000e+06
7.136260000000000000e+05 2.054876000000000000e+06
3.396126000000000000e+06 4.737376000000000000e+06
7.160760000000000000e+05 2.062326000000000000e+06
3.408576000000000000e+06 4.754826000000000000e+06
7.185260000000000000e+05 2.069776000000000000e+06
3.421026000000000000e+06 4.772276000000000000e+06
7.209760000000000000e+05 2.077226000000000000e+06
3.433476000000000000e+06 4.789726000000000000e+06
7.234260000000000000e+05 2.084676000000000000e+06
3.445926000000000000e+06 4.807176000000000000e+06
7.258760000000000000e+05 2.092126000000000000e+06
3.458376000000000000e+06 4.824626000000000000e+06
7.283260000000000000e+05 2.099576000000000000e+06
3.470826000000000000e+06 4.842076000000000000e+06
7.307760000000000000e+05 2.107026000000000000e+06
3.483276000000000000e+06 4.859526000000000000e+06
7.332260000000000000e+05 2.114476000000000000e+06
3.495726000000000000e+06 4.876976000000000000e+06
7.356760000000000000e+05 2.121926000000000000e+06
3.508176000000000000e+06 4.894426000000000000e+06
7.479260000000000000e+05 2.159176000000000000e+06
3.570426000000000000e+06 4.981676000000000000e+06
7.503760000000000000e+05 2.166626000000000000e+06
3.582876000000000000e+06 4.999126000000000000e+06
7.528260000000000000e+05 2.174076000000000000e+06
3.595326000000000000e+06 5.016576000000000000e+06
7.552760000000000000e+05 2.181526000000000000e+06
3.607776000000000000e+06 5.034026000000000000e+06
7.577260000000000000e+05 2.188976000000000000e+06
3.620226000000000000e+06 5.051476000000000000e+06
7.601760000000000000e+05 2.196426000000000000e+06
3.632676000000000000e+06 5.068926000000000000e+06
7.626260000000000000e+05 2.203876000000000000e+06
3.645126000000000000e+06 5.086376000000000000e+06
7.650760000000000000e+05 2.211326000000000000e+06
3.657576000000000000e+06 5.103826000000000000e+06
7.675260000000000000e+05 2.218776000000000000e+06
3.670026000000000000e+06 5.121276000000000000e+06
7.699760000000000000e+05 2.226226000000000000e+06
3.682476000000000000e+06 5.138726000000000000e+06
7.724260000000000000e+05 2.233676000000000000e+06
3.694926000000000000e+06 5.156176000000000000e+06
7.748760000000000000e+05 2.241126000000000000e+06
3.707376000000000000e+06 5.173626000000000000e+06
7.773260000000000000e+05 2.248576000000000000e+06
3.719826000000000000e+06 5.191076000000000000e+06
7.797760000000000000e+05 2.256026000000000000e+06
3.732276000000000000e+06 5.208526000000000000e+06
7.822260000000000000e+05 2.263476000000000000e+06
3.744726000000000000e+06 5.225976000000000000e+06
7.846760000000000000e+05 2.270926000000000000e+06
3.757176000000000000e+06 5.243426000000000000e+06
7.871260000000000000e+05 2.278376000000000000e+06
3.769626000000000000e+06 5.260876000000000000e+06
7.895760000000000000e+05 2.285826000000000000e+06
3.782076000000000000e+06 5.278326000000000000e+06
7.920260000000000000e+05 2.293276000000000000e+06
3.794526000000000000e+06 5.295776000000000000e+06
7.944760000000000000e+05 2.300726000000000000e+06
3.806976000000000000e+06 5.313226000000000000e+06
7.969260000000000000e+05 2.308176000000000000e+06
3.819426000000000000e+06 5.330676000000000000e+06
7.993760000000000000e+05 2.315626000000000000e+06
3.831876000000000000e+06 5.348126000000000000e+06
8.018260000000000000e+05 2.323076000000000000e+06
3.844326000000000000e+06 5.365576000000000000e+06
8.042760000000000000e+05 2.330526000000000000e+06
3.856776000000000000e+06 5.383026000000000000e+06
8.165260000000000000e+05 2.367776000000000000e+06
3.919026000000000000e+06 5.470276000000000000e+06
8.189760000000000000e+05 2.375226000000000000e+06
3.931476000000000000e+06 5.487726000000000000e+06
8.214260000000000000e+05 2.382676000000000000e+06
3.943926000000000000e+06 5.505176000000000000e+06
8.238760000000000000e+05 2.390126000000000000e+06
3.956376000000000000e+06 5.522626000000000000e+06
8.263260000000000000e+05 2.397576000000000000e+06
3.968826000000000000e+06 5.540076000000000000e+06
8.287760000000000000e+05 2.405026000000000000e+06
3.981276000000000000e+06 5.557526000000000000e+06
8.312260000000000000e+05 2.412476000000000000e+06
3.993726000000000000e+06 5.574976000000000000e+06
8.336760000000000000e+05 2.419926000000000000e+06
4.006176000000000000e+06 5.592426000000000000e+06
8.361260000000000000e+05 2.427376000000000000e+06
4.018626000000000000e+06 5.609876000000000000e+06
8.385760000000000000e+05 2.434826000000000000e+06
4.031076000000000000e+06 5.627326000000000000e+06
8.410260000000000000e+05 2.442276000000000000e+06
4.043526000000000000e+06 5.644776000000000000e+06
8.434760000000000000e+05 2.449726000000000000e+06
4.055976000000000000e+06 5.662226000000000000e+06
8.459260000000000000e+05 2.457176000000000000e+06
4.068426000000000000e+06 5.679676000000000000e+06
8.483760000000000000e+05 2.464626000000000000e+06
4.080876000000000000e+06 5.697126000000000000e+06
8.508260000000000000e+05 2.472076000000000000e+06
4.093326000000000000e+06 5.714576000000000000e+06
8.532760000000000000e+05 2.479526000000000000e+06
4.105776000000000000e+06 5.732026000000000000e+06
8.557260000000000000e+05 2.486976000000000000e+06
4.118226000000000000e+06 5.749476000000000000e+06
8.581760000000000000e+05 2.494426000000000000e+06
4.130676000000000000e+06 5.766926000000000000e+06
8.606260000000000000e+05 2.501876000000000000e+06
4.143126000000000000e+06 5.784376000000000000e+06
8.630760000000000000e+05 2.509326000000000000e+06
4.155576000000000000e+06 5.801826000000000000e+06
8.655260000000000000e+05 2.516776000000000000e+06
4.168026000000000000e+06 5.819276000000000000e+06
8.679760000000000000e+05 2.524226000000000000e+06
4.180476000000000000e+06 5.836726000000000000e+06
8.704260000000000000e+05 2.531676000000000000e+06
4.192926000000000000e+06 5.854176000000000000e+06
8.728760000000000000e+05 2.539126000000000000e+06
4.205376000000000000e+06 5.871626000000000000e+06
8.851260000000000000e+05 2.576376000000000000e+06
4.267626000000000000e+06 5.958876000000000000e+06
8.875760000000000000e+05 2.583826000000000000e+06
4.280076000000000000e+06 5.976326000000000000e+06
8.900260000000000000e+05 2.591276000000000000e+06
4.292526000000000000e+06 5.993776000000000000e+06
8.924760000000000000e+05 2.598726000000000000e+06
4.304976000000000000e+06 6.011226000000000000e+06
8.949260000000000000e+05 2.606176000000000000e+06
4.317426000000000000e+06 6.028676000000000000e+06
8.973760000000000000e+05 2.613626000000000000e+06
4.329876000000000000e+06 6.046126000000000000e+06
8.998260000000000000e+05 2.621076000000000000e+06
4.342326000000000000e+06 6.063576000000000000e+06
9.022760000000000000e+05 2.628526000000000000e+06
4.354776000000000000e+06 6.081026000000000000e+06
9.047260000000000000e+05 2.635976000000000000e+06
4.367226000000000000e+06 6.098476000000000000e+06
9.071760000000000000e+05 2.643426000000000000e+06
4.379676000000000000e+06 6.115926000000000000e+06
9.096260000000000000e+05 2.650876000000000000e+06
4.392126000000000000e+06 6.133376000000000000e+06
9.120760000000000000e+05 2.658326000000000000e+06
4.404576000000000000e+06 6.150826000000000000e+06
9.145260000000000000e+05 2.665776000000000000e+06
4.417026000000000000e+06 6.168276000000000000e+06
9.169760000000000000e+05 2.673226000000000000e+06
4.429476000000000000e+06 6.185726000000000000e+06
9.194260000000000000e+05 2.680676000000000000e+06
4.441926000000000000e+06 6.203176000000000000e+06
9.218760000000000000e+05 2.688126000000000000e+06
4.454376000000000000e+06 6.220626000000000000e+06
9.243260000000000000e+05 2.695576000000000000e+06
4.466826000000000000e+06 6.238076000000000000e+06
9.267760000000000000e+05 2.703026000000000000e+06
4.479276000000000000e+06 6.255526000000000000e+06
9.292260000000000000e+05 2.710476000000000000e+06
4.491726000000000000e+06 6.272976000000000000e+06
9.316760000000000000e+05 2.717926000000000000e+06
4.504176000000000000e+06 6.290426000000000000e+06
9.341260000000000000e+05 2.725376000000000000e+06
4.516626000000000000e+06 6.307876000000000000e+06
9.365760000000000000e+05 2.732826000000000000e+06
4.529076000000000000e+06 6.325326000000000000e+06
9.390260000000000000e+05 2.740276000000000000e+06
4.541526000000000000e+06 6.342776000000000000e+06
9.414760000000000000e+05 2.747726000000000000e+06
4.553976000000000000e+06 6.360226000000000000e+06
9.537260000000000000e+05 2.784976000000000000e+06
4.616226000000000000e+06 6.447476000000000000e+06
9.561760000000000000e+05 2.792426000000000000e+06
4.628676000000000000e+06 6.464926000000000000e+06
9.586260000000000000e+05 2.799876000000000000e+06
4.641126000000000000e+06 6.482376000000000000e+06
9.610760000000000000e+05 2.807326000000000000e+06
4.653576000000000000e+06 6.499826000000000000e+06
9.635260000000000000e+05 2.814776000000000000e+06
4.666026000000000000e+06 6.517276000000000000e+06
9.659760000000000000e+05 2.822226000000000000e+06
4.678476000000000000e+06 6.534726000000000000e+06
9.684260000000000000e+05 2.829676000000000000e+06
4.690926000000000000e+06 6.552176000000000000e+06
9.708760000000000000e+05 2.837126000000000000e+06
4.703376000000000000e+06 6.569626000000000000e+06
9.733260000000000000e+05 2.844576000000000000e+06
4.715826000000000000e+06 6.587076000000000000e+06
9.757760000000000000e+05 2.852026000000000000e+06
4.728276000000000000e+06 6.604526000000000000e+06
9.782260000000000000e+05 2.859476000000000000e+06
4.740726000000000000e+06 6.621976000000000000e+06
9.806760000000000000e+05 2.866926000000000000e+06
4.753176000000000000e+06 6.639426000000000000e+06
9.831260000000000000e+05 2.874376000000000000e+06
4.765626000000000000e+06 6.656876000000000000e+06
9.855760000000000000e+05 2.881826000000000000e+06
4.778076000000000000e+06 6.674326000000000000e+06
9.880260000000000000e+05 2.889276000000000000e+06
4.790526000000000000e+06 6.691776000000000000e+06
9.904760000000000000e+05 2.896726000000000000e+06
4.802976000000000000e+06 6.709226000000000000e+06
9.929260000000000000e+05 2.904176000000000000e+06
4.815426000000000000e+06 6.726676000000000000e+06
9.953760000000000000e+05 2.911626000000000000e+06
4.827876000000000000e+06 6.744126000000000000e+06
9.978260000000000000e+05 2.919076000000000000e+06
4.840326000000000000e+06 6.761576000000000000e+06
1.000276000000000000e+06 2.926526000000000000e+06
4.852776000000000000e+06 6.779026000000000000e+06
1.002726000000000000e+06 2.933976000000000000e+06
4.865226000000000000e+06 6.796476000000000000e+06
1.005176000000000000e+06 2.941426000000000000e+06
4.877676000000000000e+06 6.813926000000000000e+06
1.007626000000000000e+06 2.948876000000000000e+06
4.890126000000000000e+06 6.831376000000000000e+06
1.010076000000000000e+06 2.956326000000000000e+06
4.902576000000000000e+06 6.848826000000000000e+06
1.022326000000000000e+06 2.993576000000000000e+06
4.964826000000000000e+06 6.936076000000000000e+06
1.024776000000000000e+06 3.001026000000000000e+06
4.977276000000000000e+06 6.953526000000000000e+06
1.027226000000000000e+06 3.008476000000000000e+06
4.989726000000000000e+06 6.970976000000000000e+06
1.029676000000000000e+06 3.015926000000000000e+06
5.002176000000000000e+06 6.988426000000000000e+06
1.032126000000000000e+06 3.023376000000000000e+06
5.014626000000000000e+06 7.005876000000000000e+06
1.034576000000000000e+06 3.030826000000000000e+06
5.027076000000000000e+06 7.023326000000000000e+06
1.037026000000000000e+06 3.038276000000000000e+06
5.039526000000000000e+06 7.040776000000000000e+06
1.039476000000000000e+06 3.045726000000000000e+06
5.051976000000000000e+06 7.058226000000000000e+06
1.041926000000000000e+06 3.053176000000000000e+06
5.064426000000000000e+06 7.075676000000000000e+06
1.044376000000000000e+06 3.060626000000000000e+06
5.076876000000000000e+06 7.093126000000000000e+06
1.046826000000000000e+06 3.068076000000000000e+06
5.089326000000000000e+06 7.110576000000000000e+06
1.049276000000000000e+06 3.075526000000000000e+06
5.101776000000000000e+06 7.128026000000000000e+06
1.051726000000000000e+06 3.082976000000000000e+06
5.114226000000000000e+06 7.145476000000000000e+06
1.054176000000000000e+06 3.090426000000000000e+06
5.126676000000000000e+06 7.162926000000000000e+06
1.056626000000000000e+06 3.097876000000000000e+06
5.139126000000000000e+06 7.180376000000000000e+06
1.059076000000000000e+06 3.105326000000000000e+06
5.151576000000000000e+06 7.197826000000000000e+06
1.061526000000000000e+06 3.112776000000000000e+06
5.164026000000000000e+06 7.215276000000000000e+06
1.063976000000000000e+06 3.120226000000000000e+06
5.176476000000000000e+06 7.232726000000000000e+06
1.066426000000000000e+06 3.127676000000000000e+06
5.188926000000000000e+06 7.250176000000000000e+06
1.068876000000000000e+06 3.135126000000000000e+06
5.201376000000000000e+06 7.267626000000000000e+06
1.071326000000000000e+06 3.142576000000000000e+06
5.213826000000000000e+06 7.285076000000000000e+06
1.073776000000000000e+06 3.150026000000000000e+06
5.226276000000000000e+06 7.302526000000000000e+06
1.076226000000000000e+06 3.157476000000000000e+06
5.238726000000000000e+06 7.319976000000000000e+06
1.078676000000000000e+06 3.164926000000000000e+06
5.251176000000000000e+06 7.337426000000000000e+06
1.090926000000000000e+06 3.202176000000000000e+06
5.313426000000000000e+06 7.424676000000000000e+06
1.093376000000000000e+06 3.209626000000000000e+06
5.325876000000000000e+06 7.442126000000000000e+06
1.095826000000000000e+06 3.217076000000000000e+06
5.338326000000000000e+06 7.459576000000000000e+06
1.098276000000000000e+06 3.224526000000000000e+06
5.350776000000000000e+06 7.477026000000000000e+06
1.100726000000000000e+06 3.231976000000000000e+06
5.363226000000000000e+06 7.494476000000000000e+06
1.103176000000000000e+06 3.239426000000000000e+06
5.375676000000000000e+06 7.511926000000000000e+06
1.105626000000000000e+06 3.246876000000000000e+06
5.388126000000000000e+06 7.529376000000000000e+06
1.108076000000000000e+06 3.254326000000000000e+06
5.400576000000000000e+06 7.546826000000000000e+06
1.110526000000000000e+06 3.261776000000000000e+06
5.413026000000000000e+06 7.564276000000000000e+06
1.112976000000000000e+06 3.269226000000000000e+06
5.425476000000000000e+06 7.581726000000000000e+06
1.115426000000000000e+06 3.276676000000000000e+06
5.437926000000000000e+06 7.599176000000000000e+06
1.117876000000000000e+06 3.284126000000000000e+06
5.450376000000000000e+06 7.616626000000000000e+06
1.120326000000000000e+06 3.291576000000000000e+06
5.462826000000000000e+06 7.634076000000000000e+06
1.122776000000000000e+06 3.299026000000000000e+06
5.475276000000000000e+06 7.651526000000000000e+06
1.125226000000000000e+06 3.306476000000000000e+06
5.487726000000000000e+06 7.668976000000000000e+06
1.127676000000000000e+06 3.313926000000000000e+06
5.500176000000000000e+06 7.686426000000000000e+06
1.130126000000000000e+06 3.321376000000000000e+06
5.512626000000000000e+06 7.703876000000000000e+06
1.132576000000000000e+06 3.328826000000000000e+06
5.525076000000000000e+06 7.721326000000000000e+06
1.135026000000000000e+06 3.336276000000000000e+06
5.537526000000000000e+06 7.738776000000000000e+06
1.137476000000000000e+06 3.343726000000000000e+06
5.549976000000000000e+06 7.756226000000000000e+06
1.139926000000000000e+06 3.351176000000000000e+06
5.562426000000000000e+06 7.773676000000000000e+06
1.142376000000000000e+06 3.358626000000000000e+06
5.574876000000000000e+06 7.791126000000000000e+06
1.144826000000000000e+06 3.366076000000000000e+06
5.587326000000000000e+06 7.808576000000000000e+06
1.147276000000000000e+06 3.373526000000000000e+06
5.599776000000000000e+06 7.826026000000000000e+06
1.159526000000000000e+06 3.410776000000000000e+06
5.662026000000000000e+06 7.913276000000000000e+06
1.161976000000000000e+06 3.418226000000000000e+06
5.674476000000000000e+06 7.930726000000000000e+06
1.164426000000000000e+06 3.425676000000000000e+06
5.686926000000000000e+06 7.948176000000000000e+06
1.166876000000000000e+06 3.433126000000000000e+06
5.699376000000000000e+06 7.965626000000000000e+06
1.169326000000000000e+06 3.440576000000000000e+06
5.711826000000000000e+06 7.983076000000000000e+06
1.171776000000000000e+06 3.448026000000000000e+06
5.724276000000000000e+06 8.000526000000000000e+06
1.174226000000000000e+06 3.455476000000000000e+06
5.736726000000000000e+06 8.017976000000000000e+06
1.176676000000000000e+06 3.462926000000000000e+06
5.749176000000000000e+06 8.035426000000000000e+06
1.179126000000000000e+06 3.470376000000000000e+06
5.761626000000000000e+06 8.052876000000000000e+06
1.181576000000000000e+06 3.477826000000000000e+06
5.774076000000000000e+06 8.070326000000000000e+06
1.184026000000000000e+06 3.485276000000000000e+06
5.786526000000000000e+06 8.087776000000000000e+06
1.186476000000000000e+06 3.492726000000000000e+06
5.798976000000000000e+06 8.105226000000000000e+06
1.188926000000000000e+06 3.500176000000000000e+06
5.811426000000000000e+06 8.122676000000000000e+06
1.191376000000000000e+06 3.507626000000000000e+06
5.823876000000000000e+06 8.140126000000000000e+06
1.193826000000000000e+06 3.515076000000000000e+06
5.836326000000000000e+06 8.157576000000000000e+06
1.196276000000000000e+06 3.522526000000000000e+06
5.848776000000000000e+06 8.175026000000000000e+06
1.198726000000000000e+06 3.529976000000000000e+06
5.861226000000000000e+06 8.192476000000000000e+06
1.201176000000000000e+06 3.537426000000000000e+06
5.873676000000000000e+06 8.209926000000000000e+06
1.203626000000000000e+06 3.544876000000000000e+06
5.886126000000000000e+06 8.227376000000000000e+06
1.206076000000000000e+06 3.552326000000000000e+06
5.898576000000000000e+06 8.244826000000000000e+06
1.208526000000000000e+06 3.559776000000000000e+06
5.911026000000000000e+06 8.262276000000000000e+06
1.210976000000000000e+06 3.567226000000000000e+06
5.923476000000000000e+06 8.279726000000000000e+06
1.213426000000000000e+06 3.574676000000000000e+06
5.935926000000000000e+06 8.297176000000000000e+06
1.215876000000000000e+06 3.582126000000000000e+06
5.948376000000000000e+06 8.314626000000000000e+06
1.228126000000000000e+06 3.619376000000000000e+06
6.010626000000000000e+06 8.401876000000000000e+06
1.230576000000000000e+06 3.626826000000000000e+06
6.023076000000000000e+06 8.419326000000000000e+06
1.233026000000000000e+06 3.634276000000000000e+06
6.035526000000000000e+06 8.436776000000000000e+06
1.235476000000000000e+06 3.641726000000000000e+06
6.047976000000000000e+06 8.454226000000000000e+06
1.237926000000000000e+06 3.649176000000000000e+06
6.060426000000000000e+06 8.471676000000000000e+06
1.240376000000000000e+06 3.656626000000000000e+06
6.072876000000000000e+06 8.489126000000000000e+06
1.242826000000000000e+06 3.664076000000000000e+06
6.085326000000000000e+06 8.506576000000000000e+06
1.245276000000000000e+06 3.671526000000000000e+06
6.097776000000000000e+06 8.524026000000000000e+06
1.247726000000000000e+06 3.678976000000000000e+06
6.110226000000000000e+06 8.541476000000000000e+06
1.250176000000000000e+06 3.686426000000000000e+06
6.122676000000000000e+06 8.558926000000000000e+06
1.252626000000000000e+06 3.693876000000000000e+06
6.135126000000000000e+06 8.576376000000000000e+06
1.255076000000000000e+06 3.701326000000000000e+06
6.147576000000000000e+06 8.593826000000000000e+06
1.257526000000000000e+06 3.708776000000000000e+06
6.160026000000000000e+06 8.611276000000000000e+06
1.259976000000000000e+06 3.716226000000000000e+06
6.172476000000000000e+06 8.628726000000000000e+06
1.262426000000000000e+06 3.723676000000000000e+06
6.184926000000000000e+06 8.646176000000000000e+06
1.264876000000000000e+06 3.731126000000000000e+06
6.197376000000000000e+06 8.663626000000000000e+06
1.267326000000000000e+06 3.738576000000000000e+06
6.209826000000000000e+06 8.681076000000000000e+06
1.269776000000000000e+06 3.746026000000000000e+06
6.222276000000000000e+06 8.698526000000000000e+06
1.272226000000000000e+06 3.753476000000000000e+06
6.234726000000000000e+06 8.715976000000000000e+06
1.274676000000000000e+06 3.760926000000000000e+06
6.247176000000000000e+06 8.733426000000000000e+06
1.277126000000000000e+06 3.768376000000000000e+06
6.259626000000000000e+06 8.750876000000000000e+06
1.279576000000000000e+06 3.775826000000000000e+06
6.272076000000000000e+06 8.768326000000000000e+06
1.282026000000000000e+06 3.783276000000000000e+06
6.284526000000000000e+06 8.785776000000000000e+06
1.284476000000000000e+06 3.790726000000000000e+06
6.296976000000000000e+06 8.803226000000000000e+06
1.296726000000000000e+06 3.827976000000000000e+06
6.359226000000000000e+06 8.890476000000000000e+06
1.299176000000000000e+06 3.835426000000000000e+06
6.371676000000000000e+06 8.907926000000000000e+06
1.301626000000000000e+06 3.842876000000000000e+06
6.384126000000000000e+06 8.925376000000000000e+06
1.304076000000000000e+06 3.850326000000000000e+06
6.396576000000000000e+06 8.942826000000000000e+06
1.306526000000000000e+06 3.857776000000000000e+06
6.409026000000000000e+06 8.960276000000000000e+06
1.308976000000000000e+06 3.865226000000000000e+06
6.421476000000000000e+06 8.977726000000000000e+06
1.311426000000000000e+06 3.872676000000000000e+06
6.433926000000000000e+06 8.995176000000000000e+06
1.313876000000000000e+06 3.880126000000000000e+06
6.446376000000000000e+06 9.012626000000000000e+06
1.316326000000000000e+06 3.887576000000000000e+06
6.458826000000000000e+06 9.030076000000000000e+06
1.318776000000000000e+06 3.895026000000000000e+06
6.471276000000000000e+06 9.047526000000000000e+06
1.321226000000000000e+06 3.902476000000000000e+06
6.483726000000000000e+06 9.064976000000000000e+06
1.323676000000000000e+06 3.909926000000000000e+06
6.496176000000000000e+06 9.082426000000000000e+06
1.326126000000000000e+06 3.917376000000000000e+06
6.508626000000000000e+06 9.099876000000000000e+06
1.328576000000000000e+06 3.924826000000000000e+06
6.521076000000000000e+06 9.117326000000000000e+06
1.331026000000000000e+06 3.932276000000000000e+06
6.533526000000000000e+06 9.134776000000000000e+06
1.333476000000000000e+06 3.939726000000000000e+06
6.545976000000000000e+06 9.152226000000000000e+06
1.335926000000000000e+06 3.947176000000000000e+06
6.558426000000000000e+06 9.169676000000000000e+06
1.338376000000000000e+06 3.954626000000000000e+06
6.570876000000000000e+06 9.187126000000000000e+06
1.340826000000000000e+06 3.962076000000000000e+06
6.583326000000000000e+06 9.204576000000000000e+06
1.343276000000000000e+06 3.969526000000000000e+06
6.595776000000000000e+06 9.222026000000000000e+06
1.345726000000000000e+06 3.976976000000000000e+06
6.608226000000000000e+06 9.239476000000000000e+06
1.348176000000000000e+06 3.984426000000000000e+06
6.620676000000000000e+06 9.256926000000000000e+06
1.350626000000000000e+06 3.991876000000000000e+06
6.633126000000000000e+06 9.274376000000000000e+06
1.353076000000000000e+06 3.999326000000000000e+06
6.645576000000000000e+06 9.291826000000000000e+06
1.365326000000000000e+06 4.036576000000000000e+06
6.707826000000000000e+06 9.379076000000000000e+06
1.367776000000000000e+06 4.044026000000000000e+06
6.720276000000000000e+06 9.396526000000000000e+06
1.370226000000000000e+06 4.051476000000000000e+06
6.732726000000000000e+06 9.413976000000000000e+06
1.372676000000000000e+06 4.058926000000000000e+06
6.745176000000000000e+06 9.431426000000000000e+06
1.375126000000000000e+06 4.066376000000000000e+06
6.757626000000000000e+06 9.448876000000000000e+06
1.377576000000000000e+06 4.073826000000000000e+06
6.770076000000000000e+06 9.466326000000000000e+06
1.380026000000000000e+06 4.081276000000000000e+06
6.782526000000000000e+06 9.483776000000000000e+06
1.382476000000000000e+06 4.088726000000000000e+06
6.794976000000000000e+06 9.501226000000000000e+06
1.384926000000000000e+06 4.096176000000000000e+06
6.807426000000000000e+06 9.518676000000000000e+06
1.387376000000000000e+06 4.103626000000000000e+06
6.819876000000000000e+06 9.536126000000000000e+06
1.389826000000000000e+06 4.111076000000000000e+06
6.832326000000000000e+06 9.553576000000000000e+06
1.392276000000000000e+06 4.118526000000000000e+06
6.844776000000000000e+06 9.571026000000000000e+06
1.394726000000000000e+06 4.125976000000000000e+06
6.857226000000000000e+06 9.588476000000000000e+06
1.397176000000000000e+06 4.133426000000000000e+06
6.869676000000000000e+06 9.605926000000000000e+06
1.399626000000000000e+06 4.140876000000000000e+06
6.882126000000000000e+06 9.623376000000000000e+06
1.402076000000000000e+06 4.148326000000000000e+06
6.894576000000000000e+06 9.640826000000000000e+06
1.404526000000000000e+06 4.155776000000000000e+06
6.907026000000000000e+06 9.658276000000000000e+06
1.406976000000000000e+06 4.163226000000000000e+06
6.919476000000000000e+06 9.675726000000000000e+06
1.409426000000000000e+06 4.170676000000000000e+06
6.931926000000000000e+06 9.693176000000000000e+06
1.411876000000000000e+06 4.178126000000000000e+06
6.944376000000000000e+06 9.710626000000000000e+06
1.414326000000000000e+06 4.185576000000000000e+06
6.956826000000000000e+06 9.728076000000000000e+06
1.416776000000000000e+06 4.193026000000000000e+06
6.969276000000000000e+06 9.745526000000000000e+06
1.419226000000000000e+06 4.200476000000000000e+06
6.981726000000000000e+06 9.762976000000000000e+06
1.421676000000000000e+06 4.207926000000000000e+06
6.994176000000000000e+06 9.780426000000000000e+06
1.433926000000000000e+06 4.245176000000000000e+06
7.056426000000000000e+06 9.867676000000000000e+06
1.436376000000000000e+06 4.252626000000000000e+06
7.068876000000000000e+06 9.885126000000000000e+06
1.438826000000000000e+06 4.260076000000000000e+06
7.081326000000000000e+06 9.902576000000000000e+06
1.441276000000000000e+06 4.267526000000000000e+06
7.093776000000000000e+06 9.920026000000000000e+06
1.443726000000000000e+06 4.274976000000000000e+06
7.106226000000000000e+06 9.937476000000000000e+06
1.446176000000000000e+06 4.282426000000000000e+06
7.118676000000000000e+06 9.954926000000000000e+06
1.448626000000000000e+06 4.289876000000000000e+06
7.131126000000000000e+06 9.972376000000000000e+06
1.451076000000000000e+06 4.297326000000000000e+06
7.143576000000000000e+06 9.989826000000000000e+06
1.453526000000000000e+06 4.304776000000000000e+06
7.156026000000000000e+06 1.000727600000000000e+07
1.455976000000000000e+06 4.312226000000000000e+06
7.168476000000000000e+06 1.002472600000000000e+07
1.458426000000000000e+06 4.319676000000000000e+06
7.180926000000000000e+06 1.004217600000000000e+07
1.460876000000000000e+06 4.327126000000000000e+06
7.193376000000000000e+06 1.005962600000000000e+07
1.463326000000000000e+06 4.334576000000000000e+06
7.205826000000000000e+06 1.007707600000000000e+07
1.465776000000000000e+06 4.342026000000000000e+06
7.218276000000000000e+06 1.009452600000000000e+07
1.468226000000000000e+06 4.349476000000000000e+06
7.230726000000000000e+06 1.011197600000000000e+07
1.470676000000000000e+06 4.356926000000000000e+06
7.243176000000000000e+06 1.012942600000000000e+07
1.473126000000000000e+06 4.364376000000000000e+06
7.255626000000000000e+06 1.014687600000000000e+07
1.475576000000000000e+06 4.371826000000000000e+06
7.268076000000000000e+06 1.016432600000000000e+07
1.478026000000000000e+06 4.379276000000000000e+06
7.280526000000000000e+06 1.018177600000000000e+07
1.480476000000000000e+06 4.386726000000000000e+06
7.292976000000000000e+06 1.019922600000000000e+07
1.482926000000000000e+06 4.394176000000000000e+06
7.305426000000000000e+06 1.021667600000000000e+07
1.485376000000000000e+06 4.401626000000000000e+06
7.317876000000000000e+06 1.023412600000000000e+07
1.487826000000000000e+06 4.409076000000000000e+06
7.330326000000000000e+06 1.025157600000000000e+07
1.490276000000000000e+06 4.416526000000000000e+06
7.342776000000000000e+06 1.026902600000000000e+07
1.502526000000000000e+06 4.453776000000000000e+06
7.405026000000000000e+06 1.035627600000000000e+07
1.504976000000000000e+06 4.461226000000000000e+06
7.417476000000000000e+06 1.037372600000000000e+07
1.507426000000000000e+06 4.468676000000000000e+06
7.429926000000000000e+06 1.039117600000000000e+07
1.509876000000000000e+06 4.476126000000000000e+06
7.442376000000000000e+06 1.040862600000000000e+07
1.512326000000000000e+06 4.483576000000000000e+06
7.454826000000000000e+06 1.042607600000000000e+07
1.514776000000000000e+06 4.491026000000000000e+06
7.467276000000000000e+06 1.044352600000000000e+07
1.517226000000000000e+06 4.498476000000000000e+06
7.479726000000000000e+06 1.046097600000000000e+07
1.519676000000000000e+06 4.505926000000000000e+06
7.492176000000000000e+06 1.047842600000000000e+07
1.522126000000000000e+06 4.513376000000000000e+06
7.504626000000000000e+06 1.049587600000000000e+07
1.524576000000000000e+06 4.520826000000000000e+06
7.517076000000000000e+06 1.051332600000000000e+07
1.527026000000000000e+06 4.528276000000000000e+06
7.529526000000000000e+06 1.053077600000000000e+07
1.529476000000000000e+06 4.535726000000000000e+06
7.541976000000000000e+06 1.054822600000000000e+07
1.531926000000000000e+06 4.543176000000000000e+06
7.554426000000000000e+06 1.056567600000000000e+07
1.534376000000000000e+06 4.550626000000000000e+06
7.566876000000000000e+06 1.058312600000000000e+07
1.536826000000000000e+06 4.558076000000000000e+06
7.579326000000000000e+06 1.060057600000000000e+07
1.539276000000000000e+06 4.565526000000000000e+06
7.591776000000000000e+06 1.061802600000000000e+07
1.541726000000000000e+06 4.572976000000000000e+06
7.604226000000000000e+06 1.063547600000000000e+07
1.544176000000000000e+06 4.580426000000000000e+06
7.616676000000000000e+06 1.065292600000000000e+07
1.546626000000000000e+06 4.587876000000000000e+06
7.629126000000000000e+06 1.067037600000000000e+07
1.549076000000000000e+06 4.595326000000000000e+06
7.641576000000000000e+06 1.068782600000000000e+07
1.551526000000000000e+06 4.602776000000000000e+06
7.654026000000000000e+06 1.070527600000000000e+07
1.553976000000000000e+06 4.610226000000000000e+06
7.666476000000000000e+06 1.072272600000000000e+07
1.556426000000000000e+06 4.617676000000000000e+06
7.678926000000000000e+06 1.074017600000000000e+07
1.558876000000000000e+06 4.625126000000000000e+06
7.691376000000000000e+06 1.075762600000000000e+07
1.571126000000000000e+06 4.662376000000000000e+06
7.753626000000000000e+06 1.084487600000000000e+07
1.573576000000000000e+06 4.669826000000000000e+06
7.766076000000000000e+06 1.086232600000000000e+07
1.576026000000000000e+06 4.677276000000000000e+06
7.778526000000000000e+06 1.087977600000000000e+07
1.578476000000000000e+06 4.684726000000000000e+06
7.790976000000000000e+06 1.089722600000000000e+07
1.580926000000000000e+06 4.692176000000000000e+06
7.803426000000000000e+06 1.091467600000000000e+07
1.583376000000000000e+06 4.699626000000000000e+06
7.815876000000000000e+06 1.093212600000000000e+07
1.585826000000000000e+06 4.707076000000000000e+06
7.828326000000000000e+06 1.094957600000000000e+07
1.588276000000000000e+06 4.714526000000000000e+06
7.840776000000000000e+06 1.096702600000000000e+07
1.590726000000000000e+06 4.721976000000000000e+06
7.853226000000000000e+06 1.098447600000000000e+07
1.593176000000000000e+06 4.729426000000000000e+06
7.865676000000000000e+06 1.100192600000000000e+07
1.595626000000000000e+06 4.736876000000000000e+06
7.878126000000000000e+06 1.101937600000000000e+07
1.598076000000000000e+06 4.744326000000000000e+06
7.890576000000000000e+06 1.103682600000000000e+07
1.600526000000000000e+06 4.751776000000000000e+06
7.903026000000000000e+06 1.105427600000000000e+07
1.602976000000000000e+06 4.759226000000000000e+06
7.915476000000000000e+06 1.107172600000000000e+07
1.605426000000000000e+06 4.766676000000000000e+06
7.927926000000000000e+06 1.108917600000000000e+07
1.607876000000000000e+06 4.774126000000000000e+06
7.940376000000000000e+06 1.110662600000000000e+07
1.610326000000000000e+06 4.781576000000000000e+06
7.952826000000000000e+06 1.112407600000000000e+07
1.612776000000000000e+06 4.789026000000000000e+06
7.965276000000000000e+06 1.114152600000000000e+07
1.615226000000000000e+06 4.796476000000000000e+06
7.977726000000000000e+06 1.115897600000000000e+07
1.617676000000000000e+06 4.803926000000000000e+06
7.990176000000000000e+06 1.117642600000000000e+07
1.620126000000000000e+06 4.811376000000000000e+06
8.002626000000000000e+06 1.119387600000000000e+07
1.622576000000000000e+06 4.818826000000000000e+06
8.015076000000000000e+06 1.121132600000000000e+07
1.625026000000000000e+06 4.826276000000000000e+06
8.027526000000000000e+06 1.122877600000000000e+07
1.627476000000000000e+06 4.833726000000000000e+06
8.039976000000000000e+06 1.124622600000000000e+07
1.639726000000000000e+06 4.870976000000000000e+06
8.102226000000000000e+06 1.133347600000000000e+07
1.642176000000000000e+06 4.878426000000000000e+06
8.114676000000000000e+06 1.135092600000000000e+07
1.644626000000000000e+06 4.885876000000000000e+06
8.127126000000000000e+06 1.136837600000000000e+07
1.647076000000000000e+06 4.893326000000000000e+06
8.139576000000000000e+06 1.138582600000000000e+07
1.649526000000000000e+06 4.900776000000000000e+06
8.152026000000000000e+06 1.140327600000000000e+07
1.651976000000000000e+06 4.908226000000000000e+06
8.164476000000000000e+06 1.142072600000000000e+07
1.654426000000000000e+06 4.915676000000000000e+06
8.176926000000000000e+06 1.143817600000000000e+07
1.656876000000000000e+06 4.923126000000000000e+06
8.189376000000000000e+06 1.145562600000000000e+07
1.659326000000000000e+06 4.930576000000000000e+06
8.201826000000000000e+06 1.147307600000000000e+07
1.661776000000000000e+06 4.938026000000000000e+06
8.214276000000000000e+06 1.149052600000000000e+07
1.664226000000000000e+06 4.945476000000000000e+06
8.226726000000000000e+06 1.150797600000000000e+07
1.666676000000000000e+06 4.952926000000000000e+06
8.239176000000000000e+06 1.152542600000000000e+07
1.669126000000000000e+06 4.960376000000000000e+06
8.251626000000000000e+06 1.154287600000000000e+07
1.671576000000000000e+06 4.967826000000000000e+06
8.264076000000000000e+06 1.156032600000000000e+07
1.674026000000000000e+06 4.975276000000000000e+06
8.276526000000000000e+06 1.157777600000000000e+07
1.676476000000000000e+06 4.982726000000000000e+06
8.288976000000000000e+06 1.159522600000000000e+07
1.678926000000000000e+06 4.990176000000000000e+06
8.301426000000000000e+06 1.161267600000000000e+07
1.681376000000000000e+06 4.997626000000000000e+06
8.313876000000000000e+06 1.163012600000000000e+07
1.683826000000000000e+06 5.005076000000000000e+06
8.326326000000000000e+06 1.164757600000000000e+07
1.686276000000000000e+06 5.012526000000000000e+06
8.338776000000000000e+06 1.166502600000000000e+07
1.688726000000000000e+06 5.019976000000000000e+06
8.351226000000000000e+06 1.168247600000000000e+07
1.691176000000000000e+06 5.027426000000000000e+06
8.363676000000000000e+06 1.169992600000000000e+07
1.693626000000000000e+06 5.034876000000000000e+06
8.376126000000000000e+06 1.171737600000000000e+07
1.696076000000000000e+06 5.042326000000000000e+06
8.388576000000000000e+06 1.173482600000000000e+07
1.708326000000000000e+06 5.079576000000000000e+06
8.450826000000000000e+06 1.182207600000000000e+07
1.710776000000000000e+06 5.087026000000000000e+06
8.463276000000000000e+06 1.183952600000000000e+07
1.713226000000000000e+06 5.094476000000000000e+06
8.475726000000000000e+06 1.185697600000000000e+07
1.715676000000000000e+06 5.101926000000000000e+06
8.488176000000000000e+06 1.187442600000000000e+07
1.718126000000000000e+06 5.109376000000000000e+06
8.500626000000000000e+06 1.189187600000000000e+07
1.720576000000000000e+06 5.116826000000000000e+06
8.513076000000000000e+06 1.190932600000000000e+07
1.723026000000000000e+06 5.124276000000000000e+06
8.525526000000000000e+06 1.192677600000000000e+07
1.725476000000000000e+06 5.131726000000000000e+06
8.537976000000000000e+06 1.194422600000000000e+07
1.727926000000000000e+06 5.139176000000000000e+06
8.550426000000000000e+06 1.196167600000000000e+07
1.730376000000000000e+06 5.146626000000000000e+06
8.562876000000000000e+06 1.197912600000000000e+07
1.732826000000000000e+06 5.154076000000000000e+06
8.575326000000000000e+06 1.199657600000000000e+07
1.735276000000000000e+06 5.161526000000000000e+06
8.587776000000000000e+06 1.201402600000000000e+07
1.737726000000000000e+06 5.168976000000000000e+06
8.600226000000000000e+06 1.203147600000000000e+07
1.740176000000000000e+06 5.176426000000000000e+06
8.612676000000000000e+06 1.204892600000000000e+07
1.742626000000000000e+06 5.183876000000000000e+06
8.625126000000000000e+06 1.206637600000000000e+07
1.745076000000000000e+06 5.191326000000000000e+06
8.637576000000000000e+06 1.208382600000000000e+07
1.747526000000000000e+06 5.198776000000000000e+06
8.650026000000000000e+06 1.210127600000000000e+07
1.749976000000000000e+06 5.206226000000000000e+06
8.662476000000000000e+06 1.211872600000000000e+07
1.752426000000000000e+06 5.213676000000000000e+06
8.674926000000000000e+06 1.213617600000000000e+07
1.754876000000000000e+06 5.221126000000000000e+06
8.687376000000000000e+06 1.215362600000000000e+07
1.757326000000000000e+06 5.228576000000000000e+06
8.699826000000000000e+06 1.217107600000000000e+07
1.759776000000000000e+06 5.236026000000000000e+06
8.712276000000000000e+06 1.218852600000000000e+07
1.762226000000000000e+06 5.243476000000000000e+06
8.724726000000000000e+06 1.220597600000000000e+07
1.764676000000000000e+06 5.250926000000000000e+06
8.737176000000000000e+06 1.222342600000000000e+07
1.776926000000000000e+06 5.288176000000000000e+06
8.799426000000000000e+06 1.231067600000000000e+07
1.779376000000000000e+06 5.295626000000000000e+06
8.811876000000000000e+06 1.232812600000000000e+07
1.781826000000000000e+06 5.303076000000000000e+06
8.824326000000000000e+06 1.234557600000000000e+07
1.784276000000000000e+06 5.310526000000000000e+06
8.836776000000000000e+06 1.236302600000000000e+07
1.786726000000000000e+06 5.317976000000000000e+06
8.849226000000000000e+06 1.238047600000000000e+07
1.789176000000000000e+06 5.325426000000000000e+06
8.861676000000000000e+06 1.239792600000000000e+07
1.791626000000000000e+06 5.332876000000000000e+06
8.874126000000000000e+06 1.241537600000000000e+07
1.794076000000000000e+06 5.340326000000000000e+06
8.886576000000000000e+06 1.243282600000000000e+07
1.796526000000000000e+06 5.347776000000000000e+06
8.899026000000000000e+06 1.245027600000000000e+07
1.798976000000000000e+06 5.355226000000000000e+06
8.911476000000000000e+06 1.246772600000000000e+07
1.801426000000000000e+06 5.362676000000000000e+06
8.923926000000000000e+06 1.248517600000000000e+07
1.803876000000000000e+06 5.370126000000000000e+06
8.936376000000000000e+06 1.250262600000000000e+07
1.806326000000000000e+06 5.377576000000000000e+06
8.948826000000000000e+06 1.252007600000000000e+07
1.808776000000000000e+06 5.385026000000000000e+06
8.961276000000000000e+06 1.253752600000000000e+07
1.811226000000000000e+06 5.392476000000000000e+06
8.973726000000000000e+06 1.255497600000000000e+07
1.813676000000000000e+06 5.399926000000000000e+06
8.986176000000000000e+06 1.257242600000000000e+07
1.816126000000000000e+06 5.407376000000000000e+06
8.998626000000000000e+06 1.258987600000000000e+07
1.818576000000000000e+06 5.414826000000000000e+06
9.011076000000000000e+06 1.260732600000000000e+07
1.821026000000000000e+06 5.422276000000000000e+06
9.023526000000000000e+06 1.262477600000000000e+07
1.823476000000000000e+06 5.429726000000000000e+06
9.035976000000000000e+06 1.264222600000000000e+07
1.825926000000000000e+06 5.437176000000000000e+06
9.048426000000000000e+06 1.265967600000000000e+07
1.828376000000000000e+06 5.444626000000000000e+06
9.060876000000000000e+06 1.267712600000000000e+07
1.830826000000000000e+06 5.452076000000000000e+06
9.073326000000000000e+06 1.269457600000000000e+07
1.833276000000000000e+06 5.459526000000000000e+06
9.085776000000000000e+06 1.271202600000000000e+07
