0.000000000e+00 0.000000000e+00
2.747588754e-01 0.000000000e+00
0.000000000e+00 0.000000000e+00
1.666772366e-02 0.000000000e+00
0.000000000e+00 0.000000000e+00
0.000000000e+00 0.000000000e+00
1.421690583e-01 0.000000000e+00
0.000000000e+00 0.000000000e+00
0.000000000e+00 1.271570027e-01
0.000000000e+00 3.304851949e-01
3.047765493e-01 0.000000000e+00
0.000000000e+00 1.685302258e-01
0.000000000e+00 0.000000000e+00
0.000000000e+00 2.982386947e-01
0.000000000e+00 0.000000000e+00
0.000000000e+00 0.000000000e+00
0.000000000e+00 0.000000000e+00
0.000000000e+00 0.000000000e+00
0.000000000e+00 0.000000000e+00
0.000000000e+00 1.950886846e-02
3.947213292e-01 3.821042180e-01
0.000000000e+00 1.287439167e-01
8.571946621e-02 0.000000000e+00
0.000000000e+00 2.056255937e-03
2.394394577e-01 0.000000000e+00
6.449548900e-02 7.437607646e-02
0.000000000e+00 0.000000000e+00
0.000000000e+00 0.000000000e+00
0.000000000e+00 0.000000000e+00
0.000000000e+00 1.981982887e-01
0.000000000e+00 0.000000000e+00
0.000000000e+00 0.000000000e+00
0.000000000e+00 1.514654458e-01
0.000000000e+00 2.030417025e-01
0.000000000e+00 0.000000000e+00
0.000000000e+00 3.360050619e-01
3.605530262e-01 8.461645246e-02
0.000000000e+00 3.398716450e-03
0.000000000e+00 0.000000000e+00
0.000000000e+00 0.000000000e+00
0.000000000e+00 0.000000000e+00
0.000000000e+00 3.345372081e-01
0.000000000e+00 0.000000000e+00
0.000000000e+00 0.000000000e+00
4.488560557e-01 2.751229703e-02
5.095412731e-01 0.000000000e+00
0.000000000e+00 0.000000000e+00
0.000000000e+00 0.000000000e+00
4.720984399e-02 0.000000000e+00
0.000000000e+00 1.166074872e-01
5.462931097e-02 0.000000000e+00
6.880925596e-02 0.000000000e+00
0.000000000e+00 0.000000000e+00
0.000000000e+00 0.000000000e+00
0.000000000e+00 3.069078624e-01
1.711682975e-02 0.000000000e+00
3.380731940e-01 7.951349020e-03
0.000000000e+00 0.000000000e+00
0.000000000e+00 2.223697603e-01
0.000000000e+00 1.438912749e-01
0.000000000e+00 1.309934258e-01
0.000000000e+00 2.816701233e-01
3.877446055e-02 0.000000000e+00
0.000000000e+00 0.000000000e+00
0.000000000e+00 0.000000000e+00
0.000000000e+00 0.000000000e+00
0.000000000e+00 0.000000000e+00
0.000000000e+00 6.975649297e-02
1.305526197e-01 0.000000000e+00
3.131695092e-02 0.000000000e+00
0.000000000e+00 0.000000000e+00
0.000000000e+00 0.000000000e+00
2.261707187e-01 0.000000000e+00
0.000000000e+00 0.000000000e+00
6.287276745e-01 5.451241136e-02
0.000000000e+00 0.000000000e+00
1.939627230e-01 0.000000000e+00
0.000000000e+00 0.000000000e+00
0.000000000e+00 9.817022085e-02
0.000000000e+00 0.000000000e+00
1.750004888e-01 0.000000000e+00
0.000000000e+00 0.000000000e+00
0.000000000e+00 0.000000000e+00
2.814225852e-01 0.000000000e+00
0.000000000e+00 2.063015401e-01
0.000000000e+00 1.381611824e-01
0.000000000e+00 0.000000000e+00
0.000000000e+00 1.470598578e-01
9.418605268e-02 8.331850171e-03
0.000000000e+00 2.453650236e-01
0.000000000e+00 0.000000000e+00
0.000000000e+00 5.172497630e-01
1.071689427e-01 0.000000000e+00
0.000000000e+00 0.000000000e+00
0.000000000e+00 0.000000000e+00
0.000000000e+00 0.000000000e+00
2.410011292e-01 0.000000000e+00
7.180458307e-02 2.468356490e-01
8.923758566e-02 0.000000000e+00
0.000000000e+00 0.000000000e+00
0.000000000e+00 1.401303709e-01
0.000000000e+00 0.000000000e+00
1.328791678e-01 0.000000000e+00
0.000000000e+00 0.000000000e+00
2.295428216e-01 3.580984473e-02
0.000000000e+00 0.000000000e+00
0.000000000e+00 1.838962734e-02
9.470976889e-02 0.000000000e+00
0.000000000e+00 0.000000000e+00
6.151035428e-02 6.499347091e-02
3.083065748e-01 0.000000000e+00
1.870543659e-01 0.000000000e+00
0.000000000e+00 7.909816504e-02
0.000000000e+00 2.041344047e-01
3.227654099e-01 4.714192450e-02
1.891774535e-01 0.000000000e+00
0.000000000e+00 0.000000000e+00
0.000000000e+00 0.000000000e+00
2.256672680e-01 0.000000000e+00
0.000000000e+00 0.000000000e+00
2.767221630e-02 0.000000000e+00
0.000000000e+00 2.831473649e-01
0.000000000e+00 0.000000000e+00
0.000000000e+00 0.000000000e+00
0.000000000e+00 0.000000000e+00
0.000000000e+00 4.589426517e-01
7.049416006e-02 0.000000000e+00
1.095591486e-02 2.854055762e-01
0.000000000e+00 4.827895761e-01
2.496972680e-03 0.000000000e+00
0.000000000e+00 2.776656151e-01
0.000000000e+00 0.000000000e+00
0.000000000e+00 0.000000000e+00
0.000000000e+00 0.000000000e+00
2.905583382e-01 0.000000000e+00
4.646317959e-01 0.000000000e+00
0.000000000e+00 2.903467417e-01
0.000000000e+00 1.284140050e-01
2.199226916e-01 0.000000000e+00
0.000000000e+00 0.000000000e+00
4.935802221e-01 0.000000000e+00
0.000000000e+00 0.000000000e+00
3.646798134e-01 0.000000000e+00
1.254342198e-01 1.548143029e-01
0.000000000e+00 0.000000000e+00
0.000000000e+00 0.000000000e+00
0.000000000e+00 4.200402498e-01
1.138021946e-01 0.000000000e+00
0.000000000e+00 0.000000000e+00
2.279539108e-01 4.330672026e-01
0.000000000e+00 0.000000000e+00
1.331605017e-02 0.000000000e+00
0.000000000e+00 2.842578888e-01
0.000000000e+00 0.000000000e+00
0.000000000e+00 2.080864608e-01
1.215623617e-01 0.000000000e+00
0.000000000e+00 0.000000000e+00
0.000000000e+00 0.000000000e+00
4.721730947e-03 0.000000000e+00
5.471637249e-01 0.000000000e+00
1.675174832e-01 0.000000000e+00
0.000000000e+00 0.000000000e+00
0.000000000e+00 0.000000000e+00
3.038108349e-03 0.000000000e+00
3.251422942e-01 0.000000000e+00
1.775127649e-01 0.000000000e+00
0.000000000e+00 0.000000000e+00
0.000000000e+00 2.968226969e-01
0.000000000e+00 2.396785915e-01
0.000000000e+00 9.201070666e-02
0.000000000e+00 0.000000000e+00
0.000000000e+00 0.000000000e+00
0.000000000e+00 0.000000000e+00
9.850218892e-03 0.000000000e+00
3.342830241e-01 5.894287229e-01
0.000000000e+00 0.000000000e+00
0.000000000e+00 2.290085256e-01
0.000000000e+00 0.000000000e+00
0.000000000e+00 0.000000000e+00
0.000000000e+00 0.000000000e+00
0.000000000e+00 0.000000000e+00
0.000000000e+00 0.000000000e+00
2.023293078e-02 0.000000000e+00
0.000000000e+00 3.565145135e-01
0.000000000e+00 0.000000000e+00
1.677348018e-01 2.027998865e-02
1.615459323e-01 0.000000000e+00
1.269764304e-01 0.000000000e+00
4.392983317e-01 0.000000000e+00
0.000000000e+00 0.000000000e+00
0.000000000e+00 1.615835726e-02
3.159993291e-01 3.616114259e-01
3.065328598e-01 0.000000000e+00
0.000000000e+00 4.803380370e-01
0.000000000e+00 0.000000000e+00
0.000000000e+00 0.000000000e+00
0.000000000e+00 0.000000000e+00
3.932417631e-01 0.000000000e+00
0.000000000e+00 1.488831043e-01
0.000000000e+00 2.000096440e-01
4.187278748e-01 0.000000000e+00
0.000000000e+00 1.055522412e-01
0.000000000e+00 0.000000000e+00
3.006565273e-01 0.000000000e+00
0.000000000e+00 0.000000000e+00
0.000000000e+00 0.000000000e+00
0.000000000e+00 0.000000000e+00
0.000000000e+00 0.000000000e+00
0.000000000e+00 0.000000000e+00
0.000000000e+00 0.000000000e+00
0.000000000e+00 2.908185124e-03
2.304578722e-01 3.914143145e-02
1.182585061e-01 0.000000000e+00
0.000000000e+00 0.000000000e+00
0.000000000e+00 0.000000000e+00
1.948183775e-01 0.000000000e+00
0.000000000e+00 0.000000000e+00
7.367342114e-01 2.732389569e-01
0.000000000e+00 1.109460592e-01
0.000000000e+00 0.000000000e+00
0.000000000e+00 0.000000000e+00
2.897374332e-01 3.308422863e-01
0.000000000e+00 0.000000000e+00
0.000000000e+00 6.274114847e-01
4.695546031e-01 3.062207401e-01
0.000000000e+00 0.000000000e+00
0.000000000e+00 0.000000000e+00
1.490047574e-01 0.000000000e+00
0.000000000e+00 3.408120573e-01
3.954452872e-01 0.000000000e+00
0.000000000e+00 3.762590885e-02
0.000000000e+00 0.000000000e+00
0.000000000e+00 0.000000000e+00
0.000000000e+00 0.000000000e+00
3.472951353e-01 0.000000000e+00
0.000000000e+00 3.271643817e-01
4.135241508e-01 0.000000000e+00
4.692801833e-01 0.000000000e+00
0.000000000e+00 4.545854330e-01
2.461167574e-01 0.000000000e+00
0.000000000e+00 2.874091268e-01
0.000000000e+00 0.000000000e+00
0.000000000e+00 1.747310758e-01
0.000000000e+00 0.000000000e+00
0.000000000e+00 0.000000000e+00
0.000000000e+00 0.000000000e+00
0.000000000e+00 1.355090439e-01
0.000000000e+00 1.053530872e-01
0.000000000e+00 0.000000000e+00
0.000000000e+00 0.000000000e+00
0.000000000e+00 0.000000000e+00
0.000000000e+00 0.000000000e+00
0.000000000e+00 4.621598125e-01
4.941970110e-01 0.000000000e+00
7.189905643e-02 6.667579710e-02
0.000000000e+00 0.000000000e+00
0.000000000e+00 0.000000000e+00
0.000000000e+00 0.000000000e+00
3.704339266e-02 0.000000000e+00
0.000000000e+00 2.227761745e-01
0.000000000e+00 0.000000000e+00
7.158179879e-01 0.000000000e+00
0.000000000e+00 9.839087725e-04
6.934797168e-01 3.201110661e-02
0.000000000e+00 3.008680642e-01
0.000000000e+00 0.000000000e+00
3.828769326e-01 5.766600370e-03
0.000000000e+00 0.000000000e+00
3.226591647e-02 1.889060140e-01
0.000000000e+00 0.000000000e+00
0.000000000e+00 2.969847918e-01
0.000000000e+00 4.242211580e-01
0.000000000e+00 0.000000000e+00
1.663941443e-01 6.644332409e-02
0.000000000e+00 8.435263634e-01
0.000000000e+00 0.000000000e+00
0.000000000e+00 6.512182951e-02
0.000000000e+00 0.000000000e+00
0.000000000e+00 0.000000000e+00
0.000000000e+00 1.507408023e-01
7.695600390e-02 0.000000000e+00
9.675592184e-03 0.000000000e+00
2.408567071e-02 0.000000000e+00
0.000000000e+00 2.554373145e-01
0.000000000e+00 0.000000000e+00
4.862799048e-01 0.000000000e+00
0.000000000e+00 8.845759928e-02
1.153263152e-01 0.000000000e+00
4.765247703e-01 0.000000000e+00
4.853686690e-01 2.265473306e-01
4.374062419e-01 1.640888155e-01
7.001906037e-01 7.662743330e-03
3.584573567e-01 3.541207612e-01
7.434711456e-01 4.455965459e-01
0.000000000e+00 2.130749822e-01
4.684543014e-01 5.136584044e-01
4.689599276e-01 2.451203465e-01
0.000000000e+00 2.057741284e-01
8.772012591e-02 8.249083161e-02
4.961761832e-02 1.259768903e-01
3.420260251e-01 1.176217645e-01
1.289895177e-01 3.259329498e-01
0.000000000e+00 8.991830945e-01
3.156949282e-01 5.013421774e-01
2.051827610e-01 2.488137782e-01
3.729014099e-01 0.000000000e+00
1.585951149e-01 1.141479969e+00
0.000000000e+00 4.772908688e-01
1.491120458e-02 3.714443445e-01
0.000000000e+00 4.887580872e-01
0.000000000e+00 7.312479019e-01
0.000000000e+00 4.997128248e-01
0.000000000e+00 7.808029652e-01
0.000000000e+00 6.583251953e-01
2.848726511e-01 9.897568822e-01
2.200534046e-01 7.024027109e-01
1.995671690e-01 4.689517021e-01
3.258733153e-01 4.442891181e-01
5.847767591e-01 1.169729531e-01
2.225324512e-02 6.568651199e-01
2.788027823e-01 0.000000000e+00
7.913910151e-01 1.454940438e-02
8.049492836e-01 5.930569768e-02
8.421963453e-02 4.767830968e-01
1.789897680e-03 8.424029946e-01
0.000000000e+00 5.866151452e-01
5.500169992e-01 3.237788379e-01
8.671887517e-01 3.940123916e-01
1.022796392e+00 4.118286967e-01
5.503168106e-01 1.089586169e-01
8.157676458e-01 1.958788037e-01
1.120514512e+00 2.586270273e-01
1.776108146e-02 4.276499748e-01
3.170526624e-01 2.641293705e-01
5.429430008e-01 1.413066536e-01
7.219931483e-01 2.326133251e-01
5.817695856e-01 4.965942502e-01
3.304659128e-01 9.677806497e-02
5.922367573e-01 4.457584023e-01
8.215375543e-01 5.189703107e-01
5.273723602e-01 1.033396244e+00
1.024033278e-01 6.637139320e-01
6.983692646e-01 0.000000000e+00
4.233011603e-01 0.000000000e+00
3.413536251e-01 3.972257376e-01
8.774401248e-02 9.995367527e-01
0.000000000e+00 5.878251791e-01
3.985963762e-01 2.232694626e-02
5.646287799e-01 0.000000000e+00
9.174840450e-01 0.000000000e+00
9.547623992e-01 0.000000000e+00
9.220048189e-01 4.257863760e-02
2.846997678e-01 2.511574030e-01
7.734920979e-01 6.417289972e-01
2.971681952e-02 7.257318497e-01
0.000000000e+00 3.188083470e-01
7.623007894e-02 3.099347353e-01
7.784045935e-01 1.565982997e-01
5.281129479e-01 0.000000000e+00
4.519315362e-01 2.109726816e-01
0.000000000e+00 6.027595997e-01
1.243725270e-01 0.000000000e+00
0.000000000e+00 5.233472586e-01
0.000000000e+00 3.648412526e-01
7.001137733e-01 7.204592228e-03
4.168741107e-01 3.429378271e-01
4.198890030e-01 4.736922979e-01
4.155014455e-01 8.696259260e-01
0.000000000e+00 3.062981665e-01
4.228679836e-01 1.980499029e-01
0.000000000e+00 1.456946433e-01
2.851667702e-01 5.187436342e-01
6.557995677e-01 5.484887958e-02
0.000000000e+00 5.086755753e-01
3.008090854e-01 8.145329952e-01
0.000000000e+00 4.383496046e-01
8.948710561e-02 4.348745942e-01
0.000000000e+00 3.306280077e-01
6.174591184e-01 6.509388089e-01
2.690078914e-01 0.000000000e+00
4.817942381e-01 3.605785668e-01
1.022683382e-01 3.843362927e-01
0.000000000e+00 4.258696139e-01
5.146698952e-01 4.972975850e-01
2.758662403e-01 1.007056981e-01
7.035080791e-01 2.322380543e-01
9.401145577e-01 2.790987492e-04
1.195531845e+00 1.166530252e-01
7.164210677e-01 3.482928872e-02
2.436621189e-01 1.005830765e+00
4.084871411e-01 1.083853394e-01
3.679919243e-02 3.106298149e-01
2.869948149e-01 0.000000000e+00
3.388066590e-01 2.637873590e-01
6.526530385e-01 2.238736302e-01
7.223750353e-01 2.935253978e-01
5.807831883e-02 6.734759808e-01
0.000000000e+00 4.431725740e-01
1.700573117e-01 9.127242565e-01
2.532646060e-01 8.067977428e-01
5.172737837e-01 3.885811567e-02
7.262050509e-01 1.168330461e-01
0.000000000e+00 3.068481982e-01
4.123654366e-01 6.063376665e-01
0.000000000e+00 5.542410016e-01
1.125086546e-01 1.609183401e-01
2.728910446e-01 5.392608643e-01
9.161224961e-01 1.683021784e-01
4.052864909e-01 2.203097641e-01
6.849756241e-01 8.852572739e-02
3.884315789e-01 5.613836646e-01
0.000000000e+00 7.755059004e-01
2.315371931e-01 2.054946423e-01
4.775359631e-01 0.000000000e+00
5.899277925e-01 2.601588964e-01
3.171177506e-01 1.094678044e-02
8.180233240e-01 0.000000000e+00
2.699501812e-01 7.856453657e-01
3.458447754e-01 9.471418262e-01
0.000000000e+00 4.402248263e-01
6.353371739e-01 0.000000000e+00
5.162417293e-01 5.104966164e-01
1.213213354e-01 8.161269128e-02
2.267694473e-02 3.978695571e-01
6.292831898e-01 2.176528871e-01
2.473247051e-02 4.577524364e-01
0.000000000e+00 0.000000000e+00
1.448145956e-01 1.320085526e-01
2.650389373e-01 9.541317821e-02
6.497600079e-01 2.988478839e-01
0.000000000e+00 9.292282462e-01
0.000000000e+00 7.030087709e-01
1.746556908e-01 5.886510015e-01
1.813405901e-01 6.136860847e-01
8.626317978e-02 3.446619809e-01
2.474931031e-01 4.291136861e-01
0.000000000e+00 3.564186096e-01
0.000000000e+00 6.816284359e-02
0.000000000e+00 5.484718084e-02
1.258966923e-01 5.639333725e-01
2.039225399e-01 2.834874988e-01
7.339516878e-01 0.000000000e+00
1.167932749e+00 2.109407187e-01
2.982505560e-01 2.529858649e-01
2.742510438e-01 4.774006605e-01
2.176880836e-01 2.503495812e-01
5.728430748e-01 1.346658021e-01
8.711788058e-02 5.884833932e-01
0.000000000e+00 8.424158096e-01
2.075857818e-01 7.269331813e-02
2.320135236e-01 2.260162234e-01
1.564371139e-01 5.095784664e-01
2.463566065e-01 7.224972248e-01
6.722855568e-01 2.618114948e-01
1.090219259e+00 0.000000000e+00
8.835564256e-01 0.000000000e+00
9.146339297e-01 2.058337033e-01
6.493450403e-01 4.862672687e-01
3.965370059e-01 5.170949697e-01
4.574429691e-01 6.553214788e-01
1.242328882e-01 7.640629411e-01
1.073924005e-01 7.282593250e-01
0.000000000e+00 0.000000000e+00
6.354733706e-01 6.523782015e-01
2.690001428e-01 3.054833114e-01
4.295964837e-01 1.075614691e+00
1.443141699e-01 8.834213614e-01
0.000000000e+00 0.000000000e+00
5.548839569e-01 2.563283145e-01
2.634732127e-01 5.922488570e-01
4.738185406e-01 4.439415932e-01
7.113776207e-01 0.000000000e+00
1.049941778e+00 0.000000000e+00
8.458776474e-01 0.000000000e+00
0.000000000e+00 2.722403705e-01
2.920253575e-01 2.353021652e-01
6.544427276e-01 4.777908325e-04
8.675673604e-01 1.617895365e-01
0.000000000e+00 0.000000000e+00
0.000000000e+00 4.746171236e-01
0.000000000e+00 4.325426221e-01
3.209836781e-01 0.000000000e+00
6.330193877e-01 7.236307859e-02
5.605258942e-01 3.139578998e-01
3.514153957e-01 7.410228252e-03
5.751494169e-01 2.631610632e-02
4.419150651e-01 1.815661788e-02
6.223929524e-01 5.908564329e-01
1.190322638e-02 7.902011871e-01
0.000000000e+00 1.089086384e-01
0.000000000e+00 1.106977463e-03
5.565911531e-01 2.707409263e-01
5.355907679e-01 1.078439951e-01
1.965321600e-01 4.617958963e-01
6.797127724e-01 8.801428080e-01
5.907238722e-01 8.873782158e-01
5.304951072e-01 8.639978766e-01
0.000000000e+00 6.852509379e-01
0.000000000e+00 6.053463817e-01
4.609549940e-01 2.237749696e-01
2.650672495e-01 2.669442892e-01
0.000000000e+00 4.197654724e-01
1.281029582e-01 5.499002337e-01
3.125483096e-01 6.814428568e-01
5.494487286e-02 2.549258471e-01
3.992262483e-01 5.564588308e-01
5.785981417e-01 7.584127784e-01
7.621798515e-01 3.204917312e-01
7.246439457e-01 5.278279781e-01
4.382035136e-02 6.217328906e-01
1.733612567e-01 4.608508646e-01
0.000000000e+00 0.000000000e+00
2.415821552e-01 0.000000000e+00
7.119359374e-01 0.000000000e+00
1.030572057e+00 5.435444713e-01
2.750006318e-02 7.380033731e-01
1.893484145e-01 2.652663887e-01
1.523675174e-01 1.334045678e-01
7.786731124e-01 1.458123773e-01
8.371590972e-01 5.895958543e-01
3.855344653e-01 3.946354687e-01
8.332993984e-01 2.973394394e-01
1.250343025e-01 3.801173568e-01
9.966854751e-02 0.000000000e+00
0.000000000e+00 2.339221537e-01
7.543501258e-02 5.291815996e-01
3.306210041e-01 0.000000000e+00
5.045791268e-01 4.868552089e-02
9.284805655e-01 0.000000000e+00
2.759455442e-01 5.639855862e-01
6.005698442e-02 3.388210237e-01
6.953516006e-01 4.356015921e-01
0.000000000e+00 5.728089809e-01
4.604410231e-01 0.000000000e+00
7.490214109e-01 3.651230931e-01
2.277547717e-01 2.138796300e-01
4.041391611e-01 6.545762718e-02
4.265949130e-01 0.000000000e+00
2.758263946e-01 0.000000000e+00
4.050064683e-01 0.000000000e+00
1.676854491e-01 5.818122625e-02
2.953284383e-01 6.432271600e-01
1.473579854e-01 8.303045034e-01
2.686237693e-01 2.264499962e-01
1.278924048e-01 3.938395381e-01
5.305665135e-01 0.000000000e+00
6.416032314e-01 2.617023289e-01
3.476625383e-01 2.284066081e-01
0.000000000e+00 6.971110106e-01
7.817460597e-02 5.415866971e-01
4.426903725e-01 3.988593221e-01
0.000000000e+00 2.803116739e-01
2.125589252e-01 5.283517838e-01
7.161200047e-01 6.405346394e-01
2.928197682e-01 7.777524590e-01
5.645367503e-01 4.244353473e-01
2.036341727e-01 3.636854291e-01
0.000000000e+00 3.055186272e-01
8.266788125e-01 2.138063312e-02
2.850523591e-01 9.200775623e-02
3.578334153e-01 4.314879179e-01
0.000000000e+00 9.201774597e-01
1.896014810e-02 2.569668591e-01
0.000000000e+00 8.210867047e-01
2.930127382e-01 6.847060919e-01
5.017815828e-01 3.550993800e-01
5.535946488e-01 3.512671292e-01
3.913597465e-01 3.494191170e-02
2.378744632e-01 3.601204157e-01
0.000000000e+00 5.644819736e-01
1.403945684e-02 4.387892485e-01
1.406131089e-01 0.000000000e+00
5.335546136e-01 0.000000000e+00
3.782352507e-01 5.324993134e-01
3.637246192e-01 2.162442803e-01
5.557101369e-01 5.101719499e-02
0.000000000e+00 2.201393694e-01
1.630651802e-01 4.955068976e-02
5.865356326e-01 0.000000000e+00
2.621670365e-01 5.085395277e-02
2.991628647e-01 4.588289261e-01
0.000000000e+00 0.000000000e+00
4.790135473e-02 0.000000000e+00
1.613157690e-01 3.391359150e-01
5.498254299e-01 2.737117112e-01
8.537106961e-02 7.199189663e-01
7.627335191e-02 4.458322823e-01
1.742143556e-02 9.280195087e-02
4.320687950e-01 0.000000000e+00
3.176816702e-01 0.000000000e+00
7.147483528e-03 1.910252124e-01
1.167637035e-01 2.509528399e-01
2.067981958e-01 0.000000000e+00
4.697942734e-01 3.275390342e-02
3.232226968e-01 2.344923615e-01
0.000000000e+00 0.000000000e+00
0.000000000e+00 4.528336525e-01
1.036910266e-01 2.442113459e-01
4.879092276e-01 0.000000000e+00
2.449579537e-01 3.552202582e-01
2.631672621e-01 2.622441053e-01
6.405987740e-01 1.008471012e+00
0.000000000e+00 0.000000000e+00
0.000000000e+00 0.000000000e+00
0.000000000e+00 0.000000000e+00
0.000000000e+00 6.677150726e-01
0.000000000e+00 9.775547683e-02
0.000000000e+00 0.000000000e+00
0.000000000e+00 5.668050647e-01
4.523021281e-01 8.851534128e-02
2.099970728e-01 0.000000000e+00
0.000000000e+00 0.000000000e+00
3.341962695e-01 0.000000000e+00
0.000000000e+00 5.104778707e-02
0.000000000e+00 0.000000000e+00
0.000000000e+00 4.354766011e-01
5.725241452e-02 0.000000000e+00
0.000000000e+00 2.571173310e-01
0.000000000e+00 7.070637941e-01
8.893735707e-02 0.000000000e+00
1.847161949e-01 0.000000000e+00
3.926665187e-01 0.000000000e+00
4.917223752e-01 2.956799865e-01
3.919050395e-01 0.000000000e+00
1.485919356e-01 4.999456927e-02
0.000000000e+00 2.560936213e-01
0.000000000e+00 3.830296695e-01
0.000000000e+00 0.000000000e+00
2.181449383e-01 1.888027787e-02
0.000000000e+00 5.804992095e-02
0.000000000e+00 0.000000000e+00
0.000000000e+00 3.866140544e-01
9.258455038e-01 1.715117991e-01
4.117239267e-02 2.287417799e-01
4.651666060e-02 4.535234272e-01
0.000000000e+00 2.922192216e-01
1.072346866e-01 2.766094804e-01
0.000000000e+00 3.087151051e-01
2.445491850e-01 2.561203241e-01
2.106781155e-01 7.590281218e-02
0.000000000e+00 0.000000000e+00
6.796412170e-02 0.000000000e+00
0.000000000e+00 4.814083874e-01
2.974945605e-01 0.000000000e+00
0.000000000e+00 6.198497415e-01
0.000000000e+00 2.995795012e-01
3.512791991e-01 1.037921667e+00
0.000000000e+00 9.511420131e-02
5.069671869e-01 5.721213818e-01
7.742707133e-01 0.000000000e+00
3.040088117e-01 0.000000000e+00
5.056316406e-02 5.653485060e-01
6.129229069e-01 0.000000000e+00
6.046240926e-01 4.402855933e-01
0.000000000e+00 0.000000000e+00
8.672906458e-02 2.973204851e-01
2.343623191e-01 3.614947498e-01
4.114829898e-01 4.559257329e-01
3.864158988e-01 1.364901662e-02
2.933103740e-01 0.000000000e+00
3.369115889e-01 0.000000000e+00
0.000000000e+00 2.385190874e-01
2.457942516e-01 2.897006571e-01
0.000000000e+00 0.000000000e+00
8.589977026e-02 4.940777421e-01
0.000000000e+00 3.322378695e-01
5.371608585e-02 0.000000000e+00
0.000000000e+00 0.000000000e+00
1.152875274e-02 4.866300523e-01
9.603599310e-01 4.772444963e-01
5.574762225e-01 0.000000000e+00
4.282383621e-02 1.585447490e-01
2.594560981e-01 1.150893494e-01
5.725535154e-01 0.000000000e+00
0.000000000e+00 0.000000000e+00
2.559570670e-01 0.000000000e+00
0.000000000e+00 3.793783188e-01
0.000000000e+00 0.000000000e+00
0.000000000e+00 2.744480371e-01
1.982333958e-01 2.794749737e-01
8.305874467e-01 0.000000000e+00
0.000000000e+00 1.320393234e-01
0.000000000e+00 0.000000000e+00
0.000000000e+00 0.000000000e+00
1.435883045e-01 1.705172807e-01
8.399156481e-02 2.865602970e-01
3.631837666e-01 0.000000000e+00
0.000000000e+00 0.000000000e+00
0.000000000e+00 3.093410134e-01
0.000000000e+00 0.000000000e+00
2.962587774e-02 0.000000000e+00
7.968685627e-01 0.000000000e+00
2.088116407e-01 7.194034457e-01
3.598199785e-01 7.584876567e-02
5.007344484e-02 0.000000000e+00
0.000000000e+00 1.352656484e-01
0.000000000e+00 0.000000000e+00
6.487192959e-02 6.132390499e-01
1.304157972e-01 0.000000000e+00
0.000000000e+00 9.932167828e-03
0.000000000e+00 6.708757877e-01
2.924847305e-01 4.658818245e-02
9.311287999e-01 6.560774446e-01
0.000000000e+00 0.000000000e+00
0.000000000e+00 2.033323050e-03
2.832608223e-01 0.000000000e+00
2.356386781e-01 0.000000000e+00
0.000000000e+00 4.953326881e-01
4.419806898e-01 2.007610723e-02
0.000000000e+00 0.000000000e+00
4.193758667e-01 2.805129886e-01
7.146788836e-01 0.000000000e+00
1.301421970e-01 0.000000000e+00
7.476025224e-01 1.361710668e+00
4.182668626e-01 4.712606072e-01
8.449397683e-01 5.563317984e-02
2.008206397e-01 6.436342746e-02
0.000000000e+00 0.000000000e+00
0.000000000e+00 1.589855254e-01
5.705764890e-01 1.853277087e-01
8.454827964e-02 5.263619423e-01
0.000000000e+00 0.000000000e+00
0.000000000e+00 2.677617073e-01
5.565763712e-01 1.103470474e-01
4.681977630e-01 2.084288448e-01
0.000000000e+00 4.876378179e-01
7.138471603e-01 0.000000000e+00
0.000000000e+00 2.501748204e-01
6.574312449e-01 7.527545840e-02
0.000000000e+00 3.805427998e-02
0.000000000e+00 0.000000000e+00
5.331459045e-01 9.314338863e-02
0.000000000e+00 0.000000000e+00
2.324056029e-01 0.000000000e+00
0.000000000e+00 0.000000000e+00
2.676115632e-01 0.000000000e+00
2.032954544e-01 5.023345947e-01
2.606379986e-01 1.505994499e-01
1.122388095e-01 5.903393626e-01
0.000000000e+00 0.000000000e+00
0.000000000e+00 0.000000000e+00
2.092551440e-01 0.000000000e+00
1.367252767e-01 0.000000000e+00
3.345479965e-01 5.783867091e-02
0.000000000e+00 0.000000000e+00
1.782337129e-01 2.091245651e-01
0.000000000e+00 1.140395254e-01
1.575760245e-01 3.330330253e-01
0.000000000e+00 0.000000000e+00
0.000000000e+00 0.000000000e+00
3.643650413e-01 5.937686563e-01
4.515027106e-01 8.398056030e-03
0.000000000e+00 0.000000000e+00
5.580586195e-01 1.877477765e-01
0.000000000e+00 2.460127026e-01
3.063476682e-01 5.756528378e-01
0.000000000e+00 3.499646187e-01
0.000000000e+00 3.688073456e-01
0.000000000e+00 1.459193826e-01
0.000000000e+00 9.857958555e-02
0.000000000e+00 2.173653692e-01
0.000000000e+00 0.000000000e+00
7.514705062e-01 3.125778735e-01
0.000000000e+00 0.000000000e+00
4.307141900e-01 1.367561221e-01
2.118811011e-02 1.402612329e-01
2.412448823e-01 2.551144958e-01
3.908916116e-01 3.902585208e-01
5.465103388e-01 5.961589217e-01
0.000000000e+00 0.000000000e+00
0.000000000e+00 0.000000000e+00
0.000000000e+00 2.949194312e-01
1.721291840e-01 0.000000000e+00
3.957135677e-01 0.000000000e+00
5.219017267e-01 9.737132490e-02
0.000000000e+00 2.466024831e-02
4.765253067e-01 0.000000000e+00
5.830975175e-01 4.463441968e-01
8.740115911e-02 8.672620654e-01
0.000000000e+00 0.000000000e+00
2.695254683e-01 4.015524983e-01
0.000000000e+00 0.000000000e+00
9.973651171e-02 0.000000000e+00
0.000000000e+00 0.000000000e+00
0.000000000e+00 0.000000000e+00
5.963407755e-01 6.505092382e-01
0.000000000e+00 8.390167356e-02
0.000000000e+00 2.056454569e-01
7.535440922e-01 6.054022908e-01
0.000000000e+00 9.095250368e-01
1.811065972e-01 0.000000000e+00
3.351076543e-01 0.000000000e+00
0.000000000e+00 0.000000000e+00
0.000000000e+00 0.000000000e+00
0.000000000e+00 0.000000000e+00
0.000000000e+00 0.000000000e+00
0.000000000e+00 0.000000000e+00
0.000000000e+00 5.056129694e-01
1.182748377e-01 2.789317966e-01
0.000000000e+00 6.173201799e-01
6.427104473e-01 9.561103582e-01
5.999005437e-01 0.000000000e+00
5.992855430e-01 3.181556240e-02
4.260875285e-01 8.590222150e-02
0.000000000e+00 5.744215250e-01
2.670519352e-01 1.164970100e-01
0.000000000e+00 0.000000000e+00
0.000000000e+00 0.000000000e+00
4.647597969e-01 1.815276742e-01
0.000000000e+00 3.319965303e-01
0.000000000e+00 0.000000000e+00
4.919078350e-01 1.024531126e+00
8.423251659e-02 4.760358334e-01
7.417404652e-01 0.000000000e+00
0.000000000e+00 4.785876572e-01
2.438828051e-01 1.267340481e-01
0.000000000e+00 0.000000000e+00
5.071733594e-01 3.805457950e-01
0.000000000e+00 1.022680700e-01
1.057780534e-01 2.492093667e-02
0.000000000e+00 0.000000000e+00
0.000000000e+00 1.729283929e-01
1.109335661e+00 9.341880679e-02
0.000000000e+00 6.319404244e-01
2.488873303e-01 3.090196252e-01
0.000000000e+00 2.075704336e-01
0.000000000e+00 5.876594782e-01
1.230079904e-01 4.768885672e-01
0.000000000e+00 2.846274897e-02
0.000000000e+00 0.000000000e+00
3.333832622e-01 3.334200680e-01
0.000000000e+00 3.391052783e-01
4.688341320e-01 3.965669572e-01
5.931987166e-01 4.560277984e-02
0.000000000e+00 1.637946963e-01
7.748023272e-01 0.000000000e+00
0.000000000e+00 0.000000000e+00
5.955600739e-02 0.000000000e+00
1.413672566e-01 1.205604896e-01
3.547495604e-01 5.203738064e-02
5.945403874e-02 6.014065146e-01
7.555685937e-02 0.000000000e+00
0.000000000e+00 0.000000000e+00
0.000000000e+00 1.432355493e-02
7.791212201e-01 0.000000000e+00
1.574950218e-01 3.079666197e-01
0.000000000e+00 0.000000000e+00
3.618178368e-01 1.036364079e+00
0.000000000e+00 7.680504769e-02
8.703151941e-01 2.864357829e-01
0.000000000e+00 1.275372952e-01
3.755624294e-01 8.695302606e-01
0.000000000e+00 0.000000000e+00
0.000000000e+00 0.000000000e+00
1.070945486e-01 0.000000000e+00
1.529883742e-01 0.000000000e+00
2.033065856e-01 9.367163777e-01
5.190684199e-01 3.877524436e-01
1.405985206e-01 3.528517783e-01
9.843994677e-02 4.712688327e-01
2.680945396e-01 0.000000000e+00
0.000000000e+00 3.101404011e-02
0.000000000e+00 3.228530884e-01
0.000000000e+00 0.000000000e+00
0.000000000e+00 0.000000000e+00
0.000000000e+00 0.000000000e+00
0.000000000e+00 0.000000000e+00
0.000000000e+00 0.000000000e+00
0.000000000e+00 0.000000000e+00
0.000000000e+00 3.186115623e-02
0.000000000e+00 0.000000000e+00
0.000000000e+00 0.000000000e+00
0.000000000e+00 0.000000000e+00
0.000000000e+00 0.000000000e+00
0.000000000e+00 0.000000000e+00
0.000000000e+00 0.000000000e+00
1.615723968e-01 0.000000000e+00
0.000000000e+00 0.000000000e+00
0.000000000e+00 0.000000000e+00
4.585784674e-02 1.675869823e-01
0.000000000e+00 2.458441257e-01
5.817407966e-01 0.000000000e+00
0.000000000e+00 0.000000000e+00
0.000000000e+00 0.000000000e+00
1.505776644e-01 1.557992101e-01
0.000000000e+00 0.000000000e+00
0.000000000e+00 0.000000000e+00
0.000000000e+00 0.000000000e+00
0.000000000e+00 0.000000000e+00
0.000000000e+00 0.000000000e+00
0.000000000e+00 3.125869036e-01
6.806928515e-01 1.460986733e-01
0.000000000e+00 0.000000000e+00
5.972364545e-02 0.000000000e+00
0.000000000e+00 3.641008735e-01
5.308416486e-02 0.000000000e+00
0.000000000e+00 0.000000000e+00
0.000000000e+00 0.000000000e+00
3.914180994e-01 0.000000000e+00
0.000000000e+00 0.000000000e+00
0.000000000e+00 0.000000000e+00
1.633756161e-01 0.000000000e+00
5.364481807e-01 0.000000000e+00
1.840367913e-02 0.000000000e+00
0.000000000e+00 0.000000000e+00
0.000000000e+00 0.000000000e+00
0.000000000e+00 0.000000000e+00
0.000000000e+00 0.000000000e+00
0.000000000e+00 0.000000000e+00
0.000000000e+00 0.000000000e+00
0.000000000e+00 0.000000000e+00
0.000000000e+00 0.000000000e+00
0.000000000e+00 0.000000000e+00
0.000000000e+00 0.000000000e+00
0.000000000e+00 0.000000000e+00
0.000000000e+00 0.000000000e+00
0.000000000e+00 0.000000000e+00
0.000000000e+00 0.000000000e+00
0.000000000e+00 0.000000000e+00
0.000000000e+00 0.000000000e+00
0.000000000e+00 0.000000000e+00
0.000000000e+00 0.000000000e+00
0.000000000e+00 0.000000000e+00
0.000000000e+00 0.000000000e+00
0.000000000e+00 0.000000000e+00
0.000000000e+00 0.000000000e+00
0.000000000e+00 1.708169580e-01
4.653995037e-01 2.759256959e-01
0.000000000e+00 1.618414521e-01
0.000000000e+00 0.000000000e+00
0.000000000e+00 0.000000000e+00
0.000000000e+00 0.000000000e+00
0.000000000e+00 0.000000000e+00
0.000000000e+00 0.000000000e+00
0.000000000e+00 0.000000000e+00
0.000000000e+00 0.000000000e+00
0.000000000e+00 0.000000000e+00
0.000000000e+00 0.000000000e+00
0.000000000e+00 0.000000000e+00
0.000000000e+00 2.486771941e-01
0.000000000e+00 0.000000000e+00
0.000000000e+00 7.603400946e-02
0.000000000e+00 0.000000000e+00
7.805752754e-02 0.000000000e+00
0.000000000e+00 0.000000000e+00
0.000000000e+00 0.000000000e+00
0.000000000e+00 0.000000000e+00
0.000000000e+00 0.000000000e+00
0.000000000e+00 0.000000000e+00
0.000000000e+00 0.000000000e+00
0.000000000e+00 0.000000000e+00
0.000000000e+00 0.000000000e+00
0.000000000e+00 0.000000000e+00
0.000000000e+00 2.644351721e-01
4.661315680e-02 3.015028834e-01
1.351752877e-02 0.000000000e+00
0.000000000e+00 0.000000000e+00
0.000000000e+00 0.000000000e+00
0.000000000e+00 0.000000000e+00
0.000000000e+00 0.000000000e+00
0.000000000e+00 0.000000000e+00
0.000000000e+00 0.000000000e+00
0.000000000e+00 0.000000000e+00
0.000000000e+00 0.000000000e+00
0.000000000e+00 0.000000000e+00
0.000000000e+00 0.000000000e+00
4.407368302e-01 3.542234898e-01
0.000000000e+00 0.000000000e+00
0.000000000e+00 0.000000000e+00
0.000000000e+00 0.000000000e+00
0.000000000e+00 0.000000000e+00
0.000000000e+00 0.000000000e+00
0.000000000e+00 0.000000000e+00
0.000000000e+00 0.000000000e+00
0.000000000e+00 0.000000000e+00
0.000000000e+00 1.683167815e-01
0.000000000e+00 0.000000000e+00
0.000000000e+00 0.000000000e+00
0.000000000e+00 0.000000000e+00
0.000000000e+00 0.000000000e+00
5.626216531e-01 0.000000000e+00
0.000000000e+00 0.000000000e+00
0.000000000e+00 0.000000000e+00
0.000000000e+00 2.353776693e-01
0.000000000e+00 0.000000000e+00
0.000000000e+00 0.000000000e+00
2.549607158e-01 0.000000000e+00
0.000000000e+00 0.000000000e+00
0.000000000e+00 1.369412541e-01
0.000000000e+00 0.000000000e+00
0.000000000e+00 0.000000000e+00
0.000000000e+00 0.000000000e+00
0.000000000e+00 0.000000000e+00
0.000000000e+00 0.000000000e+00
5.385262370e-01 0.000000000e+00
0.000000000e+00 0.000000000e+00
0.000000000e+00 0.000000000e+00
0.000000000e+00 2.043660879e-01
3.918999434e-02 0.000000000e+00
0.000000000e+00 0.000000000e+00
0.000000000e+00 0.000000000e+00
0.000000000e+00 0.000000000e+00
0.000000000e+00 0.000000000e+00
0.000000000e+00 0.000000000e+00
0.000000000e+00 0.000000000e+00
2.074664235e-01 0.000000000e+00
0.000000000e+00 0.000000000e+00
0.000000000e+00 0.000000000e+00
1.361671090e-02 1.758056879e-01
0.000000000e+00 0.000000000e+00
0.000000000e+00 0.000000000e+00
0.000000000e+00 0.000000000e+00
7.995635271e-03 0.000000000e+00
0.000000000e+00 1.465538144e-02
0.000000000e+00 0.000000000e+00
0.000000000e+00 0.000000000e+00
3.529595733e-01 3.475847840e-02
0.000000000e+00 0.000000000e+00
0.000000000e+00 0.000000000e+00
0.000000000e+00 0.000000000e+00
0.000000000e+00 0.000000000e+00
2.021305561e-01 0.000000000e+00
0.000000000e+00 0.000000000e+00
0.000000000e+00 0.000000000e+00
0.000000000e+00 2.386379838e-01
3.752679229e-01 7.105159760e-02
0.000000000e+00 0.000000000e+00
0.000000000e+00 0.000000000e+00
0.000000000e+00 0.000000000e+00
0.000000000e+00 0.000000000e+00
0.000000000e+00 0.000000000e+00
0.000000000e+00 0.000000000e+00
0.000000000e+00 0.000000000e+00
6.451243162e-02 0.000000000e+00
0.000000000e+00 0.000000000e+00
6.174087524e-03 0.000000000e+00
0.000000000e+00 0.000000000e+00
0.000000000e+00 0.000000000e+00
0.000000000e+00 0.000000000e+00
1.017053127e-01 0.000000000e+00
0.000000000e+00 0.000000000e+00
0.000000000e+00 0.000000000e+00
3.435605764e-02 5.592888594e-02
0.000000000e+00 0.000000000e+00
0.000000000e+00 0.000000000e+00
0.000000000e+00 0.000000000e+00
0.000000000e+00 0.000000000e+00
3.431293368e-02 0.000000000e+00
0.000000000e+00 0.000000000e+00
0.000000000e+00 0.000000000e+00
0.000000000e+00 0.000000000e+00
0.000000000e+00 0.000000000e+00
0.000000000e+00 0.000000000e+00
0.000000000e+00 1.696553826e-02
0.000000000e+00 0.000000000e+00
0.000000000e+00 0.000000000e+00
0.000000000e+00 1.005681753e-01
0.000000000e+00 0.000000000e+00
4.414275289e-01 1.810659766e-01
0.000000000e+00 0.000000000e+00
5.162450671e-02 3.383919597e-01
0.000000000e+00 0.000000000e+00
0.000000000e+00 0.000000000e+00
0.000000000e+00 0.000000000e+00
4.025191069e-03 0.000000000e+00
0.000000000e+00 0.000000000e+00
0.000000000e+00 0.000000000e+00
0.000000000e+00 0.000000000e+00
6.845203042e-02 0.000000000e+00
0.000000000e+00 0.000000000e+00
3.481388092e-02 0.000000000e+00
0.000000000e+00 4.196450114e-01
6.842175126e-02 0.000000000e+00
0.000000000e+00 0.000000000e+00
0.000000000e+00 0.000000000e+00
0.000000000e+00 0.000000000e+00
0.000000000e+00 0.000000000e+00
0.000000000e+00 0.000000000e+00
0.000000000e+00 0.000000000e+00
0.000000000e+00 0.000000000e+00
0.000000000e+00 0.000000000e+00
0.000000000e+00 0.000000000e+00
0.000000000e+00 0.000000000e+00
7.797980309e-02 0.000000000e+00
0.000000000e+00 0.000000000e+00
9.033256769e-02 0.000000000e+00
0.000000000e+00 0.000000000e+00
0.000000000e+00 0.000000000e+00
0.000000000e+00 0.000000000e+00
0.000000000e+00 0.000000000e+00
0.000000000e+00 0.000000000e+00
0.000000000e+00 0.000000000e+00
0.000000000e+00 0.000000000e+00
0.000000000e+00 6.756001711e-02
0.000000000e+00 0.000000000e+00
0.000000000e+00 0.000000000e+00
0.000000000e+00 0.000000000e+00
0.000000000e+00 0.000000000e+00
0.000000000e+00 0.000000000e+00
0.000000000e+00 0.000000000e+00
0.000000000e+00 0.000000000e+00
0.000000000e+00 0.000000000e+00
0.000000000e+00 0.000000000e+00
0.000000000e+00 0.000000000e+00
0.000000000e+00 0.000000000e+00
0.000000000e+00 4.497240782e-01
0.000000000e+00 0.000000000e+00
0.000000000e+00 1.568934917e-01
0.000000000e+00 0.000000000e+00
0.000000000e+00 0.000000000e+00
1.285769343e-01 0.000000000e+00
0.000000000e+00 0.000000000e+00
0.000000000e+00 2.949939966e-01
3.293917775e-01 1.718962193e-02
1.151065230e-01 0.000000000e+00
0.000000000e+00 0.000000000e+00
0.000000000e+00 0.000000000e+00
0.000000000e+00 0.000000000e+00
0.000000000e+00 1.549861431e-01
3.568306565e-01 1.825363040e-01
0.000000000e+00 0.000000000e+00
0.000000000e+00 0.000000000e+00
0.000000000e+00 0.000000000e+00
0.000000000e+00 0.000000000e+00
0.000000000e+00 1.582955122e-01
0.000000000e+00 0.000000000e+00
0.000000000e+00 0.000000000e+00
0.000000000e+00 0.000000000e+00
0.000000000e+00 0.000000000e+00
0.000000000e+00 0.000000000e+00
1.905932426e-01 0.000000000e+00
0.000000000e+00 0.000000000e+00
0.000000000e+00 0.000000000e+00
0.000000000e+00 0.000000000e+00
0.000000000e+00 0.000000000e+00
0.000000000e+00 0.000000000e+00
0.000000000e+00 0.000000000e+00
0.000000000e+00 0.000000000e+00
0.000000000e+00 0.000000000e+00
0.000000000e+00 0.000000000e+00
0.000000000e+00 0.000000000e+00
0.000000000e+00 2.085967064e-01
0.000000000e+00 0.000000000e+00
0.000000000e+00 0.000000000e+00
0.000000000e+00 0.000000000e+00
0.000000000e+00 0.000000000e+00
0.000000000e+00 0.000000000e+00
0.000000000e+00 0.000000000e+00
0.000000000e+00 0.000000000e+00
0.000000000e+00 0.000000000e+00
0.000000000e+00 0.000000000e+00
0.000000000e+00 0.000000000e+00
