1.991260000e+05 4.903760000e+05 
2.015760000e+05 4.978260000e+05 
2.040260000e+05 5.052760000e+05 
2.064760000e+05 5.127260000e+05 
2.089260000e+05 5.201760000e+05 
2.113760000e+05 5.276260000e+05 
2.138260000e+05 5.350760000e+05 
2.162760000e+05 5.425260000e+05 
2.187260000e+05 5.499760000e+05 
2.211760000e+05 5.574260000e+05 
2.236260000e+05 5.648760000e+05 
2.260760000e+05 5.723260000e+05 
2.285260000e+05 5.797760000e+05 
2.309760000e+05 5.872260000e+05 
2.334260000e+05 5.946760000e+05 
2.358760000e+05 6.021260000e+05 
2.383260000e+05 6.095760000e+05 
2.407760000e+05 6.170260000e+05 
2.432260000e+05 6.244760000e+05 
2.456760000e+05 6.319260000e+05 
2.481260000e+05 6.393760000e+05 
2.505760000e+05 6.468260000e+05 
2.530260000e+05 6.542760000e+05 
2.554760000e+05 6.617260000e+05 
2.677260000e+05 6.989760000e+05 
2.701760000e+05 7.064260000e+05 
2.726260000e+05 7.138760000e+05 
2.750760000e+05 7.213260000e+05 
2.775260000e+05 7.287760000e+05 
2.799760000e+05 7.362260000e+05 
2.824260000e+05 7.436760000e+05 
2.848760000e+05 7.511260000e+05 
2.873260000e+05 7.585760000e+05 
2.897760000e+05 7.660260000e+05 
2.922260000e+05 7.734760000e+05 
2.946760000e+05 7.809260000e+05 
2.971260000e+05 7.883760000e+05 
2.995760000e+05 7.958260000e+05 
3.020260000e+05 8.032760000e+05 
3.044760000e+05 8.107260000e+05 
3.069260000e+05 8.181760000e+05 
3.093760000e+05 8.256260000e+05 
3.118260000e+05 8.330760000e+05 
3.142760000e+05 8.405260000e+05 
3.167260000e+05 8.479760000e+05 
3.191760000e+05 8.554260000e+05 
3.216260000e+05 8.628760000e+05 
3.240760000e+05 8.703260000e+05 
3.363260000e+05 9.075760000e+05 
3.387760000e+05 9.150260000e+05 
3.412260000e+05 9.224760000e+05 
3.436760000e+05 9.299260000e+05 
3.461260000e+05 9.373760000e+05 
3.485760000e+05 9.448260000e+05 
3.510260000e+05 9.522760000e+05 
3.534760000e+05 9.597260000e+05 
3.559260000e+05 9.671760000e+05 
3.583760000e+05 9.746260000e+05 
3.608260000e+05 9.820760000e+05 
3.632760000e+05 9.895260000e+05 
3.657260000e+05 9.969760000e+05 
3.681760000e+05 1.004426000e+06 
3.706260000e+05 1.011876000e+06 
3.730760000e+05 1.019326000e+06 
3.755260000e+05 1.026776000e+06 
3.779760000e+05 1.034226000e+06 
3.804260000e+05 1.041676000e+06 
3.828760000e+05 1.049126000e+06 
3.853260000e+05 1.056576000e+06 
3.877760000e+05 1.064026000e+06 
3.902260000e+05 1.071476000e+06 
3.926760000e+05 1.078926000e+06 
4.049260000e+05 1.116176000e+06 
4.073760000e+05 1.123626000e+06 
4.098260000e+05 1.131076000e+06 
4.122760000e+05 1.138526000e+06 
4.147260000e+05 1.145976000e+06 
4.171760000e+05 1.153426000e+06 
4.196260000e+05 1.160876000e+06 
4.220760000e+05 1.168326000e+06 
4.245260000e+05 1.175776000e+06 
4.269760000e+05 1.183226000e+06 
4.294260000e+05 1.190676000e+06 
4.318760000e+05 1.198126000e+06 
4.343260000e+05 1.205576000e+06 
4.367760000e+05 1.213026000e+06 
4.392260000e+05 1.220476000e+06 
4.416760000e+05 1.227926000e+06 
4.441260000e+05 1.235376000e+06 
4.465760000e+05 1.242826000e+06 
4.490260000e+05 1.250276000e+06 
4.514760000e+05 1.257726000e+06 
4.539260000e+05 1.265176000e+06 
4.563760000e+05 1.272626000e+06 
4.588260000e+05 1.280076000e+06 
4.612760000e+05 1.287526000e+06 
4.735260000e+05 1.324776000e+06 
4.759760000e+05 1.332226000e+06 
4.784260000e+05 1.339676000e+06 
4.808760000e+05 1.347126000e+06 
4.833260000e+05 1.354576000e+06 
4.857760000e+05 1.362026000e+06 
4.882260000e+05 1.369476000e+06 
4.906760000e+05 1.376926000e+06 
4.931260000e+05 1.384376000e+06 
4.955760000e+05 1.391826000e+06 
4.980260000e+05 1.399276000e+06 
5.004760000e+05 1.406726000e+06 
5.029260000e+05 1.414176000e+06 
5.053760000e+05 1.421626000e+06 
5.078260000e+05 1.429076000e+06 
5.102760000e+05 1.436526000e+06 
5.127260000e+05 1.443976000e+06 
5.151760000e+05 1.451426000e+06 
5.176260000e+05 1.458876000e+06 
5.200760000e+05 1.466326000e+06 
5.225260000e+05 1.473776000e+06 
5.249760000e+05 1.481226000e+06 
5.274260000e+05 1.488676000e+06 
5.298760000e+05 1.496126000e+06 
5.421260000e+05 1.533376000e+06 
5.445760000e+05 1.540826000e+06 
5.470260000e+05 1.548276000e+06 
5.494760000e+05 1.555726000e+06 
5.519260000e+05 1.563176000e+06 
5.543760000e+05 1.570626000e+06 
5.568260000e+05 1.578076000e+06 
5.592760000e+05 1.585526000e+06 
5.617260000e+05 1.592976000e+06 
5.641760000e+05 1.600426000e+06 
5.666260000e+05 1.607876000e+06 
5.690760000e+05 1.615326000e+06 
5.715260000e+05 1.622776000e+06 
5.739760000e+05 1.630226000e+06 
5.764260000e+05 1.637676000e+06 
5.788760000e+05 1.645126000e+06 
5.813260000e+05 1.652576000e+06 
5.837760000e+05 1.660026000e+06 
5.862260000e+05 1.667476000e+06 
5.886760000e+05 1.674926000e+06 
5.911260000e+05 1.682376000e+06 
5.935760000e+05 1.689826000e+06 
5.960260000e+05 1.697276000e+06 
5.984760000e+05 1.704726000e+06 
6.107260000e+05 1.741976000e+06 
6.131760000e+05 1.749426000e+06 
6.156260000e+05 1.756876000e+06 
6.180760000e+05 1.764326000e+06 
6.205260000e+05 1.771776000e+06 
6.229760000e+05 1.779226000e+06 
6.254260000e+05 1.786676000e+06 
6.278760000e+05 1.794126000e+06 
6.303260000e+05 1.801576000e+06 
6.327760000e+05 1.809026000e+06 
6.352260000e+05 1.816476000e+06 
6.376760000e+05 1.823926000e+06 
6.401260000e+05 1.831376000e+06 
6.425760000e+05 1.838826000e+06 
6.450260000e+05 1.846276000e+06 
6.474760000e+05 1.853726000e+06 
6.499260000e+05 1.861176000e+06 
6.523760000e+05 1.868626000e+06 
6.548260000e+05 1.876076000e+06 
6.572760000e+05 1.883526000e+06 
6.597260000e+05 1.890976000e+06 
6.621760000e+05 1.898426000e+06 
6.646260000e+05 1.905876000e+06 
6.670760000e+05 1.913326000e+06 
6.793260000e+05 1.950576000e+06 
6.817760000e+05 1.958026000e+06 
6.842260000e+05 1.965476000e+06 
6.866760000e+05 1.972926000e+06 
6.891260000e+05 1.980376000e+06 
6.915760000e+05 1.987826000e+06 
6.940260000e+05 1.995276000e+06 
6.964760000e+05 2.002726000e+06 
6.989260000e+05 2.010176000e+06 
7.013760000e+05 2.017626000e+06 
7.038260000e+05 2.025076000e+06 
7.062760000e+05 2.032526000e+06 
7.087260000e+05 2.039976000e+06 
7.111760000e+05 2.047426000e+06 
7.136260000e+05 2.054876000e+06 
7.160760000e+05 2.062326000e+06 
7.185260000e+05 2.069776000e+06 
7.209760000e+05 2.077226000e+06 
7.234260000e+05 2.084676000e+06 
7.258760000e+05 2.092126000e+06 
7.283260000e+05 2.099576000e+06 
7.307760000e+05 2.107026000e+06 
7.332260000e+05 2.114476000e+06 
7.356760000e+05 2.121926000e+06 
7.479260000e+05 2.159176000e+06 
7.503760000e+05 2.166626000e+06 
7.528260000e+05 2.174076000e+06 
7.552760000e+05 2.181526000e+06 
7.577260000e+05 2.188976000e+06 
7.601760000e+05 2.196426000e+06 
7.626260000e+05 2.203876000e+06 
7.650760000e+05 2.211326000e+06 
7.675260000e+05 2.218776000e+06 
7.699760000e+05 2.226226000e+06 
7.724260000e+05 2.233676000e+06 
7.748760000e+05 2.241126000e+06 
7.773260000e+05 2.248576000e+06 
7.797760000e+05 2.256026000e+06 
7.822260000e+05 2.263476000e+06 
7.846760000e+05 2.270926000e+06 
7.871260000e+05 2.278376000e+06 
7.895760000e+05 2.285826000e+06 
7.920260000e+05 2.293276000e+06 
7.944760000e+05 2.300726000e+06 
7.969260000e+05 2.308176000e+06 
7.993760000e+05 2.315626000e+06 
8.018260000e+05 2.323076000e+06 
8.042760000e+05 2.330526000e+06 
8.165260000e+05 2.367776000e+06 
8.189760000e+05 2.375226000e+06 
8.214260000e+05 2.382676000e+06 
8.238760000e+05 2.390126000e+06 
8.263260000e+05 2.397576000e+06 
8.287760000e+05 2.405026000e+06 
8.312260000e+05 2.412476000e+06 
8.336760000e+05 2.419926000e+06 
8.361260000e+05 2.427376000e+06 
8.385760000e+05 2.434826000e+06 
8.410260000e+05 2.442276000e+06 
8.434760000e+05 2.449726000e+06 
8.459260000e+05 2.457176000e+06 
8.483760000e+05 2.464626000e+06 
8.508260000e+05 2.472076000e+06 
8.532760000e+05 2.479526000e+06 
8.557260000e+05 2.486976000e+06 
8.581760000e+05 2.494426000e+06 
8.606260000e+05 2.501876000e+06 
8.630760000e+05 2.509326000e+06 
8.655260000e+05 2.516776000e+06 
8.679760000e+05 2.524226000e+06 
8.704260000e+05 2.531676000e+06 
8.728760000e+05 2.539126000e+06 
8.851260000e+05 2.576376000e+06 
8.875760000e+05 2.583826000e+06 
8.900260000e+05 2.591276000e+06 
8.924760000e+05 2.598726000e+06 
8.949260000e+05 2.606176000e+06 
8.973760000e+05 2.613626000e+06 
8.998260000e+05 2.621076000e+06 
9.022760000e+05 2.628526000e+06 
9.047260000e+05 2.635976000e+06 
9.071760000e+05 2.643426000e+06 
9.096260000e+05 2.650876000e+06 
9.120760000e+05 2.658326000e+06 
9.145260000e+05 2.665776000e+06 
9.169760000e+05 2.673226000e+06 
9.194260000e+05 2.680676000e+06 
9.218760000e+05 2.688126000e+06 
9.243260000e+05 2.695576000e+06 
9.267760000e+05 2.703026000e+06 
9.292260000e+05 2.710476000e+06 
9.316760000e+05 2.717926000e+06 
9.341260000e+05 2.725376000e+06 
9.365760000e+05 2.732826000e+06 
9.390260000e+05 2.740276000e+06 
9.414760000e+05 2.747726000e+06 
9.537260000e+05 2.784976000e+06 
9.561760000e+05 2.792426000e+06 
9.586260000e+05 2.799876000e+06 
9.610760000e+05 2.807326000e+06 
9.635260000e+05 2.814776000e+06 
9.659760000e+05 2.822226000e+06 
9.684260000e+05 2.829676000e+06 
9.708760000e+05 2.837126000e+06 
9.733260000e+05 2.844576000e+06 
9.757760000e+05 2.852026000e+06 
9.782260000e+05 2.859476000e+06 
9.806760000e+05 2.866926000e+06 
9.831260000e+05 2.874376000e+06 
9.855760000e+05 2.881826000e+06 
9.880260000e+05 2.889276000e+06 
9.904760000e+05 2.896726000e+06 
9.929260000e+05 2.904176000e+06 
9.953760000e+05 2.911626000e+06 
9.978260000e+05 2.919076000e+06 
1.000276000e+06 2.926526000e+06 
1.002726000e+06 2.933976000e+06 
1.005176000e+06 2.941426000e+06 
1.007626000e+06 2.948876000e+06 
1.010076000e+06 2.956326000e+06 
1.022326000e+06 2.993576000e+06 
1.024776000e+06 3.001026000e+06 
1.027226000e+06 3.008476000e+06 
1.029676000e+06 3.015926000e+06 
1.032126000e+06 3.023376000e+06 
1.034576000e+06 3.030826000e+06 
1.037026000e+06 3.038276000e+06 
1.039476000e+06 3.045726000e+06 
1.041926000e+06 3.053176000e+06 
1.044376000e+06 3.060626000e+06 
1.046826000e+06 3.068076000e+06 
1.049276000e+06 3.075526000e+06 
1.051726000e+06 3.082976000e+06 
1.054176000e+06 3.090426000e+06 
1.056626000e+06 3.097876000e+06 
1.059076000e+06 3.105326000e+06 
1.061526000e+06 3.112776000e+06 
1.063976000e+06 3.120226000e+06 
1.066426000e+06 3.127676000e+06 
1.068876000e+06 3.135126000e+06 
1.071326000e+06 3.142576000e+06 
1.073776000e+06 3.150026000e+06 
1.076226000e+06 3.157476000e+06 
1.078676000e+06 3.164926000e+06 
1.090926000e+06 3.202176000e+06 
1.093376000e+06 3.209626000e+06 
1.095826000e+06 3.217076000e+06 
1.098276000e+06 3.224526000e+06 
1.100726000e+06 3.231976000e+06 
1.103176000e+06 3.239426000e+06 
1.105626000e+06 3.246876000e+06 
1.108076000e+06 3.254326000e+06 
1.110526000e+06 3.261776000e+06 
1.112976000e+06 3.269226000e+06 
1.115426000e+06 3.276676000e+06 
1.117876000e+06 3.284126000e+06 
1.120326000e+06 3.291576000e+06 
1.122776000e+06 3.299026000e+06 
1.125226000e+06 3.306476000e+06 
1.127676000e+06 3.313926000e+06 
1.130126000e+06 3.321376000e+06 
1.132576000e+06 3.328826000e+06 
1.135026000e+06 3.336276000e+06 
1.137476000e+06 3.343726000e+06 
1.139926000e+06 3.351176000e+06 
1.142376000e+06 3.358626000e+06 
1.144826000e+06 3.366076000e+06 
1.147276000e+06 3.373526000e+06 
1.159526000e+06 3.410776000e+06 
1.161976000e+06 3.418226000e+06 
1.164426000e+06 3.425676000e+06 
1.166876000e+06 3.433126000e+06 
1.169326000e+06 3.440576000e+06 
1.171776000e+06 3.448026000e+06 
1.174226000e+06 3.455476000e+06 
1.176676000e+06 3.462926000e+06 
1.179126000e+06 3.470376000e+06 
1.181576000e+06 3.477826000e+06 
1.184026000e+06 3.485276000e+06 
1.186476000e+06 3.492726000e+06 
1.188926000e+06 3.500176000e+06 
1.191376000e+06 3.507626000e+06 
1.193826000e+06 3.515076000e+06 
1.196276000e+06 3.522526000e+06 
1.198726000e+06 3.529976000e+06 
1.201176000e+06 3.537426000e+06 
1.203626000e+06 3.544876000e+06 
1.206076000e+06 3.552326000e+06 
1.208526000e+06 3.559776000e+06 
1.210976000e+06 3.567226000e+06 
1.213426000e+06 3.574676000e+06 
1.215876000e+06 3.582126000e+06 
1.228126000e+06 3.619376000e+06 
1.230576000e+06 3.626826000e+06 
1.233026000e+06 3.634276000e+06 
1.235476000e+06 3.641726000e+06 
1.237926000e+06 3.649176000e+06 
1.240376000e+06 3.656626000e+06 
1.242826000e+06 3.664076000e+06 
1.245276000e+06 3.671526000e+06 
1.247726000e+06 3.678976000e+06 
1.250176000e+06 3.686426000e+06 
1.252626000e+06 3.693876000e+06 
1.255076000e+06 3.701326000e+06 
1.257526000e+06 3.708776000e+06 
1.259976000e+06 3.716226000e+06 
1.262426000e+06 3.723676000e+06 
1.264876000e+06 3.731126000e+06 
1.267326000e+06 3.738576000e+06 
1.269776000e+06 3.746026000e+06 
1.272226000e+06 3.753476000e+06 
1.274676000e+06 3.760926000e+06 
1.277126000e+06 3.768376000e+06 
1.279576000e+06 3.775826000e+06 
1.282026000e+06 3.783276000e+06 
1.284476000e+06 3.790726000e+06 
1.296726000e+06 3.827976000e+06 
1.299176000e+06 3.835426000e+06 
1.301626000e+06 3.842876000e+06 
1.304076000e+06 3.850326000e+06 
1.306526000e+06 3.857776000e+06 
1.308976000e+06 3.865226000e+06 
1.311426000e+06 3.872676000e+06 
1.313876000e+06 3.880126000e+06 
1.316326000e+06 3.887576000e+06 
1.318776000e+06 3.895026000e+06 
1.321226000e+06 3.902476000e+06 
1.323676000e+06 3.909926000e+06 
1.326126000e+06 3.917376000e+06 
1.328576000e+06 3.924826000e+06 
1.331026000e+06 3.932276000e+06 
1.333476000e+06 3.939726000e+06 
1.335926000e+06 3.947176000e+06 
1.338376000e+06 3.954626000e+06 
1.340826000e+06 3.962076000e+06 
1.343276000e+06 3.969526000e+06 
1.345726000e+06 3.976976000e+06 
1.348176000e+06 3.984426000e+06 
1.350626000e+06 3.991876000e+06 
1.353076000e+06 3.999326000e+06 
1.365326000e+06 4.036576000e+06 
1.367776000e+06 4.044026000e+06 
1.370226000e+06 4.051476000e+06 
1.372676000e+06 4.058926000e+06 
1.375126000e+06 4.066376000e+06 
1.377576000e+06 4.073826000e+06 
1.380026000e+06 4.081276000e+06 
1.382476000e+06 4.088726000e+06 
1.384926000e+06 4.096176000e+06 
1.387376000e+06 4.103626000e+06 
1.389826000e+06 4.111076000e+06 
1.392276000e+06 4.118526000e+06 
1.394726000e+06 4.125976000e+06 
1.397176000e+06 4.133426000e+06 
1.399626000e+06 4.140876000e+06 
1.402076000e+06 4.148326000e+06 
1.404526000e+06 4.155776000e+06 
1.406976000e+06 4.163226000e+06 
1.409426000e+06 4.170676000e+06 
1.411876000e+06 4.178126000e+06 
1.414326000e+06 4.185576000e+06 
1.416776000e+06 4.193026000e+06 
1.419226000e+06 4.200476000e+06 
1.421676000e+06 4.207926000e+06 
1.433926000e+06 4.245176000e+06 
1.436376000e+06 4.252626000e+06 
1.438826000e+06 4.260076000e+06 
1.441276000e+06 4.267526000e+06 
1.443726000e+06 4.274976000e+06 
1.446176000e+06 4.282426000e+06 
1.448626000e+06 4.289876000e+06 
1.451076000e+06 4.297326000e+06 
1.453526000e+06 4.304776000e+06 
1.455976000e+06 4.312226000e+06 
1.458426000e+06 4.319676000e+06 
1.460876000e+06 4.327126000e+06 
1.463326000e+06 4.334576000e+06 
1.465776000e+06 4.342026000e+06 
1.468226000e+06 4.349476000e+06 
1.470676000e+06 4.356926000e+06 
1.473126000e+06 4.364376000e+06 
1.475576000e+06 4.371826000e+06 
1.478026000e+06 4.379276000e+06 
1.480476000e+06 4.386726000e+06 
1.482926000e+06 4.394176000e+06 
1.485376000e+06 4.401626000e+06 
1.487826000e+06 4.409076000e+06 
1.490276000e+06 4.416526000e+06 
1.502526000e+06 4.453776000e+06 
1.504976000e+06 4.461226000e+06 
1.507426000e+06 4.468676000e+06 
1.509876000e+06 4.476126000e+06 
1.512326000e+06 4.483576000e+06 
1.514776000e+06 4.491026000e+06 
1.517226000e+06 4.498476000e+06 
1.519676000e+06 4.505926000e+06 
1.522126000e+06 4.513376000e+06 
1.524576000e+06 4.520826000e+06 
1.527026000e+06 4.528276000e+06 
1.529476000e+06 4.535726000e+06 
1.531926000e+06 4.543176000e+06 
1.534376000e+06 4.550626000e+06 
1.536826000e+06 4.558076000e+06 
1.539276000e+06 4.565526000e+06 
1.541726000e+06 4.572976000e+06 
1.544176000e+06 4.580426000e+06 
1.546626000e+06 4.587876000e+06 
1.549076000e+06 4.595326000e+06 
1.551526000e+06 4.602776000e+06 
1.553976000e+06 4.610226000e+06 
1.556426000e+06 4.617676000e+06 
1.558876000e+06 4.625126000e+06 
1.571126000e+06 4.662376000e+06 
1.573576000e+06 4.669826000e+06 
1.576026000e+06 4.677276000e+06 
1.578476000e+06 4.684726000e+06 
1.580926000e+06 4.692176000e+06 
1.583376000e+06 4.699626000e+06 
1.585826000e+06 4.707076000e+06 
1.588276000e+06 4.714526000e+06 
1.590726000e+06 4.721976000e+06 
1.593176000e+06 4.729426000e+06 
1.595626000e+06 4.736876000e+06 
1.598076000e+06 4.744326000e+06 
1.600526000e+06 4.751776000e+06 
1.602976000e+06 4.759226000e+06 
1.605426000e+06 4.766676000e+06 
1.607876000e+06 4.774126000e+06 
1.610326000e+06 4.781576000e+06 
1.612776000e+06 4.789026000e+06 
1.615226000e+06 4.796476000e+06 
1.617676000e+06 4.803926000e+06 
1.620126000e+06 4.811376000e+06 
1.622576000e+06 4.818826000e+06 
1.625026000e+06 4.826276000e+06 
1.627476000e+06 4.833726000e+06 
1.639726000e+06 4.870976000e+06 
1.642176000e+06 4.878426000e+06 
1.644626000e+06 4.885876000e+06 
1.647076000e+06 4.893326000e+06 
1.649526000e+06 4.900776000e+06 
1.651976000e+06 4.908226000e+06 
1.654426000e+06 4.915676000e+06 
1.656876000e+06 4.923126000e+06 
1.659326000e+06 4.930576000e+06 
1.661776000e+06 4.938026000e+06 
1.664226000e+06 4.945476000e+06 
1.666676000e+06 4.952926000e+06 
1.669126000e+06 4.960376000e+06 
1.671576000e+06 4.967826000e+06 
1.674026000e+06 4.975276000e+06 
1.676476000e+06 4.982726000e+06 
1.678926000e+06 4.990176000e+06 
1.681376000e+06 4.997626000e+06 
1.683826000e+06 5.005076000e+06 
1.686276000e+06 5.012526000e+06 
1.688726000e+06 5.019976000e+06 
1.691176000e+06 5.027426000e+06 
1.693626000e+06 5.034876000e+06 
1.696076000e+06 5.042326000e+06 
1.708326000e+06 5.079576000e+06 
1.710776000e+06 5.087026000e+06 
1.713226000e+06 5.094476000e+06 
1.715676000e+06 5.101926000e+06 
1.718126000e+06 5.109376000e+06 
1.720576000e+06 5.116826000e+06 
1.723026000e+06 5.124276000e+06 
1.725476000e+06 5.131726000e+06 
1.727926000e+06 5.139176000e+06 
1.730376000e+06 5.146626000e+06 
1.732826000e+06 5.154076000e+06 
1.735276000e+06 5.161526000e+06 
1.737726000e+06 5.168976000e+06 
1.740176000e+06 5.176426000e+06 
1.742626000e+06 5.183876000e+06 
1.745076000e+06 5.191326000e+06 
1.747526000e+06 5.198776000e+06 
1.749976000e+06 5.206226000e+06 
1.752426000e+06 5.213676000e+06 
1.754876000e+06 5.221126000e+06 
1.757326000e+06 5.228576000e+06 
1.759776000e+06 5.236026000e+06 
1.762226000e+06 5.243476000e+06 
1.764676000e+06 5.250926000e+06 
1.776926000e+06 5.288176000e+06 
1.779376000e+06 5.295626000e+06 
1.781826000e+06 5.303076000e+06 
1.784276000e+06 5.310526000e+06 
1.786726000e+06 5.317976000e+06 
1.789176000e+06 5.325426000e+06 
1.791626000e+06 5.332876000e+06 
1.794076000e+06 5.340326000e+06 
1.796526000e+06 5.347776000e+06 
1.798976000e+06 5.355226000e+06 
1.801426000e+06 5.362676000e+06 
1.803876000e+06 5.370126000e+06 
1.806326000e+06 5.377576000e+06 
1.808776000e+06 5.385026000e+06 
1.811226000e+06 5.392476000e+06 
1.813676000e+06 5.399926000e+06 
1.816126000e+06 5.407376000e+06 
1.818576000e+06 5.414826000e+06 
1.821026000e+06 5.422276000e+06 
1.823476000e+06 5.429726000e+06 
1.825926000e+06 5.437176000e+06 
1.828376000e+06 5.444626000e+06 
1.830826000e+06 5.452076000e+06 
1.833276000e+06 5.459526000e+06 
