8.103510000000000000e+05 8.115760000000000000e+05
8.128010000000000000e+05 8.140260000000000000e+05
8.152510000000000000e+05 8.164760000000000000e+05
8.177010000000000000e+05 8.189260000000000000e+05
8.201510000000000000e+05 8.213760000000000000e+05
8.226010000000000000e+05 8.238260000000000000e+05
8.250510000000000000e+05 8.262760000000000000e+05
8.275010000000000000e+05 8.287260000000000000e+05
8.299510000000000000e+05 8.311760000000000000e+05
8.324010000000000000e+05 8.336260000000000000e+05
8.348510000000000000e+05 8.360760000000000000e+05
8.373010000000000000e+05 8.385260000000000000e+05
8.446510000000000000e+05 8.458760000000000000e+05
8.471010000000000000e+05 8.483260000000000000e+05
8.495510000000000000e+05 8.507760000000000000e+05
8.520010000000000000e+05 8.532260000000000000e+05
8.544510000000000000e+05 8.556760000000000000e+05
8.569010000000000000e+05 8.581260000000000000e+05
8.593510000000000000e+05 8.605760000000000000e+05
8.618010000000000000e+05 8.630260000000000000e+05
8.642510000000000000e+05 8.654760000000000000e+05
8.667010000000000000e+05 8.679260000000000000e+05
8.691510000000000000e+05 8.703760000000000000e+05
8.716010000000000000e+05 8.728260000000000000e+05
8.789510000000000000e+05 8.801760000000000000e+05
8.814010000000000000e+05 8.826260000000000000e+05
8.838510000000000000e+05 8.850760000000000000e+05
8.863010000000000000e+05 8.875260000000000000e+05
8.887510000000000000e+05 8.899760000000000000e+05
8.912010000000000000e+05 8.924260000000000000e+05
8.936510000000000000e+05 8.948760000000000000e+05
8.961010000000000000e+05 8.973260000000000000e+05
8.985510000000000000e+05 8.997760000000000000e+05
9.010010000000000000e+05 9.022260000000000000e+05
9.034510000000000000e+05 9.046760000000000000e+05
9.059010000000000000e+05 9.071260000000000000e+05
9.132510000000000000e+05 9.144760000000000000e+05
9.157010000000000000e+05 9.169260000000000000e+05
9.181510000000000000e+05 9.193760000000000000e+05
9.206010000000000000e+05 9.218260000000000000e+05
9.230510000000000000e+05 9.242760000000000000e+05
9.255010000000000000e+05 9.267260000000000000e+05
9.279510000000000000e+05 9.291760000000000000e+05
9.304010000000000000e+05 9.316260000000000000e+05
9.328510000000000000e+05 9.340760000000000000e+05
9.353010000000000000e+05 9.365260000000000000e+05
9.377510000000000000e+05 9.389760000000000000e+05
9.402010000000000000e+05 9.414260000000000000e+05
9.475510000000000000e+05 9.487760000000000000e+05
9.500010000000000000e+05 9.512260000000000000e+05
9.524510000000000000e+05 9.536760000000000000e+05
9.549010000000000000e+05 9.561260000000000000e+05
9.573510000000000000e+05 9.585760000000000000e+05
9.598010000000000000e+05 9.610260000000000000e+05
9.622510000000000000e+05 9.634760000000000000e+05
9.647010000000000000e+05 9.659260000000000000e+05
9.671510000000000000e+05 9.683760000000000000e+05
9.696010000000000000e+05 9.708260000000000000e+05
9.720510000000000000e+05 9.732760000000000000e+05
9.745010000000000000e+05 9.757260000000000000e+05
9.818510000000000000e+05 9.830760000000000000e+05
9.843010000000000000e+05 9.855260000000000000e+05
9.867510000000000000e+05 9.879760000000000000e+05
9.892010000000000000e+05 9.904260000000000000e+05
9.916510000000000000e+05 9.928760000000000000e+05
9.941010000000000000e+05 9.953260000000000000e+05
9.965510000000000000e+05 9.977760000000000000e+05
9.990010000000000000e+05 1.000226000000000000e+06
1.001451000000000000e+06 1.002676000000000000e+06
1.003901000000000000e+06 1.005126000000000000e+06
1.006351000000000000e+06 1.007576000000000000e+06
1.008801000000000000e+06 1.010026000000000000e+06
1.016151000000000000e+06 1.017376000000000000e+06
1.018601000000000000e+06 1.019826000000000000e+06
1.021051000000000000e+06 1.022276000000000000e+06
1.023501000000000000e+06 1.024726000000000000e+06
1.025951000000000000e+06 1.027176000000000000e+06
1.028401000000000000e+06 1.029626000000000000e+06
1.030851000000000000e+06 1.032076000000000000e+06
1.033301000000000000e+06 1.034526000000000000e+06
1.035751000000000000e+06 1.036976000000000000e+06
1.038201000000000000e+06 1.039426000000000000e+06
1.040651000000000000e+06 1.041876000000000000e+06
1.043101000000000000e+06 1.044326000000000000e+06
1.050451000000000000e+06 1.051676000000000000e+06
1.052901000000000000e+06 1.054126000000000000e+06
1.055351000000000000e+06 1.056576000000000000e+06
1.057801000000000000e+06 1.059026000000000000e+06
1.060251000000000000e+06 1.061476000000000000e+06
1.062701000000000000e+06 1.063926000000000000e+06
1.065151000000000000e+06 1.066376000000000000e+06
1.067601000000000000e+06 1.068826000000000000e+06
1.070051000000000000e+06 1.071276000000000000e+06
1.072501000000000000e+06 1.073726000000000000e+06
1.074951000000000000e+06 1.076176000000000000e+06
1.077401000000000000e+06 1.078626000000000000e+06
1.084751000000000000e+06 1.085976000000000000e+06
1.087201000000000000e+06 1.088426000000000000e+06
1.089651000000000000e+06 1.090876000000000000e+06
1.092101000000000000e+06 1.093326000000000000e+06
1.094551000000000000e+06 1.095776000000000000e+06
1.097001000000000000e+06 1.098226000000000000e+06
1.099451000000000000e+06 1.100676000000000000e+06
1.101901000000000000e+06 1.103126000000000000e+06
1.104351000000000000e+06 1.105576000000000000e+06
1.106801000000000000e+06 1.108026000000000000e+06
1.109251000000000000e+06 1.110476000000000000e+06
1.111701000000000000e+06 1.112926000000000000e+06
1.119051000000000000e+06 1.120276000000000000e+06
1.121501000000000000e+06 1.122726000000000000e+06
1.123951000000000000e+06 1.125176000000000000e+06
1.126401000000000000e+06 1.127626000000000000e+06
1.128851000000000000e+06 1.130076000000000000e+06
1.131301000000000000e+06 1.132526000000000000e+06
1.133751000000000000e+06 1.134976000000000000e+06
1.136201000000000000e+06 1.137426000000000000e+06
1.138651000000000000e+06 1.139876000000000000e+06
1.141101000000000000e+06 1.142326000000000000e+06
1.143551000000000000e+06 1.144776000000000000e+06
1.146001000000000000e+06 1.147226000000000000e+06
1.153351000000000000e+06 1.154576000000000000e+06
1.155801000000000000e+06 1.157026000000000000e+06
1.158251000000000000e+06 1.159476000000000000e+06
1.160701000000000000e+06 1.161926000000000000e+06
1.163151000000000000e+06 1.164376000000000000e+06
1.165601000000000000e+06 1.166826000000000000e+06
1.168051000000000000e+06 1.169276000000000000e+06
1.170501000000000000e+06 1.171726000000000000e+06
1.172951000000000000e+06 1.174176000000000000e+06
1.175401000000000000e+06 1.176626000000000000e+06
1.177851000000000000e+06 1.179076000000000000e+06
1.180301000000000000e+06 1.181526000000000000e+06
1.187651000000000000e+06 1.188876000000000000e+06
1.190101000000000000e+06 1.191326000000000000e+06
1.192551000000000000e+06 1.193776000000000000e+06
1.195001000000000000e+06 1.196226000000000000e+06
1.197451000000000000e+06 1.198676000000000000e+06
1.199901000000000000e+06 1.201126000000000000e+06
1.202351000000000000e+06 1.203576000000000000e+06
1.204801000000000000e+06 1.206026000000000000e+06
1.207251000000000000e+06 1.208476000000000000e+06
1.209701000000000000e+06 1.210926000000000000e+06
1.212151000000000000e+06 1.213376000000000000e+06
1.214601000000000000e+06 1.215826000000000000e+06
1.221951000000000000e+06 1.223176000000000000e+06
1.224401000000000000e+06 1.225626000000000000e+06
1.226851000000000000e+06 1.228076000000000000e+06
1.229301000000000000e+06 1.230526000000000000e+06
1.231751000000000000e+06 1.232976000000000000e+06
1.234201000000000000e+06 1.235426000000000000e+06
1.236651000000000000e+06 1.237876000000000000e+06
1.239101000000000000e+06 1.240326000000000000e+06
1.241551000000000000e+06 1.242776000000000000e+06
1.244001000000000000e+06 1.245226000000000000e+06
1.246451000000000000e+06 1.247676000000000000e+06
1.248901000000000000e+06 1.250126000000000000e+06
1.256251000000000000e+06 1.257476000000000000e+06
1.258701000000000000e+06 1.259926000000000000e+06
1.261151000000000000e+06 1.262376000000000000e+06
1.263601000000000000e+06 1.264826000000000000e+06
1.266051000000000000e+06 1.267276000000000000e+06
1.268501000000000000e+06 1.269726000000000000e+06
1.270951000000000000e+06 1.272176000000000000e+06
1.273401000000000000e+06 1.274626000000000000e+06
1.275851000000000000e+06 1.277076000000000000e+06
1.278301000000000000e+06 1.279526000000000000e+06
1.280751000000000000e+06 1.281976000000000000e+06
1.283201000000000000e+06 1.284426000000000000e+06
1.290551000000000000e+06 1.291776000000000000e+06
1.293001000000000000e+06 1.294226000000000000e+06
1.295451000000000000e+06 1.296676000000000000e+06
1.297901000000000000e+06 1.299126000000000000e+06
1.300351000000000000e+06 1.301576000000000000e+06
1.302801000000000000e+06 1.304026000000000000e+06
1.305251000000000000e+06 1.306476000000000000e+06
1.307701000000000000e+06 1.308926000000000000e+06
1.310151000000000000e+06 1.311376000000000000e+06
1.312601000000000000e+06 1.313826000000000000e+06
1.315051000000000000e+06 1.316276000000000000e+06
1.317501000000000000e+06 1.318726000000000000e+06
1.324851000000000000e+06 1.326076000000000000e+06
1.327301000000000000e+06 1.328526000000000000e+06
1.329751000000000000e+06 1.330976000000000000e+06
1.332201000000000000e+06 1.333426000000000000e+06
1.334651000000000000e+06 1.335876000000000000e+06
1.337101000000000000e+06 1.338326000000000000e+06
1.339551000000000000e+06 1.340776000000000000e+06
1.342001000000000000e+06 1.343226000000000000e+06
1.344451000000000000e+06 1.345676000000000000e+06
1.346901000000000000e+06 1.348126000000000000e+06
1.349351000000000000e+06 1.350576000000000000e+06
1.351801000000000000e+06 1.353026000000000000e+06
1.359151000000000000e+06 1.360376000000000000e+06
1.361601000000000000e+06 1.362826000000000000e+06
1.364051000000000000e+06 1.365276000000000000e+06
1.366501000000000000e+06 1.367726000000000000e+06
1.368951000000000000e+06 1.370176000000000000e+06
1.371401000000000000e+06 1.372626000000000000e+06
1.373851000000000000e+06 1.375076000000000000e+06
1.376301000000000000e+06 1.377526000000000000e+06
1.378751000000000000e+06 1.379976000000000000e+06
1.381201000000000000e+06 1.382426000000000000e+06
1.383651000000000000e+06 1.384876000000000000e+06
1.386101000000000000e+06 1.387326000000000000e+06
1.393451000000000000e+06 1.394676000000000000e+06
1.395901000000000000e+06 1.397126000000000000e+06
1.398351000000000000e+06 1.399576000000000000e+06
1.400801000000000000e+06 1.402026000000000000e+06
1.403251000000000000e+06 1.404476000000000000e+06
1.405701000000000000e+06 1.406926000000000000e+06
1.408151000000000000e+06 1.409376000000000000e+06
1.410601000000000000e+06 1.411826000000000000e+06
1.413051000000000000e+06 1.414276000000000000e+06
1.415501000000000000e+06 1.416726000000000000e+06
1.417951000000000000e+06 1.419176000000000000e+06
1.420401000000000000e+06 1.421626000000000000e+06
1.427751000000000000e+06 1.428976000000000000e+06
1.430201000000000000e+06 1.431426000000000000e+06
1.432651000000000000e+06 1.433876000000000000e+06
1.435101000000000000e+06 1.436326000000000000e+06
1.437551000000000000e+06 1.438776000000000000e+06
1.440001000000000000e+06 1.441226000000000000e+06
1.442451000000000000e+06 1.443676000000000000e+06
1.444901000000000000e+06 1.446126000000000000e+06
1.447351000000000000e+06 1.448576000000000000e+06
1.449801000000000000e+06 1.451026000000000000e+06
1.452251000000000000e+06 1.453476000000000000e+06
1.454701000000000000e+06 1.455926000000000000e+06
1.462051000000000000e+06 1.463276000000000000e+06
1.464501000000000000e+06 1.465726000000000000e+06
1.466951000000000000e+06 1.468176000000000000e+06
1.469401000000000000e+06 1.470626000000000000e+06
1.471851000000000000e+06 1.473076000000000000e+06
1.474301000000000000e+06 1.475526000000000000e+06
1.476751000000000000e+06 1.477976000000000000e+06
1.479201000000000000e+06 1.480426000000000000e+06
1.481651000000000000e+06 1.482876000000000000e+06
1.484101000000000000e+06 1.485326000000000000e+06
1.486551000000000000e+06 1.487776000000000000e+06
1.489001000000000000e+06 1.490226000000000000e+06
1.496351000000000000e+06 1.497576000000000000e+06
1.498801000000000000e+06 1.500026000000000000e+06
1.501251000000000000e+06 1.502476000000000000e+06
1.503701000000000000e+06 1.504926000000000000e+06
1.506151000000000000e+06 1.507376000000000000e+06
1.508601000000000000e+06 1.509826000000000000e+06
1.511051000000000000e+06 1.512276000000000000e+06
1.513501000000000000e+06 1.514726000000000000e+06
1.515951000000000000e+06 1.517176000000000000e+06
1.518401000000000000e+06 1.519626000000000000e+06
1.520851000000000000e+06 1.522076000000000000e+06
1.523301000000000000e+06 1.524526000000000000e+06
1.530651000000000000e+06 1.531876000000000000e+06
1.533101000000000000e+06 1.534326000000000000e+06
1.535551000000000000e+06 1.536776000000000000e+06
1.538001000000000000e+06 1.539226000000000000e+06
1.540451000000000000e+06 1.541676000000000000e+06
1.542901000000000000e+06 1.544126000000000000e+06
1.545351000000000000e+06 1.546576000000000000e+06
1.547801000000000000e+06 1.549026000000000000e+06
1.550251000000000000e+06 1.551476000000000000e+06
1.552701000000000000e+06 1.553926000000000000e+06
1.555151000000000000e+06 1.556376000000000000e+06
1.557601000000000000e+06 1.558826000000000000e+06
1.564951000000000000e+06 1.566176000000000000e+06
1.567401000000000000e+06 1.568626000000000000e+06
1.569851000000000000e+06 1.571076000000000000e+06
1.572301000000000000e+06 1.573526000000000000e+06
1.574751000000000000e+06 1.575976000000000000e+06
1.577201000000000000e+06 1.578426000000000000e+06
1.579651000000000000e+06 1.580876000000000000e+06
1.582101000000000000e+06 1.583326000000000000e+06
1.584551000000000000e+06 1.585776000000000000e+06
1.587001000000000000e+06 1.588226000000000000e+06
1.589451000000000000e+06 1.590676000000000000e+06
1.591901000000000000e+06 1.593126000000000000e+06
1.599251000000000000e+06 1.600476000000000000e+06
1.601701000000000000e+06 1.602926000000000000e+06
1.604151000000000000e+06 1.605376000000000000e+06
1.606601000000000000e+06 1.607826000000000000e+06
1.609051000000000000e+06 1.610276000000000000e+06
1.611501000000000000e+06 1.612726000000000000e+06
1.613951000000000000e+06 1.615176000000000000e+06
1.616401000000000000e+06 1.617626000000000000e+06
1.618851000000000000e+06 1.620076000000000000e+06
1.621301000000000000e+06 1.622526000000000000e+06
1.623751000000000000e+06 1.624976000000000000e+06
1.626201000000000000e+06 1.627426000000000000e+06
1.935351000000000000e+06 1.939076000000000000e+06
1.942801000000000000e+06 1.946526000000000000e+06
1.950251000000000000e+06 1.953976000000000000e+06
1.957701000000000000e+06 1.961426000000000000e+06
1.965151000000000000e+06 1.968876000000000000e+06
1.972601000000000000e+06 1.976326000000000000e+06
1.980051000000000000e+06 1.983776000000000000e+06
1.987501000000000000e+06 1.991226000000000000e+06
1.994951000000000000e+06 1.998676000000000000e+06
2.002401000000000000e+06 2.006126000000000000e+06
2.009851000000000000e+06 2.013576000000000000e+06
2.017301000000000000e+06 2.021026000000000000e+06
2.039651000000000000e+06 2.043376000000000000e+06
2.047101000000000000e+06 2.050826000000000000e+06
2.054551000000000000e+06 2.058276000000000000e+06
2.062001000000000000e+06 2.065726000000000000e+06
2.069451000000000000e+06 2.073176000000000000e+06
2.076901000000000000e+06 2.080626000000000000e+06
2.084351000000000000e+06 2.088076000000000000e+06
2.091801000000000000e+06 2.095526000000000000e+06
2.099251000000000000e+06 2.102976000000000000e+06
2.106701000000000000e+06 2.110426000000000000e+06
2.114151000000000000e+06 2.117876000000000000e+06
2.121601000000000000e+06 2.125326000000000000e+06
2.143951000000000000e+06 2.147676000000000000e+06
2.151401000000000000e+06 2.155126000000000000e+06
2.158851000000000000e+06 2.162576000000000000e+06
2.166301000000000000e+06 2.170026000000000000e+06
2.173751000000000000e+06 2.177476000000000000e+06
2.181201000000000000e+06 2.184926000000000000e+06
2.188651000000000000e+06 2.192376000000000000e+06
2.196101000000000000e+06 2.199826000000000000e+06
2.203551000000000000e+06 2.207276000000000000e+06
2.211001000000000000e+06 2.214726000000000000e+06
2.218451000000000000e+06 2.222176000000000000e+06
2.225901000000000000e+06 2.229626000000000000e+06
2.248251000000000000e+06 2.251976000000000000e+06
2.255701000000000000e+06 2.259426000000000000e+06
2.263151000000000000e+06 2.266876000000000000e+06
2.270601000000000000e+06 2.274326000000000000e+06
2.278051000000000000e+06 2.281776000000000000e+06
2.285501000000000000e+06 2.289226000000000000e+06
2.292951000000000000e+06 2.296676000000000000e+06
2.300401000000000000e+06 2.304126000000000000e+06
2.307851000000000000e+06 2.311576000000000000e+06
2.315301000000000000e+06 2.319026000000000000e+06
2.322751000000000000e+06 2.326476000000000000e+06
2.330201000000000000e+06 2.333926000000000000e+06
2.352551000000000000e+06 2.356276000000000000e+06
2.360001000000000000e+06 2.363726000000000000e+06
2.367451000000000000e+06 2.371176000000000000e+06
2.374901000000000000e+06 2.378626000000000000e+06
2.382351000000000000e+06 2.386076000000000000e+06
2.389801000000000000e+06 2.393526000000000000e+06
2.397251000000000000e+06 2.400976000000000000e+06
2.404701000000000000e+06 2.408426000000000000e+06
2.412151000000000000e+06 2.415876000000000000e+06
2.419601000000000000e+06 2.423326000000000000e+06
2.427051000000000000e+06 2.430776000000000000e+06
2.434501000000000000e+06 2.438226000000000000e+06
2.456851000000000000e+06 2.460576000000000000e+06
2.464301000000000000e+06 2.468026000000000000e+06
2.471751000000000000e+06 2.475476000000000000e+06
2.479201000000000000e+06 2.482926000000000000e+06
2.486651000000000000e+06 2.490376000000000000e+06
2.494101000000000000e+06 2.497826000000000000e+06
2.501551000000000000e+06 2.505276000000000000e+06
2.509001000000000000e+06 2.512726000000000000e+06
2.516451000000000000e+06 2.520176000000000000e+06
2.523901000000000000e+06 2.527626000000000000e+06
2.531351000000000000e+06 2.535076000000000000e+06
2.538801000000000000e+06 2.542526000000000000e+06
2.561151000000000000e+06 2.564876000000000000e+06
2.568601000000000000e+06 2.572326000000000000e+06
2.576051000000000000e+06 2.579776000000000000e+06
2.583501000000000000e+06 2.587226000000000000e+06
2.590951000000000000e+06 2.594676000000000000e+06
2.598401000000000000e+06 2.602126000000000000e+06
2.605851000000000000e+06 2.609576000000000000e+06
2.613301000000000000e+06 2.617026000000000000e+06
2.620751000000000000e+06 2.624476000000000000e+06
2.628201000000000000e+06 2.631926000000000000e+06
2.635651000000000000e+06 2.639376000000000000e+06
2.643101000000000000e+06 2.646826000000000000e+06
2.665451000000000000e+06 2.669176000000000000e+06
2.672901000000000000e+06 2.676626000000000000e+06
2.680351000000000000e+06 2.684076000000000000e+06
2.687801000000000000e+06 2.691526000000000000e+06
2.695251000000000000e+06 2.698976000000000000e+06
2.702701000000000000e+06 2.706426000000000000e+06
2.710151000000000000e+06 2.713876000000000000e+06
2.717601000000000000e+06 2.721326000000000000e+06
2.725051000000000000e+06 2.728776000000000000e+06
2.732501000000000000e+06 2.736226000000000000e+06
2.739951000000000000e+06 2.743676000000000000e+06
2.747401000000000000e+06 2.751126000000000000e+06
2.769751000000000000e+06 2.773476000000000000e+06
2.777201000000000000e+06 2.780926000000000000e+06
2.784651000000000000e+06 2.788376000000000000e+06
2.792101000000000000e+06 2.795826000000000000e+06
2.799551000000000000e+06 2.803276000000000000e+06
2.807001000000000000e+06 2.810726000000000000e+06
2.814451000000000000e+06 2.818176000000000000e+06
2.821901000000000000e+06 2.825626000000000000e+06
2.829351000000000000e+06 2.833076000000000000e+06
2.836801000000000000e+06 2.840526000000000000e+06
2.844251000000000000e+06 2.847976000000000000e+06
2.851701000000000000e+06 2.855426000000000000e+06
2.874051000000000000e+06 2.877776000000000000e+06
2.881501000000000000e+06 2.885226000000000000e+06
2.888951000000000000e+06 2.892676000000000000e+06
2.896401000000000000e+06 2.900126000000000000e+06
2.903851000000000000e+06 2.907576000000000000e+06
2.911301000000000000e+06 2.915026000000000000e+06
2.918751000000000000e+06 2.922476000000000000e+06
2.926201000000000000e+06 2.929926000000000000e+06
2.933651000000000000e+06 2.937376000000000000e+06
2.941101000000000000e+06 2.944826000000000000e+06
2.948551000000000000e+06 2.952276000000000000e+06
2.956001000000000000e+06 2.959726000000000000e+06
2.978351000000000000e+06 2.982076000000000000e+06
2.985801000000000000e+06 2.989526000000000000e+06
2.993251000000000000e+06 2.996976000000000000e+06
3.000701000000000000e+06 3.004426000000000000e+06
3.008151000000000000e+06 3.011876000000000000e+06
3.015601000000000000e+06 3.019326000000000000e+06
3.023051000000000000e+06 3.026776000000000000e+06
3.030501000000000000e+06 3.034226000000000000e+06
3.037951000000000000e+06 3.041676000000000000e+06
3.045401000000000000e+06 3.049126000000000000e+06
3.052851000000000000e+06 3.056576000000000000e+06
3.060301000000000000e+06 3.064026000000000000e+06
3.082651000000000000e+06 3.086376000000000000e+06
3.090101000000000000e+06 3.093826000000000000e+06
3.097551000000000000e+06 3.101276000000000000e+06
3.105001000000000000e+06 3.108726000000000000e+06
3.112451000000000000e+06 3.116176000000000000e+06
3.119901000000000000e+06 3.123626000000000000e+06
3.127351000000000000e+06 3.131076000000000000e+06
3.134801000000000000e+06 3.138526000000000000e+06
3.142251000000000000e+06 3.145976000000000000e+06
3.149701000000000000e+06 3.153426000000000000e+06
3.157151000000000000e+06 3.160876000000000000e+06
3.164601000000000000e+06 3.168326000000000000e+06
3.186951000000000000e+06 3.190676000000000000e+06
3.194401000000000000e+06 3.198126000000000000e+06
3.201851000000000000e+06 3.205576000000000000e+06
3.209301000000000000e+06 3.213026000000000000e+06
3.216751000000000000e+06 3.220476000000000000e+06
3.224201000000000000e+06 3.227926000000000000e+06
3.231651000000000000e+06 3.235376000000000000e+06
3.239101000000000000e+06 3.242826000000000000e+06
3.246551000000000000e+06 3.250276000000000000e+06
3.254001000000000000e+06 3.257726000000000000e+06
3.261451000000000000e+06 3.265176000000000000e+06
3.268901000000000000e+06 3.272626000000000000e+06
3.291251000000000000e+06 3.294976000000000000e+06
3.298701000000000000e+06 3.302426000000000000e+06
3.306151000000000000e+06 3.309876000000000000e+06
3.313601000000000000e+06 3.317326000000000000e+06
3.321051000000000000e+06 3.324776000000000000e+06
3.328501000000000000e+06 3.332226000000000000e+06
3.335951000000000000e+06 3.339676000000000000e+06
3.343401000000000000e+06 3.347126000000000000e+06
3.350851000000000000e+06 3.354576000000000000e+06
3.358301000000000000e+06 3.362026000000000000e+06
3.365751000000000000e+06 3.369476000000000000e+06
3.373201000000000000e+06 3.376926000000000000e+06
3.395551000000000000e+06 3.399276000000000000e+06
3.403001000000000000e+06 3.406726000000000000e+06
3.410451000000000000e+06 3.414176000000000000e+06
3.417901000000000000e+06 3.421626000000000000e+06
3.425351000000000000e+06 3.429076000000000000e+06
3.432801000000000000e+06 3.436526000000000000e+06
3.440251000000000000e+06 3.443976000000000000e+06
3.447701000000000000e+06 3.451426000000000000e+06
3.455151000000000000e+06 3.458876000000000000e+06
3.462601000000000000e+06 3.466326000000000000e+06
3.470051000000000000e+06 3.473776000000000000e+06
3.477501000000000000e+06 3.481226000000000000e+06
3.499851000000000000e+06 3.503576000000000000e+06
3.507301000000000000e+06 3.511026000000000000e+06
3.514751000000000000e+06 3.518476000000000000e+06
3.522201000000000000e+06 3.525926000000000000e+06
3.529651000000000000e+06 3.533376000000000000e+06
3.537101000000000000e+06 3.540826000000000000e+06
3.544551000000000000e+06 3.548276000000000000e+06
3.552001000000000000e+06 3.555726000000000000e+06
3.559451000000000000e+06 3.563176000000000000e+06
3.566901000000000000e+06 3.570626000000000000e+06
3.574351000000000000e+06 3.578076000000000000e+06
3.581801000000000000e+06 3.585526000000000000e+06
3.604151000000000000e+06 3.607876000000000000e+06
3.611601000000000000e+06 3.615326000000000000e+06
3.619051000000000000e+06 3.622776000000000000e+06
3.626501000000000000e+06 3.630226000000000000e+06
3.633951000000000000e+06 3.637676000000000000e+06
3.641401000000000000e+06 3.645126000000000000e+06
3.648851000000000000e+06 3.652576000000000000e+06
3.656301000000000000e+06 3.660026000000000000e+06
3.663751000000000000e+06 3.667476000000000000e+06
3.671201000000000000e+06 3.674926000000000000e+06
3.678651000000000000e+06 3.682376000000000000e+06
3.686101000000000000e+06 3.689826000000000000e+06
3.708451000000000000e+06 3.712176000000000000e+06
3.715901000000000000e+06 3.719626000000000000e+06
3.723351000000000000e+06 3.727076000000000000e+06
3.730801000000000000e+06 3.734526000000000000e+06
3.738251000000000000e+06 3.741976000000000000e+06
3.745701000000000000e+06 3.749426000000000000e+06
3.753151000000000000e+06 3.756876000000000000e+06
3.760601000000000000e+06 3.764326000000000000e+06
3.768051000000000000e+06 3.771776000000000000e+06
3.775501000000000000e+06 3.779226000000000000e+06
3.782951000000000000e+06 3.786676000000000000e+06
3.790401000000000000e+06 3.794126000000000000e+06
3.812751000000000000e+06 3.816476000000000000e+06
3.820201000000000000e+06 3.823926000000000000e+06
3.827651000000000000e+06 3.831376000000000000e+06
3.835101000000000000e+06 3.838826000000000000e+06
3.842551000000000000e+06 3.846276000000000000e+06
3.850001000000000000e+06 3.853726000000000000e+06
3.857451000000000000e+06 3.861176000000000000e+06
3.864901000000000000e+06 3.868626000000000000e+06
3.872351000000000000e+06 3.876076000000000000e+06
3.879801000000000000e+06 3.883526000000000000e+06
3.887251000000000000e+06 3.890976000000000000e+06
3.894701000000000000e+06 3.898426000000000000e+06
3.917051000000000000e+06 3.920776000000000000e+06
3.924501000000000000e+06 3.928226000000000000e+06
3.931951000000000000e+06 3.935676000000000000e+06
3.939401000000000000e+06 3.943126000000000000e+06
3.946851000000000000e+06 3.950576000000000000e+06
3.954301000000000000e+06 3.958026000000000000e+06
3.961751000000000000e+06 3.965476000000000000e+06
3.969201000000000000e+06 3.972926000000000000e+06
3.976651000000000000e+06 3.980376000000000000e+06
3.984101000000000000e+06 3.987826000000000000e+06
3.991551000000000000e+06 3.995276000000000000e+06
3.999001000000000000e+06 4.002726000000000000e+06
4.021351000000000000e+06 4.025076000000000000e+06
4.028801000000000000e+06 4.032526000000000000e+06
4.036251000000000000e+06 4.039976000000000000e+06
4.043701000000000000e+06 4.047426000000000000e+06
4.051151000000000000e+06 4.054876000000000000e+06
4.058601000000000000e+06 4.062326000000000000e+06
4.066051000000000000e+06 4.069776000000000000e+06
4.073501000000000000e+06 4.077226000000000000e+06
4.080951000000000000e+06 4.084676000000000000e+06
4.088401000000000000e+06 4.092126000000000000e+06
4.095851000000000000e+06 4.099576000000000000e+06
4.103301000000000000e+06 4.107026000000000000e+06
4.125651000000000000e+06 4.129376000000000000e+06
4.133101000000000000e+06 4.136826000000000000e+06
4.140551000000000000e+06 4.144276000000000000e+06
4.148001000000000000e+06 4.151726000000000000e+06
4.155451000000000000e+06 4.159176000000000000e+06
4.162901000000000000e+06 4.166626000000000000e+06
4.170351000000000000e+06 4.174076000000000000e+06
4.177801000000000000e+06 4.181526000000000000e+06
4.185251000000000000e+06 4.188976000000000000e+06
4.192701000000000000e+06 4.196426000000000000e+06
4.200151000000000000e+06 4.203876000000000000e+06
4.207601000000000000e+06 4.211326000000000000e+06
4.229951000000000000e+06 4.233676000000000000e+06
4.237401000000000000e+06 4.241126000000000000e+06
4.244851000000000000e+06 4.248576000000000000e+06
4.252301000000000000e+06 4.256026000000000000e+06
4.259751000000000000e+06 4.263476000000000000e+06
4.267201000000000000e+06 4.270926000000000000e+06
4.274651000000000000e+06 4.278376000000000000e+06
4.282101000000000000e+06 4.285826000000000000e+06
4.289551000000000000e+06 4.293276000000000000e+06
4.297001000000000000e+06 4.300726000000000000e+06
4.304451000000000000e+06 4.308176000000000000e+06
4.311901000000000000e+06 4.315626000000000000e+06
4.334251000000000000e+06 4.337976000000000000e+06
4.341701000000000000e+06 4.345426000000000000e+06
4.349151000000000000e+06 4.352876000000000000e+06
4.356601000000000000e+06 4.360326000000000000e+06
4.364051000000000000e+06 4.367776000000000000e+06
4.371501000000000000e+06 4.375226000000000000e+06
4.378951000000000000e+06 4.382676000000000000e+06
4.386401000000000000e+06 4.390126000000000000e+06
4.393851000000000000e+06 4.397576000000000000e+06
4.401301000000000000e+06 4.405026000000000000e+06
4.408751000000000000e+06 4.412476000000000000e+06
4.416201000000000000e+06 4.419926000000000000e+06
