1.245159626e+01 1.146584702e+01 
1.268061829e+01 1.232114983e+01 
1.399713516e+01 1.347680664e+01 
1.530804348e+01 1.424136639e+01 
1.442306328e+01 1.312583828e+01 
1.393753624e+01 1.273377991e+01 
1.184199429e+01 1.475882530e+01 
1.414293003e+01 1.331538868e+01 
1.488494396e+01 1.335933208e+01 
1.488374996e+01 1.366040325e+01 
1.491652203e+01 1.376220989e+01 
1.384222412e+01 1.271588135e+01 
1.356594181e+01 1.404894352e+01 
1.371248150e+01 1.439940166e+01 
1.430845261e+01 1.375904942e+01 
1.350009441e+01 1.389197826e+01 
1.441545391e+01 1.391854191e+01 
1.323385906e+01 1.347439480e+01 
1.298294926e+01 1.374934101e+01 
1.350491810e+01 1.302300262e+01 
1.310353088e+01 1.234898090e+01 
1.449957466e+01 1.285165977e+01 
1.433342361e+01 1.542996788e+01 
1.504584789e+01 1.438702965e+01 
1.444214535e+01 1.291827488e+01 
1.400550079e+01 1.369246292e+01 
1.432286167e+01 1.309402752e+01 
1.462971783e+01 1.408061314e+01 
1.442246437e+01 1.335822010e+01 
1.302727604e+01 1.234604645e+01 
1.237011337e+01 1.368897152e+01 
1.431642151e+01 1.497738075e+01 
1.393754578e+01 1.310581017e+01 
1.341048241e+01 1.370686722e+01 
1.244326019e+01 1.478124142e+01 
1.488290024e+01 1.472204399e+01 
1.397798252e+01 1.369192886e+01 
1.324863911e+01 1.373107719e+01 
1.390287113e+01 1.358811951e+01 
1.434696293e+01 1.303883553e+01 
1.250483418e+01 1.208199883e+01 
1.169579411e+01 1.247378540e+01 
1.294889736e+01 1.303144455e+01 
1.549342155e+01 1.271914387e+01 
1.500394535e+01 1.319461536e+01 
1.322035980e+01 1.505349731e+01 
1.462650681e+01 1.451728821e+01 
1.574730206e+01 1.462252998e+01 
1.318100643e+01 1.270414448e+01 
1.340012360e+01 1.207653046e+01 
1.429654789e+01 1.370166492e+01 
1.321714592e+01 1.155091095e+01 
1.146357155e+01 1.141295910e+01 
1.142703915e+01 1.240997219e+01 
1.412194157e+01 1.477209568e+01 
1.452698898e+01 1.336138439e+01 
1.403983688e+01 1.322880268e+01 
1.262905693e+01 1.316869068e+01 
1.316954231e+01 1.344394302e+01 
1.541991711e+01 1.484382534e+01 
1.312397575e+01 1.329145336e+01 
1.404098701e+01 1.292765903e+01 
1.414437008e+01 1.192499065e+01 
1.230298138e+01 1.112736416e+01 
1.128614998e+01 1.297994995e+01 
1.307019520e+01 1.400732231e+01 
1.317286587e+01 1.498783302e+01 
1.264533043e+01 1.446628189e+01 
1.394712734e+01 1.303038979e+01 
1.400840092e+01 1.435660362e+01 
1.553157234e+01 1.562003326e+01 
1.633815765e+01 1.448681927e+01 
1.272353363e+01 1.419618225e+01 
1.317216873e+01 1.177415466e+01 
1.343741608e+01 1.223710728e+01 
1.203076744e+01 1.174371243e+01 
9.768641472e+00 1.182777119e+01 
1.350130367e+01 1.349111080e+01 
1.415963173e+01 1.356686974e+01 
1.425623703e+01 1.449351215e+01 
1.521259880e+01 1.674232864e+01 
1.596063137e+01 1.430934238e+01 
1.393552017e+01 1.364569855e+01 
1.311206627e+01 1.425236130e+01 
1.309414291e+01 1.173943806e+01 
1.272214127e+01 1.231197453e+01 
1.186679077e+01 1.134700871e+01 
1.210036945e+01 1.188560390e+01 
1.204124355e+01 1.400545979e+01 
1.481346226e+01 1.501855755e+01 
1.371953487e+01 1.310822582e+01 
1.195512676e+01 1.350695419e+01 
1.426901054e+01 1.525570297e+01 
1.525318146e+01 1.385244846e+01 
1.434992981e+01 1.457302761e+01 
1.403835011e+01 1.546417236e+01 
1.220911980e+01 1.169196796e+01 
1.233139515e+01 1.264404106e+01 
1.251523972e+01 1.168845367e+01 
1.216813755e+01 1.218914890e+01 
1.240123749e+01 1.399055958e+01 
1.433143330e+01 1.426707649e+01 
1.259875774e+01 1.367238235e+01 
1.375665569e+01 1.292928696e+01 
1.530292606e+01 1.425295353e+01 
1.429966545e+01 1.314081860e+01 
1.337957382e+01 1.210381889e+01 
1.237055302e+01 1.352200794e+01 
1.334607124e+01 1.232299995e+01 
1.333971310e+01 1.312805939e+01 
1.384515285e+01 1.430265808e+01 
1.332825184e+01 1.192543125e+01 
1.348212051e+01 1.398604774e+01 
1.408917046e+01 1.388531971e+01 
1.373977375e+01 1.376408482e+01 
1.278172779e+01 1.368434620e+01 
1.490477276e+01 1.548129749e+01 
1.503861046e+01 1.440262794e+01 
1.293670273e+01 1.355939293e+01 
1.323496532e+01 1.360279655e+01 
1.271531868e+01 1.429386806e+01 
1.246199036e+01 1.415331554e+01 
1.329668903e+01 1.472118282e+01 
1.404630470e+01 1.266720867e+01 
1.274913979e+01 1.546812153e+01 
1.386562920e+01 1.594744492e+01 
1.537858582e+01 1.386594391e+01 
1.269380093e+01 1.314420033e+01 
1.429864216e+01 1.409239292e+01 
1.329792309e+01 1.343768787e+01 
1.168241501e+01 1.154292488e+01 
1.234659958e+01 1.213607693e+01 
1.430609417e+01 1.397862911e+01 
1.442619324e+01 1.397606182e+01 
1.419627571e+01 1.418707466e+01 
1.412673664e+01 1.246007156e+01 
1.432599068e+01 1.521406651e+01 
1.397882938e+01 1.474336052e+01 
1.500851727e+01 1.378115368e+01 
1.490530300e+01 1.451585007e+01 
1.334068489e+01 1.303134727e+01 
1.345704269e+01 1.345010662e+01 
1.205348396e+01 1.152861881e+01 
1.150159073e+01 1.257570839e+01 
1.377421761e+01 1.478093433e+01 
1.257867050e+01 1.347245121e+01 
1.282150078e+01 1.280577183e+01 
1.197900200e+01 1.237008190e+01 
1.372212124e+01 1.416691589e+01 
1.493616486e+01 1.479077530e+01 
1.544633865e+01 1.456926155e+01 
1.385317707e+01 1.428847218e+01 
1.343471813e+01 1.252648544e+01 
1.339049816e+01 1.301191044e+01 
1.287493896e+01 1.224422264e+01 
1.191674328e+01 1.340483475e+01 
1.510624409e+01 1.395144653e+01 
1.502587986e+01 1.442154980e+01 
1.344543743e+01 1.418704510e+01 
1.200470829e+01 1.349755287e+01 
1.341068649e+01 1.412345791e+01 
1.513786221e+01 1.530920792e+01 
1.585361290e+01 1.549301147e+01 
1.450029373e+01 1.535260582e+01 
1.472400188e+01 1.513635349e+01 
1.501760101e+01 1.326974869e+01 
1.273273087e+01 1.173142815e+01 
1.296205616e+01 1.480988312e+01 
1.530623531e+01 1.523945618e+01 
1.446395111e+01 1.251586437e+01 
1.169621086e+01 1.263939667e+01 
1.176472092e+01 1.358603859e+01 
1.470911503e+01 1.488512993e+01 
1.506096554e+01 1.548503304e+01 
1.555953121e+01 1.470770264e+01 
1.509537792e+01 1.523530388e+01 
1.414938068e+01 1.281814575e+01 
1.367836189e+01 1.233277416e+01 
1.216272926e+01 1.248539257e+01 
1.185600090e+01 1.408959007e+01 
1.435710049e+01 1.521039200e+01 
1.303600121e+01 1.271649837e+01 
1.226078224e+01 1.235866070e+01 
1.333283901e+01 1.485773087e+01 
1.516600704e+01 1.351334476e+01 
1.442061615e+01 1.410244083e+01 
1.640044403e+01 1.569929218e+01 
1.715592575e+01 1.617288208e+01 
1.554941654e+01 1.257769299e+01 
1.469879150e+01 1.321080685e+01 
1.252394485e+01 1.168878174e+01 
1.199226189e+01 1.225806046e+01 
1.439375305e+01 1.406539917e+01 
1.398907661e+01 1.375566196e+01 
1.358240223e+01 1.345971966e+01 
1.519238663e+01 1.638816643e+01 
1.508405590e+01 1.404716110e+01 
1.355551147e+01 1.322451496e+01 
1.612124634e+01 1.455573559e+01 
1.670935631e+01 1.525220680e+01 
1.417048836e+01 1.418465805e+01 
1.341505146e+01 1.439557076e+01 
1.259766102e+01 1.354218006e+01 
1.236279964e+01 1.263879108e+01 
1.476393127e+01 1.563030815e+01 
1.501080704e+01 1.464032459e+01 
1.395376015e+01 1.421684837e+01 
1.345230389e+01 1.586718178e+01 
1.589183235e+01 1.431001377e+01 
1.459982872e+01 1.306899166e+01 
1.455898857e+01 1.442087173e+01 
1.503316879e+01 1.403396988e+01 
1.369182110e+01 1.355691051e+01 
1.400652027e+01 1.366353321e+01 
1.328970337e+01 1.322901917e+01 
1.247787476e+01 1.243944359e+01 
1.549424267e+01 1.654175949e+01 
1.510620213e+01 1.504303169e+01 
1.362523270e+01 1.498229122e+01 
1.625637436e+01 1.589347267e+01 
1.620627022e+01 1.342335606e+01 
1.313529301e+01 1.215652180e+01 
1.114796925e+01 1.328232002e+01 
1.340436077e+01 1.213201618e+01 
1.378163338e+01 1.241788483e+01 
1.309477997e+01 1.269569492e+01 
1.263330936e+01 1.372054672e+01 
1.376627064e+01 1.397637558e+01 
1.485143375e+01 1.379313469e+01 
1.371995449e+01 1.450943756e+01 
1.460316753e+01 1.446152878e+01 
1.470209026e+01 1.636949158e+01 
1.467979431e+01 1.361597633e+01 
1.378285027e+01 1.163062954e+01 
1.180366421e+01 1.197760201e+01 
1.246471500e+01 1.244776058e+01 
1.206148338e+01 1.311376667e+01 
1.316318035e+01 1.309643173e+01 
1.295809841e+01 1.409803486e+01 
1.569936752e+01 1.483642197e+01 
1.475317192e+01 1.483135509e+01 
1.494572926e+01 1.582815742e+01 
1.513575363e+01 1.566837788e+01 
1.470064354e+01 1.558715820e+01 
1.449808311e+01 1.227665520e+01 
1.258279610e+01 1.227412224e+01 
1.170582294e+01 1.183578682e+01 
1.330180836e+01 1.312592411e+01 
1.299599171e+01 1.248682308e+01 
1.337154102e+01 1.331893635e+01 
1.417717266e+01 1.415233231e+01 
1.460855770e+01 1.432137203e+01 
1.414480591e+01 1.485426903e+01 
1.345460415e+01 1.345322704e+01 
1.356335354e+01 1.230737877e+01 
1.408513546e+01 1.374325371e+01 
1.389249516e+01 1.332602596e+01 
1.125365353e+01 1.138585567e+01 
1.102208805e+01 1.134167385e+01 
1.209558392e+01 1.310231876e+01 
1.178326321e+01 1.318417072e+01 
1.369039917e+01 1.488742161e+01 
1.450640869e+01 1.612631798e+01 
1.480906391e+01 1.440036678e+01 
1.461884499e+01 1.446678448e+01 
1.381806278e+01 1.281100845e+01 
1.398409557e+01 1.332689190e+01 
1.462115574e+01 1.488637829e+01 
1.382571411e+01 1.393531513e+01 
1.232396507e+01 1.104753876e+01 
1.130901814e+01 1.128246975e+01 
1.116782379e+01 1.292930317e+01 
1.510156536e+01 1.443692589e+01 
1.440571785e+01 1.447021675e+01 
1.534781265e+01 1.468854046e+01 
1.597599125e+01 1.594095230e+01 
1.343778706e+01 1.213680840e+01 
1.267842770e+01 1.242784786e+01 
1.362072849e+01 1.394896317e+01 
1.503247738e+01 1.608715248e+01 
1.536157417e+01 1.602289963e+01 
1.408366966e+01 1.199245834e+01 
1.251876068e+01 1.196203232e+01 
1.099763203e+01 1.337983513e+01 
1.514055347e+01 1.572064209e+01 
1.640251350e+01 1.595835590e+01 
1.584842300e+01 1.495834446e+01 
1.518416119e+01 1.657697868e+01 
1.168023300e+01 1.170349407e+01 
1.143925285e+01 1.191989326e+01 
1.207148075e+01 1.204464531e+01 
1.321095562e+01 1.415011883e+01 
1.389213562e+01 1.384291840e+01 
1.363078308e+01 1.201093578e+01 
1.171457958e+01 1.253672123e+01 
1.302520370e+01 1.328713131e+01 
1.268814945e+01 1.258097172e+01 
1.323073959e+01 1.213742447e+01 
1.309406281e+01 1.349435329e+01 
1.351178265e+01 1.231736088e+01 
1.263304996e+01 1.137819481e+01 
1.108088017e+01 1.171390247e+01 
1.291102982e+01 1.205926418e+01 
1.205922794e+01 1.278357506e+01 
1.231075287e+01 1.166605854e+01 
1.173076534e+01 1.214564419e+01 
1.210408401e+01 1.357840443e+01 
1.387677765e+01 1.361989021e+01 
1.252282619e+01 1.083459663e+01 
1.245867634e+01 1.188695431e+01 
1.323776150e+01 1.392216778e+01 
1.290851498e+01 1.269734859e+01 
1.199631310e+01 1.218988228e+01 
1.354553127e+01 1.257607269e+01 
1.268387699e+01 1.336833763e+01 
1.345747089e+01 1.206254292e+01 
1.271695995e+01 1.142753220e+01 
1.204755688e+01 1.125819969e+01 
1.180829144e+01 1.296389103e+01 
1.250578880e+01 1.282828426e+01 
1.278356838e+01 1.186649132e+01 
1.371049309e+01 1.346698761e+01 
1.202927971e+01 1.385380650e+01 
1.373546600e+01 1.356479740e+01 
1.337334442e+01 1.302719593e+01 
1.312676620e+01 1.378581429e+01 
1.379503345e+01 1.338731575e+01 
1.296214104e+01 1.248134041e+01 
1.295008087e+01 1.236242294e+01 
1.217706776e+01 1.107022095e+01 
1.190188408e+01 1.289780331e+01 
1.313869286e+01 1.288571453e+01 
1.352024746e+01 1.144441605e+01 
1.249103832e+01 1.318939114e+01 
1.260306931e+01 1.415621853e+01 
1.530151463e+01 1.392960930e+01 
1.372388268e+01 1.390228653e+01 
1.292942619e+01 1.292946720e+01 
1.323457241e+01 1.193639851e+01 
1.342743587e+01 1.253068829e+01 
1.136309338e+01 1.085087585e+01 
1.019083881e+01 1.172831249e+01 
1.209751892e+01 1.382570076e+01 
1.323294830e+01 1.343409538e+01 
1.355668354e+01 1.258255005e+01 
1.181445408e+01 1.329544163e+01 
1.320487785e+01 1.364303589e+01 
1.439302349e+01 1.246956253e+01 
1.196082878e+01 1.196652889e+01 
1.114263630e+01 1.181921291e+01 
1.148763180e+01 1.149240589e+01 
1.115033436e+01 1.087094593e+01 
9.919457436e+00 1.178263187e+01 
1.215990829e+01 1.278794956e+01 
1.267027092e+01 1.440106773e+01 
1.362222290e+01 1.192269325e+01 
1.294319534e+01 1.322113609e+01 
1.280465889e+01 1.274802685e+01 
1.373703957e+01 1.292666912e+01 
1.483682060e+01 1.381573200e+01 
1.012951946e+01 1.116871834e+01 
1.126529789e+01 1.195157051e+01 
1.173204327e+01 1.122220612e+01 
1.095366287e+01 1.017531013e+01 
1.011139679e+01 1.229850864e+01 
1.301948643e+01 1.257934856e+01 
1.340298748e+01 1.368705750e+01 
1.273956203e+01 1.306585407e+01 
1.381422520e+01 1.484437180e+01 
1.309517002e+01 1.405357361e+01 
1.415921593e+01 1.375268078e+01 
1.325136662e+01 1.225326157e+01 
1.198925686e+01 1.296586323e+01 
1.239147758e+01 1.279159069e+01 
1.192259502e+01 1.154179573e+01 
1.130620670e+01 1.057910538e+01 
1.090854454e+01 1.185504723e+01 
1.334242916e+01 1.284216595e+01 
1.220885086e+01 1.191816902e+01 
1.109997177e+01 1.299183941e+01 
1.333964539e+01 1.336340332e+01 
1.383959389e+01 1.246318436e+01 
1.296936417e+01 1.179004097e+01 
1.280347824e+01 1.312003708e+01 
1.248173332e+01 1.293374634e+01 
1.117435360e+01 1.150249386e+01 
1.150346375e+01 1.158039665e+01 
1.068277359e+01 1.129847717e+01 
1.166227150e+01 1.311314487e+01 
1.300310516e+01 1.336019611e+01 
1.385058308e+01 1.323087597e+01 
1.265521049e+01 1.279695797e+01 
1.423407459e+01 1.427639675e+01 
1.405237198e+01 1.281779003e+01 
1.179579639e+01 1.250192928e+01 
1.336423111e+01 1.409022236e+01 
1.227773476e+01 1.107439613e+01 
1.182960320e+01 1.276700020e+01 
1.291301060e+01 1.372459984e+01 
1.230636311e+01 1.177865505e+01 
1.322541904e+01 1.348161888e+01 
1.348520660e+01 1.343544674e+01 
1.183025455e+01 1.096465302e+01 
1.163256073e+01 1.366282082e+01 
1.433026695e+01 1.511986637e+01 
1.367704582e+01 1.340416908e+01 
1.319847298e+01 1.242398930e+01 
1.121140957e+01 1.186272335e+01 
1.131471634e+01 1.235512543e+01 
1.229593182e+01 1.261320019e+01 
1.100360584e+01 1.299478722e+01 
1.217055798e+01 1.197391129e+01 
1.259420300e+01 1.305233955e+01 
1.295742321e+01 1.430597782e+01 
1.294917393e+01 1.243691730e+01 
1.216472912e+01 1.212467003e+01 
1.302260017e+01 1.260196877e+01 
1.223157978e+01 1.175956345e+01 
1.079125023e+01 1.008879185e+01 
1.209911251e+01 1.260925293e+01 
1.315219116e+01 1.262770271e+01 
1.274877071e+01 1.220737839e+01 
1.338718891e+01 1.348998737e+01 
1.367003536e+01 1.209737301e+01 
1.261719227e+01 1.362948799e+01 
1.429566288e+01 1.412492085e+01 
1.460652256e+01 1.331893539e+01 
1.281973839e+01 1.263948536e+01 
1.265793324e+01 1.270723915e+01 
1.240589523e+01 1.248359013e+01 
1.090992451e+01 1.213077450e+01 
1.145677757e+01 1.254292107e+01 
1.354924583e+01 1.330821991e+01 
1.351047993e+01 1.401651287e+01 
1.295355415e+01 1.184251213e+01 
1.210706615e+01 1.134602451e+01 
1.186297989e+01 1.347890472e+01 
1.425090599e+01 1.474923992e+01 
1.486245155e+01 1.377556896e+01 
1.439248371e+01 1.428021240e+01 
1.410620975e+01 1.272799969e+01 
1.305578327e+01 1.271956635e+01 
1.205471611e+01 1.161528397e+01 
1.159695148e+01 1.206093693e+01 
1.394094849e+01 1.319705963e+01 
1.222940731e+01 1.139798546e+01 
1.208322811e+01 1.301740074e+01 
1.158086681e+01 1.148353958e+01 
1.372618389e+01 1.335356426e+01 
1.355002117e+01 1.400343704e+01 
1.503288841e+01 1.375166035e+01 
1.329717827e+01 1.368770313e+01 
1.223023796e+01 1.303083515e+01 
1.282339573e+01 1.185080433e+01 
1.167819405e+01 1.142834663e+01 
1.021422195e+01 1.147532749e+01 
1.431209469e+01 1.367604733e+01 
1.227272606e+01 1.343912411e+01 
1.250277996e+01 1.243733978e+01 
1.114479828e+01 1.252671909e+01 
1.407418346e+01 1.326886940e+01 
1.464888382e+01 1.436604786e+01 
1.481360531e+01 1.422682667e+01 
1.429724693e+01 1.375875187e+01 
1.247480106e+01 1.263067341e+01 
1.347787285e+01 1.156450272e+01 
1.143045521e+01 1.042780876e+01 
1.153800011e+01 1.337532520e+01 
1.460492706e+01 1.355854797e+01 
1.283342648e+01 1.257792759e+01 
1.233358765e+01 1.216530323e+01 
1.347520542e+01 1.267166996e+01 
1.321019840e+01 1.305569839e+01 
1.286844444e+01 1.334768295e+01 
1.486771965e+01 1.433482742e+01 
1.511766624e+01 1.496216011e+01 
1.438558006e+01 1.357565117e+01 
1.333559990e+01 1.131527042e+01 
1.251512432e+01 1.198694038e+01 
1.260606289e+01 1.230811214e+01 
1.335434437e+01 1.417496204e+01 
1.307390308e+01 1.136379337e+01 
1.168495750e+01 1.124561501e+01 
1.219562817e+01 1.372473526e+01 
1.431163883e+01 1.492728806e+01 
1.315931797e+01 1.215432835e+01 
1.422690773e+01 1.510909462e+01 
1.528201866e+01 1.453803349e+01 
1.414070797e+01 1.253629208e+01 
1.331642342e+01 1.287469769e+01 
1.230462551e+01 1.179806709e+01 
1.085911560e+01 1.236919594e+01 
1.361749363e+01 1.376936913e+01 
1.229998207e+01 1.282594585e+01 
1.333895874e+01 1.275390720e+01 
1.422027016e+01 1.526498985e+01 
1.316692162e+01 1.235488415e+01 
1.280162525e+01 1.247064400e+01 
1.404096413e+01 1.436018562e+01 
1.341827869e+01 1.372601032e+01 
1.251986027e+01 1.249024010e+01 
1.273336887e+01 1.199947929e+01 
1.238745689e+01 1.235355663e+01 
1.193952084e+01 1.184692574e+01 
1.308016872e+01 1.329148388e+01 
1.416324997e+01 1.337556934e+01 
1.421459198e+01 1.368382931e+01 
1.383769321e+01 1.522776031e+01 
1.440387440e+01 1.325571346e+01 
1.258131027e+01 1.152490711e+01 
1.125454903e+01 1.209041119e+01 
1.290792561e+01 1.233403873e+01 
1.186828327e+01 1.153728294e+01 
1.345224094e+01 1.345310211e+01 
1.173152065e+01 1.347133350e+01 
1.246944523e+01 1.294408226e+01 
1.491579628e+01 1.465421867e+01 
1.414443588e+01 1.377171516e+01 
1.338015842e+01 1.371874714e+01 
1.453082275e+01 1.576119232e+01 
1.426698112e+01 1.189313698e+01 
1.182314110e+01 1.144088364e+01 
9.938555717e+00 1.091033936e+01 
1.240865135e+01 1.190355396e+01 
1.211938953e+01 1.224893379e+01 
1.232669353e+01 1.200699234e+01 
1.193194580e+01 1.341600323e+01 
1.300328064e+01 1.322131348e+01 
1.493444920e+01 1.469080830e+01 
1.381959057e+01 1.441578007e+01 
1.374874878e+01 1.406390953e+01 
1.330522442e+01 1.442149830e+01 
1.426635361e+01 1.205034637e+01 
1.149072361e+01 1.116906834e+01 
1.056734562e+01 1.139048672e+01 
1.226163387e+01 1.200020027e+01 
1.169453430e+01 1.143239021e+01 
1.233535862e+01 1.276531029e+01 
1.218969536e+01 1.345005322e+01 
1.331867790e+01 1.376954365e+01 
1.310256672e+01 1.337395191e+01 
1.207553101e+01 1.299029160e+01 
1.306354141e+01 1.359374905e+01 
1.359252834e+01 1.393919754e+01 
1.404382801e+01 1.302293873e+01 
1.034932709e+01 1.028347778e+01 
1.117516804e+01 1.012265491e+01 
1.053493214e+01 1.199502659e+01 
1.257112312e+01 1.241253281e+01 
1.241796684e+01 1.468636417e+01 
1.442813396e+01 1.492467594e+01 
1.491242504e+01 1.493888283e+01 
1.308662033e+01 1.441412449e+01 
1.425718594e+01 1.366871834e+01 
1.300145149e+01 1.247009468e+01 
1.346640968e+01 1.290338898e+01 
1.252789879e+01 1.237362862e+01 
1.075444603e+01 9.670350075e+00 
1.061905670e+01 1.121172523e+01 
1.075510883e+01 1.312441635e+01 
1.281099415e+01 1.212814999e+01 
1.266396999e+01 1.325320911e+01 
1.393154526e+01 1.322692966e+01 
1.359504414e+01 1.328494167e+01 
1.290693665e+01 1.174350071e+01 
1.143506813e+01 1.168753815e+01 
1.264359093e+01 1.253146935e+01 
1.390506554e+01 1.424113941e+01 
1.472384644e+01 1.495770168e+01 
1.253678608e+01 1.241891575e+01 
1.222878742e+01 1.217675114e+01 
1.127044678e+01 1.256242752e+01 
1.344987106e+01 1.493766403e+01 
1.487512398e+01 1.476487160e+01 
1.465600204e+01 1.362819576e+01 
1.434896469e+01 1.394066715e+01 
