8.103510000e+05 8.115760000e+05 
8.128010000e+05 8.140260000e+05 
8.152510000e+05 8.164760000e+05 
8.177010000e+05 8.189260000e+05 
8.201510000e+05 8.213760000e+05 
8.226010000e+05 8.238260000e+05 
8.250510000e+05 8.262760000e+05 
8.275010000e+05 8.287260000e+05 
8.299510000e+05 8.311760000e+05 
8.324010000e+05 8.336260000e+05 
8.348510000e+05 8.360760000e+05 
8.373010000e+05 8.385260000e+05 
8.446510000e+05 8.458760000e+05 
8.471010000e+05 8.483260000e+05 
8.495510000e+05 8.507760000e+05 
8.520010000e+05 8.532260000e+05 
8.544510000e+05 8.556760000e+05 
8.569010000e+05 8.581260000e+05 
8.593510000e+05 8.605760000e+05 
8.618010000e+05 8.630260000e+05 
8.642510000e+05 8.654760000e+05 
8.667010000e+05 8.679260000e+05 
8.691510000e+05 8.703760000e+05 
8.716010000e+05 8.728260000e+05 
8.789510000e+05 8.801760000e+05 
8.814010000e+05 8.826260000e+05 
8.838510000e+05 8.850760000e+05 
8.863010000e+05 8.875260000e+05 
8.887510000e+05 8.899760000e+05 
8.912010000e+05 8.924260000e+05 
8.936510000e+05 8.948760000e+05 
8.961010000e+05 8.973260000e+05 
8.985510000e+05 8.997760000e+05 
9.010010000e+05 9.022260000e+05 
9.034510000e+05 9.046760000e+05 
9.059010000e+05 9.071260000e+05 
9.132510000e+05 9.144760000e+05 
9.157010000e+05 9.169260000e+05 
9.181510000e+05 9.193760000e+05 
9.206010000e+05 9.218260000e+05 
9.230510000e+05 9.242760000e+05 
9.255010000e+05 9.267260000e+05 
9.279510000e+05 9.291760000e+05 
9.304010000e+05 9.316260000e+05 
9.328510000e+05 9.340760000e+05 
9.353010000e+05 9.365260000e+05 
9.377510000e+05 9.389760000e+05 
9.402010000e+05 9.414260000e+05 
9.475510000e+05 9.487760000e+05 
9.500010000e+05 9.512260000e+05 
9.524510000e+05 9.536760000e+05 
9.549010000e+05 9.561260000e+05 
9.573510000e+05 9.585760000e+05 
9.598010000e+05 9.610260000e+05 
9.622510000e+05 9.634760000e+05 
9.647010000e+05 9.659260000e+05 
9.671510000e+05 9.683760000e+05 
9.696010000e+05 9.708260000e+05 
9.720510000e+05 9.732760000e+05 
9.745010000e+05 9.757260000e+05 
9.818510000e+05 9.830760000e+05 
9.843010000e+05 9.855260000e+05 
9.867510000e+05 9.879760000e+05 
9.892010000e+05 9.904260000e+05 
9.916510000e+05 9.928760000e+05 
9.941010000e+05 9.953260000e+05 
9.965510000e+05 9.977760000e+05 
9.990010000e+05 1.000226000e+06 
1.001451000e+06 1.002676000e+06 
1.003901000e+06 1.005126000e+06 
1.006351000e+06 1.007576000e+06 
1.008801000e+06 1.010026000e+06 
1.016151000e+06 1.017376000e+06 
1.018601000e+06 1.019826000e+06 
1.021051000e+06 1.022276000e+06 
1.023501000e+06 1.024726000e+06 
1.025951000e+06 1.027176000e+06 
1.028401000e+06 1.029626000e+06 
1.030851000e+06 1.032076000e+06 
1.033301000e+06 1.034526000e+06 
1.035751000e+06 1.036976000e+06 
1.038201000e+06 1.039426000e+06 
1.040651000e+06 1.041876000e+06 
1.043101000e+06 1.044326000e+06 
1.050451000e+06 1.051676000e+06 
1.052901000e+06 1.054126000e+06 
1.055351000e+06 1.056576000e+06 
1.057801000e+06 1.059026000e+06 
1.060251000e+06 1.061476000e+06 
1.062701000e+06 1.063926000e+06 
1.065151000e+06 1.066376000e+06 
1.067601000e+06 1.068826000e+06 
1.070051000e+06 1.071276000e+06 
1.072501000e+06 1.073726000e+06 
1.074951000e+06 1.076176000e+06 
1.077401000e+06 1.078626000e+06 
1.084751000e+06 1.085976000e+06 
1.087201000e+06 1.088426000e+06 
1.089651000e+06 1.090876000e+06 
1.092101000e+06 1.093326000e+06 
1.094551000e+06 1.095776000e+06 
1.097001000e+06 1.098226000e+06 
1.099451000e+06 1.100676000e+06 
1.101901000e+06 1.103126000e+06 
1.104351000e+06 1.105576000e+06 
1.106801000e+06 1.108026000e+06 
1.109251000e+06 1.110476000e+06 
1.111701000e+06 1.112926000e+06 
1.119051000e+06 1.120276000e+06 
1.121501000e+06 1.122726000e+06 
1.123951000e+06 1.125176000e+06 
1.126401000e+06 1.127626000e+06 
1.128851000e+06 1.130076000e+06 
1.131301000e+06 1.132526000e+06 
1.133751000e+06 1.134976000e+06 
1.136201000e+06 1.137426000e+06 
1.138651000e+06 1.139876000e+06 
1.141101000e+06 1.142326000e+06 
1.143551000e+06 1.144776000e+06 
1.146001000e+06 1.147226000e+06 
1.153351000e+06 1.154576000e+06 
1.155801000e+06 1.157026000e+06 
1.158251000e+06 1.159476000e+06 
1.160701000e+06 1.161926000e+06 
1.163151000e+06 1.164376000e+06 
1.165601000e+06 1.166826000e+06 
1.168051000e+06 1.169276000e+06 
1.170501000e+06 1.171726000e+06 
1.172951000e+06 1.174176000e+06 
1.175401000e+06 1.176626000e+06 
1.177851000e+06 1.179076000e+06 
1.180301000e+06 1.181526000e+06 
1.187651000e+06 1.188876000e+06 
1.190101000e+06 1.191326000e+06 
1.192551000e+06 1.193776000e+06 
1.195001000e+06 1.196226000e+06 
1.197451000e+06 1.198676000e+06 
1.199901000e+06 1.201126000e+06 
1.202351000e+06 1.203576000e+06 
1.204801000e+06 1.206026000e+06 
1.207251000e+06 1.208476000e+06 
1.209701000e+06 1.210926000e+06 
1.212151000e+06 1.213376000e+06 
1.214601000e+06 1.215826000e+06 
1.221951000e+06 1.223176000e+06 
1.224401000e+06 1.225626000e+06 
1.226851000e+06 1.228076000e+06 
1.229301000e+06 1.230526000e+06 
1.231751000e+06 1.232976000e+06 
1.234201000e+06 1.235426000e+06 
1.236651000e+06 1.237876000e+06 
1.239101000e+06 1.240326000e+06 
1.241551000e+06 1.242776000e+06 
1.244001000e+06 1.245226000e+06 
1.246451000e+06 1.247676000e+06 
1.248901000e+06 1.250126000e+06 
1.256251000e+06 1.257476000e+06 
1.258701000e+06 1.259926000e+06 
1.261151000e+06 1.262376000e+06 
1.263601000e+06 1.264826000e+06 
1.266051000e+06 1.267276000e+06 
1.268501000e+06 1.269726000e+06 
1.270951000e+06 1.272176000e+06 
1.273401000e+06 1.274626000e+06 
1.275851000e+06 1.277076000e+06 
1.278301000e+06 1.279526000e+06 
1.280751000e+06 1.281976000e+06 
1.283201000e+06 1.284426000e+06 
1.290551000e+06 1.291776000e+06 
1.293001000e+06 1.294226000e+06 
1.295451000e+06 1.296676000e+06 
1.297901000e+06 1.299126000e+06 
1.300351000e+06 1.301576000e+06 
1.302801000e+06 1.304026000e+06 
1.305251000e+06 1.306476000e+06 
1.307701000e+06 1.308926000e+06 
1.310151000e+06 1.311376000e+06 
1.312601000e+06 1.313826000e+06 
1.315051000e+06 1.316276000e+06 
1.317501000e+06 1.318726000e+06 
1.324851000e+06 1.326076000e+06 
1.327301000e+06 1.328526000e+06 
1.329751000e+06 1.330976000e+06 
1.332201000e+06 1.333426000e+06 
1.334651000e+06 1.335876000e+06 
1.337101000e+06 1.338326000e+06 
1.339551000e+06 1.340776000e+06 
1.342001000e+06 1.343226000e+06 
1.344451000e+06 1.345676000e+06 
1.346901000e+06 1.348126000e+06 
1.349351000e+06 1.350576000e+06 
1.351801000e+06 1.353026000e+06 
1.359151000e+06 1.360376000e+06 
1.361601000e+06 1.362826000e+06 
1.364051000e+06 1.365276000e+06 
1.366501000e+06 1.367726000e+06 
1.368951000e+06 1.370176000e+06 
1.371401000e+06 1.372626000e+06 
1.373851000e+06 1.375076000e+06 
1.376301000e+06 1.377526000e+06 
1.378751000e+06 1.379976000e+06 
1.381201000e+06 1.382426000e+06 
1.383651000e+06 1.384876000e+06 
1.386101000e+06 1.387326000e+06 
1.393451000e+06 1.394676000e+06 
1.395901000e+06 1.397126000e+06 
1.398351000e+06 1.399576000e+06 
1.400801000e+06 1.402026000e+06 
1.403251000e+06 1.404476000e+06 
1.405701000e+06 1.406926000e+06 
1.408151000e+06 1.409376000e+06 
1.410601000e+06 1.411826000e+06 
1.413051000e+06 1.414276000e+06 
1.415501000e+06 1.416726000e+06 
1.417951000e+06 1.419176000e+06 
1.420401000e+06 1.421626000e+06 
1.427751000e+06 1.428976000e+06 
1.430201000e+06 1.431426000e+06 
1.432651000e+06 1.433876000e+06 
1.435101000e+06 1.436326000e+06 
1.437551000e+06 1.438776000e+06 
1.440001000e+06 1.441226000e+06 
1.442451000e+06 1.443676000e+06 
1.444901000e+06 1.446126000e+06 
1.447351000e+06 1.448576000e+06 
1.449801000e+06 1.451026000e+06 
1.452251000e+06 1.453476000e+06 
1.454701000e+06 1.455926000e+06 
1.462051000e+06 1.463276000e+06 
1.464501000e+06 1.465726000e+06 
1.466951000e+06 1.468176000e+06 
1.469401000e+06 1.470626000e+06 
1.471851000e+06 1.473076000e+06 
1.474301000e+06 1.475526000e+06 
1.476751000e+06 1.477976000e+06 
1.479201000e+06 1.480426000e+06 
1.481651000e+06 1.482876000e+06 
1.484101000e+06 1.485326000e+06 
1.486551000e+06 1.487776000e+06 
1.489001000e+06 1.490226000e+06 
1.496351000e+06 1.497576000e+06 
1.498801000e+06 1.500026000e+06 
1.501251000e+06 1.502476000e+06 
1.503701000e+06 1.504926000e+06 
1.506151000e+06 1.507376000e+06 
1.508601000e+06 1.509826000e+06 
1.511051000e+06 1.512276000e+06 
1.513501000e+06 1.514726000e+06 
1.515951000e+06 1.517176000e+06 
1.518401000e+06 1.519626000e+06 
1.520851000e+06 1.522076000e+06 
1.523301000e+06 1.524526000e+06 
1.530651000e+06 1.531876000e+06 
1.533101000e+06 1.534326000e+06 
1.535551000e+06 1.536776000e+06 
1.538001000e+06 1.539226000e+06 
1.540451000e+06 1.541676000e+06 
1.542901000e+06 1.544126000e+06 
1.545351000e+06 1.546576000e+06 
1.547801000e+06 1.549026000e+06 
1.550251000e+06 1.551476000e+06 
1.552701000e+06 1.553926000e+06 
1.555151000e+06 1.556376000e+06 
1.557601000e+06 1.558826000e+06 
1.564951000e+06 1.566176000e+06 
1.567401000e+06 1.568626000e+06 
1.569851000e+06 1.571076000e+06 
1.572301000e+06 1.573526000e+06 
1.574751000e+06 1.575976000e+06 
1.577201000e+06 1.578426000e+06 
1.579651000e+06 1.580876000e+06 
1.582101000e+06 1.583326000e+06 
1.584551000e+06 1.585776000e+06 
1.587001000e+06 1.588226000e+06 
1.589451000e+06 1.590676000e+06 
1.591901000e+06 1.593126000e+06 
1.599251000e+06 1.600476000e+06 
1.601701000e+06 1.602926000e+06 
1.604151000e+06 1.605376000e+06 
1.606601000e+06 1.607826000e+06 
1.609051000e+06 1.610276000e+06 
1.611501000e+06 1.612726000e+06 
1.613951000e+06 1.615176000e+06 
1.616401000e+06 1.617626000e+06 
1.618851000e+06 1.620076000e+06 
1.621301000e+06 1.622526000e+06 
1.623751000e+06 1.624976000e+06 
1.626201000e+06 1.627426000e+06 
1.935351000e+06 1.939076000e+06 
1.942801000e+06 1.946526000e+06 
1.950251000e+06 1.953976000e+06 
1.957701000e+06 1.961426000e+06 
1.965151000e+06 1.968876000e+06 
1.972601000e+06 1.976326000e+06 
1.980051000e+06 1.983776000e+06 
1.987501000e+06 1.991226000e+06 
1.994951000e+06 1.998676000e+06 
2.002401000e+06 2.006126000e+06 
2.009851000e+06 2.013576000e+06 
2.017301000e+06 2.021026000e+06 
2.039651000e+06 2.043376000e+06 
2.047101000e+06 2.050826000e+06 
2.054551000e+06 2.058276000e+06 
2.062001000e+06 2.065726000e+06 
2.069451000e+06 2.073176000e+06 
2.076901000e+06 2.080626000e+06 
2.084351000e+06 2.088076000e+06 
2.091801000e+06 2.095526000e+06 
2.099251000e+06 2.102976000e+06 
2.106701000e+06 2.110426000e+06 
2.114151000e+06 2.117876000e+06 
2.121601000e+06 2.125326000e+06 
2.143951000e+06 2.147676000e+06 
2.151401000e+06 2.155126000e+06 
2.158851000e+06 2.162576000e+06 
2.166301000e+06 2.170026000e+06 
2.173751000e+06 2.177476000e+06 
2.181201000e+06 2.184926000e+06 
2.188651000e+06 2.192376000e+06 
2.196101000e+06 2.199826000e+06 
2.203551000e+06 2.207276000e+06 
2.211001000e+06 2.214726000e+06 
2.218451000e+06 2.222176000e+06 
2.225901000e+06 2.229626000e+06 
2.248251000e+06 2.251976000e+06 
2.255701000e+06 2.259426000e+06 
2.263151000e+06 2.266876000e+06 
2.270601000e+06 2.274326000e+06 
2.278051000e+06 2.281776000e+06 
2.285501000e+06 2.289226000e+06 
2.292951000e+06 2.296676000e+06 
2.300401000e+06 2.304126000e+06 
2.307851000e+06 2.311576000e+06 
2.315301000e+06 2.319026000e+06 
2.322751000e+06 2.326476000e+06 
2.330201000e+06 2.333926000e+06 
2.352551000e+06 2.356276000e+06 
2.360001000e+06 2.363726000e+06 
2.367451000e+06 2.371176000e+06 
2.374901000e+06 2.378626000e+06 
2.382351000e+06 2.386076000e+06 
2.389801000e+06 2.393526000e+06 
2.397251000e+06 2.400976000e+06 
2.404701000e+06 2.408426000e+06 
2.412151000e+06 2.415876000e+06 
2.419601000e+06 2.423326000e+06 
2.427051000e+06 2.430776000e+06 
2.434501000e+06 2.438226000e+06 
2.456851000e+06 2.460576000e+06 
2.464301000e+06 2.468026000e+06 
2.471751000e+06 2.475476000e+06 
2.479201000e+06 2.482926000e+06 
2.486651000e+06 2.490376000e+06 
2.494101000e+06 2.497826000e+06 
2.501551000e+06 2.505276000e+06 
2.509001000e+06 2.512726000e+06 
2.516451000e+06 2.520176000e+06 
2.523901000e+06 2.527626000e+06 
2.531351000e+06 2.535076000e+06 
2.538801000e+06 2.542526000e+06 
2.561151000e+06 2.564876000e+06 
2.568601000e+06 2.572326000e+06 
2.576051000e+06 2.579776000e+06 
2.583501000e+06 2.587226000e+06 
2.590951000e+06 2.594676000e+06 
2.598401000e+06 2.602126000e+06 
2.605851000e+06 2.609576000e+06 
2.613301000e+06 2.617026000e+06 
2.620751000e+06 2.624476000e+06 
2.628201000e+06 2.631926000e+06 
2.635651000e+06 2.639376000e+06 
2.643101000e+06 2.646826000e+06 
2.665451000e+06 2.669176000e+06 
2.672901000e+06 2.676626000e+06 
2.680351000e+06 2.684076000e+06 
2.687801000e+06 2.691526000e+06 
2.695251000e+06 2.698976000e+06 
2.702701000e+06 2.706426000e+06 
2.710151000e+06 2.713876000e+06 
2.717601000e+06 2.721326000e+06 
2.725051000e+06 2.728776000e+06 
2.732501000e+06 2.736226000e+06 
2.739951000e+06 2.743676000e+06 
2.747401000e+06 2.751126000e+06 
2.769751000e+06 2.773476000e+06 
2.777201000e+06 2.780926000e+06 
2.784651000e+06 2.788376000e+06 
2.792101000e+06 2.795826000e+06 
2.799551000e+06 2.803276000e+06 
2.807001000e+06 2.810726000e+06 
2.814451000e+06 2.818176000e+06 
2.821901000e+06 2.825626000e+06 
2.829351000e+06 2.833076000e+06 
2.836801000e+06 2.840526000e+06 
2.844251000e+06 2.847976000e+06 
2.851701000e+06 2.855426000e+06 
2.874051000e+06 2.877776000e+06 
2.881501000e+06 2.885226000e+06 
2.888951000e+06 2.892676000e+06 
2.896401000e+06 2.900126000e+06 
2.903851000e+06 2.907576000e+06 
2.911301000e+06 2.915026000e+06 
2.918751000e+06 2.922476000e+06 
2.926201000e+06 2.929926000e+06 
2.933651000e+06 2.937376000e+06 
2.941101000e+06 2.944826000e+06 
2.948551000e+06 2.952276000e+06 
2.956001000e+06 2.959726000e+06 
2.978351000e+06 2.982076000e+06 
2.985801000e+06 2.989526000e+06 
2.993251000e+06 2.996976000e+06 
3.000701000e+06 3.004426000e+06 
3.008151000e+06 3.011876000e+06 
3.015601000e+06 3.019326000e+06 
3.023051000e+06 3.026776000e+06 
3.030501000e+06 3.034226000e+06 
3.037951000e+06 3.041676000e+06 
3.045401000e+06 3.049126000e+06 
3.052851000e+06 3.056576000e+06 
3.060301000e+06 3.064026000e+06 
3.082651000e+06 3.086376000e+06 
3.090101000e+06 3.093826000e+06 
3.097551000e+06 3.101276000e+06 
3.105001000e+06 3.108726000e+06 
3.112451000e+06 3.116176000e+06 
3.119901000e+06 3.123626000e+06 
3.127351000e+06 3.131076000e+06 
3.134801000e+06 3.138526000e+06 
3.142251000e+06 3.145976000e+06 
3.149701000e+06 3.153426000e+06 
3.157151000e+06 3.160876000e+06 
3.164601000e+06 3.168326000e+06 
3.186951000e+06 3.190676000e+06 
3.194401000e+06 3.198126000e+06 
3.201851000e+06 3.205576000e+06 
3.209301000e+06 3.213026000e+06 
3.216751000e+06 3.220476000e+06 
3.224201000e+06 3.227926000e+06 
3.231651000e+06 3.235376000e+06 
3.239101000e+06 3.242826000e+06 
3.246551000e+06 3.250276000e+06 
3.254001000e+06 3.257726000e+06 
3.261451000e+06 3.265176000e+06 
3.268901000e+06 3.272626000e+06 
3.291251000e+06 3.294976000e+06 
3.298701000e+06 3.302426000e+06 
3.306151000e+06 3.309876000e+06 
3.313601000e+06 3.317326000e+06 
3.321051000e+06 3.324776000e+06 
3.328501000e+06 3.332226000e+06 
3.335951000e+06 3.339676000e+06 
3.343401000e+06 3.347126000e+06 
3.350851000e+06 3.354576000e+06 
3.358301000e+06 3.362026000e+06 
3.365751000e+06 3.369476000e+06 
3.373201000e+06 3.376926000e+06 
3.395551000e+06 3.399276000e+06 
3.403001000e+06 3.406726000e+06 
3.410451000e+06 3.414176000e+06 
3.417901000e+06 3.421626000e+06 
3.425351000e+06 3.429076000e+06 
3.432801000e+06 3.436526000e+06 
3.440251000e+06 3.443976000e+06 
3.447701000e+06 3.451426000e+06 
3.455151000e+06 3.458876000e+06 
3.462601000e+06 3.466326000e+06 
3.470051000e+06 3.473776000e+06 
3.477501000e+06 3.481226000e+06 
3.499851000e+06 3.503576000e+06 
3.507301000e+06 3.511026000e+06 
3.514751000e+06 3.518476000e+06 
3.522201000e+06 3.525926000e+06 
3.529651000e+06 3.533376000e+06 
3.537101000e+06 3.540826000e+06 
3.544551000e+06 3.548276000e+06 
3.552001000e+06 3.555726000e+06 
3.559451000e+06 3.563176000e+06 
3.566901000e+06 3.570626000e+06 
3.574351000e+06 3.578076000e+06 
3.581801000e+06 3.585526000e+06 
3.604151000e+06 3.607876000e+06 
3.611601000e+06 3.615326000e+06 
3.619051000e+06 3.622776000e+06 
3.626501000e+06 3.630226000e+06 
3.633951000e+06 3.637676000e+06 
3.641401000e+06 3.645126000e+06 
3.648851000e+06 3.652576000e+06 
3.656301000e+06 3.660026000e+06 
3.663751000e+06 3.667476000e+06 
3.671201000e+06 3.674926000e+06 
3.678651000e+06 3.682376000e+06 
3.686101000e+06 3.689826000e+06 
3.708451000e+06 3.712176000e+06 
3.715901000e+06 3.719626000e+06 
3.723351000e+06 3.727076000e+06 
3.730801000e+06 3.734526000e+06 
3.738251000e+06 3.741976000e+06 
3.745701000e+06 3.749426000e+06 
3.753151000e+06 3.756876000e+06 
3.760601000e+06 3.764326000e+06 
3.768051000e+06 3.771776000e+06 
3.775501000e+06 3.779226000e+06 
3.782951000e+06 3.786676000e+06 
3.790401000e+06 3.794126000e+06 
3.812751000e+06 3.816476000e+06 
3.820201000e+06 3.823926000e+06 
3.827651000e+06 3.831376000e+06 
3.835101000e+06 3.838826000e+06 
3.842551000e+06 3.846276000e+06 
3.850001000e+06 3.853726000e+06 
3.857451000e+06 3.861176000e+06 
3.864901000e+06 3.868626000e+06 
3.872351000e+06 3.876076000e+06 
3.879801000e+06 3.883526000e+06 
3.887251000e+06 3.890976000e+06 
3.894701000e+06 3.898426000e+06 
3.917051000e+06 3.920776000e+06 
3.924501000e+06 3.928226000e+06 
3.931951000e+06 3.935676000e+06 
3.939401000e+06 3.943126000e+06 
3.946851000e+06 3.950576000e+06 
3.954301000e+06 3.958026000e+06 
3.961751000e+06 3.965476000e+06 
3.969201000e+06 3.972926000e+06 
3.976651000e+06 3.980376000e+06 
3.984101000e+06 3.987826000e+06 
3.991551000e+06 3.995276000e+06 
3.999001000e+06 4.002726000e+06 
4.021351000e+06 4.025076000e+06 
4.028801000e+06 4.032526000e+06 
4.036251000e+06 4.039976000e+06 
4.043701000e+06 4.047426000e+06 
4.051151000e+06 4.054876000e+06 
4.058601000e+06 4.062326000e+06 
4.066051000e+06 4.069776000e+06 
4.073501000e+06 4.077226000e+06 
4.080951000e+06 4.084676000e+06 
4.088401000e+06 4.092126000e+06 
4.095851000e+06 4.099576000e+06 
4.103301000e+06 4.107026000e+06 
4.125651000e+06 4.129376000e+06 
4.133101000e+06 4.136826000e+06 
4.140551000e+06 4.144276000e+06 
4.148001000e+06 4.151726000e+06 
4.155451000e+06 4.159176000e+06 
4.162901000e+06 4.166626000e+06 
4.170351000e+06 4.174076000e+06 
4.177801000e+06 4.181526000e+06 
4.185251000e+06 4.188976000e+06 
4.192701000e+06 4.196426000e+06 
4.200151000e+06 4.203876000e+06 
4.207601000e+06 4.211326000e+06 
4.229951000e+06 4.233676000e+06 
4.237401000e+06 4.241126000e+06 
4.244851000e+06 4.248576000e+06 
4.252301000e+06 4.256026000e+06 
4.259751000e+06 4.263476000e+06 
4.267201000e+06 4.270926000e+06 
4.274651000e+06 4.278376000e+06 
4.282101000e+06 4.285826000e+06 
4.289551000e+06 4.293276000e+06 
4.297001000e+06 4.300726000e+06 
4.304451000e+06 4.308176000e+06 
4.311901000e+06 4.315626000e+06 
4.334251000e+06 4.337976000e+06 
4.341701000e+06 4.345426000e+06 
4.349151000e+06 4.352876000e+06 
4.356601000e+06 4.360326000e+06 
4.364051000e+06 4.367776000e+06 
4.371501000e+06 4.375226000e+06 
4.378951000e+06 4.382676000e+06 
4.386401000e+06 4.390126000e+06 
4.393851000e+06 4.397576000e+06 
4.401301000e+06 4.405026000e+06 
4.408751000e+06 4.412476000e+06 
4.416201000e+06 4.419926000e+06 
