5.906851000e+06 5.918026000e+06 
5.929201000e+06 5.940376000e+06 
5.951551000e+06 5.962726000e+06 
5.973901000e+06 5.985076000e+06 
6.040951000e+06 6.052126000e+06 
6.063301000e+06 6.074476000e+06 
6.085651000e+06 6.096826000e+06 
6.108001000e+06 6.119176000e+06 
6.175051000e+06 6.186226000e+06 
6.197401000e+06 6.208576000e+06 
6.219751000e+06 6.230926000e+06 
6.242101000e+06 6.253276000e+06 
6.309151000e+06 6.320326000e+06 
6.331501000e+06 6.342676000e+06 
6.353851000e+06 6.365026000e+06 
6.376201000e+06 6.387376000e+06 
6.443251000e+06 6.454426000e+06 
6.465601000e+06 6.476776000e+06 
6.487951000e+06 6.499126000e+06 
6.510301000e+06 6.521476000e+06 
6.577351000e+06 6.588526000e+06 
6.599701000e+06 6.610876000e+06 
6.622051000e+06 6.633226000e+06 
6.644401000e+06 6.655576000e+06 
6.711451000e+06 6.722626000e+06 
6.733801000e+06 6.744976000e+06 
6.756151000e+06 6.767326000e+06 
6.778501000e+06 6.789676000e+06 
6.845551000e+06 6.856726000e+06 
6.867901000e+06 6.879076000e+06 
6.890251000e+06 6.901426000e+06 
6.912601000e+06 6.923776000e+06 
1.459185100e+07 1.462552600e+07 
1.465920100e+07 1.469287600e+07 
1.472655100e+07 1.476022600e+07 
1.479390100e+07 1.482757600e+07 
1.499595100e+07 1.502962600e+07 
1.506330100e+07 1.509697600e+07 
1.513065100e+07 1.516432600e+07 
1.519800100e+07 1.523167600e+07 
1.540005100e+07 1.543372600e+07 
1.546740100e+07 1.550107600e+07 
1.553475100e+07 1.556842600e+07 
1.560210100e+07 1.563577600e+07 
1.580415100e+07 1.583782600e+07 
1.587150100e+07 1.590517600e+07 
1.593885100e+07 1.597252600e+07 
1.600620100e+07 1.603987600e+07 
1.620825100e+07 1.624192600e+07 
1.627560100e+07 1.630927600e+07 
1.634295100e+07 1.637662600e+07 
1.641030100e+07 1.644397600e+07 
1.661235100e+07 1.664602600e+07 
1.667970100e+07 1.671337600e+07 
1.674705100e+07 1.678072600e+07 
1.681440000e+07 1.684807600e+07 
1.701645200e+07 1.705012800e+07 
1.708380200e+07 1.711747600e+07 
1.715115200e+07 1.718482800e+07 
1.721850200e+07 1.725217600e+07 
1.742055000e+07 1.745422800e+07 
1.748790000e+07 1.752157600e+07 
1.755525200e+07 1.758892800e+07 
1.762260000e+07 1.765627600e+07 
2.327685200e+07 2.333302400e+07 
2.338919800e+07 2.344537600e+07 
2.350155200e+07 2.355772400e+07 
2.361389800e+07 2.367007600e+07 
2.395095200e+07 2.400712400e+07 
2.406330200e+07 2.411948000e+07 
2.417565200e+07 2.423182400e+07 
2.428800200e+07 2.434418000e+07 
2.462504800e+07 2.468122400e+07 
2.473740200e+07 2.479358000e+07 
2.484974800e+07 2.490592400e+07 
2.496209800e+07 2.501828000e+07 
2.529915200e+07 2.535532000e+07 
2.541150200e+07 2.546768000e+07 
2.552385200e+07 2.558002000e+07 
2.563620200e+07 2.569238000e+07 
2.597325200e+07 2.602942000e+07 
2.608560200e+07 2.614178000e+07 
2.619795200e+07 2.625412000e+07 
2.631030200e+07 2.636648000e+07 
2.664735200e+07 2.670352400e+07 
2.675970200e+07 2.681588000e+07 
2.687204800e+07 2.692822000e+07 
2.698440200e+07 2.704058000e+07 
2.732144800e+07 2.737762000e+07 
2.743380200e+07 2.748998000e+07 
2.754614800e+07 2.760232000e+07 
2.765850200e+07 2.771468000e+07 
2.799555200e+07 2.805172000e+07 
2.810790200e+07 2.816408000e+07 
2.822025200e+07 2.827642000e+07 
2.833260200e+07 2.838878000e+07 
3.196185200e+07 3.204052400e+07 
3.211920200e+07 3.219788000e+07 
3.227655200e+07 3.235522400e+07 
3.243390200e+07 3.251258000e+07 
3.290595200e+07 3.298462400e+07 
3.306330200e+07 3.314198000e+07 
3.322065200e+07 3.329932400e+07 
3.337800200e+07 3.345668000e+07 
3.385005200e+07 3.392872400e+07 
3.400740000e+07 3.408608000e+07 
3.416475200e+07 3.424342400e+07 
3.432210400e+07 3.440078000e+07 
3.479415200e+07 3.487282400e+07 
3.495150400e+07 3.503018000e+07 
3.510885200e+07 3.518752400e+07 
3.526620000e+07 3.534488000e+07 
3.573825200e+07 3.581692400e+07 
3.589560000e+07 3.597427600e+07 
3.605295200e+07 3.613162800e+07 
3.621030400e+07 3.628897600e+07 
3.668235200e+07 3.676102800e+07 
3.683970400e+07 3.691837600e+07 
3.699705200e+07 3.707572800e+07 
3.715440000e+07 3.723307600e+07 
3.762645200e+07 3.770512800e+07 
3.778380000e+07 3.786247600e+07 
3.794115200e+07 3.801982800e+07 
3.809849600e+07 3.817717600e+07 
3.857055200e+07 3.864922800e+07 
3.872789600e+07 3.880657600e+07 
3.888525200e+07 3.896392000e+07 
3.904260000e+07 3.912127600e+07 
4.064685600e+07 4.074802000e+07 
4.084920800e+07 4.095038400e+07 
4.105154800e+07 4.115271600e+07 
4.125390400e+07 4.135508400e+07 
4.186094800e+07 4.196211600e+07 
4.206330400e+07 4.216447600e+07 
4.226564800e+07 4.236682000e+07 
4.246800800e+07 4.256918400e+07 
4.307505600e+07 4.317622000e+07 
4.327740800e+07 4.337857600e+07 
4.347974800e+07 4.358092400e+07 
4.368210400e+07 4.378327600e+07 
4.428914800e+07 4.439032400e+07 
4.449150400e+07 4.459266800e+07 
4.469384800e+07 4.479502000e+07 
4.489620800e+07 4.499737600e+07 
4.550324800e+07 4.560442000e+07 
4.570560800e+07 4.580677600e+07 
4.590794800e+07 4.600912400e+07 
4.611030400e+07 4.621147600e+07 
4.671734800e+07 4.681852400e+07 
4.691969600e+07 4.702087600e+07 
4.712205600e+07 4.722322000e+07 
4.732440800e+07 4.742557600e+07 
4.793145600e+07 4.803262000e+07 
4.813380800e+07 4.823498400e+07 
4.833614800e+07 4.843732400e+07 
4.853849600e+07 4.863967600e+07 
4.914554800e+07 4.924672400e+07 
4.934789600e+07 4.944907600e+07 
4.955024800e+07 4.965142000e+07 
4.975260800e+07 4.985378400e+07 
4.933185200e+07 4.945552400e+07 
4.957920000e+07 4.970288000e+07 
4.982655200e+07 4.995023200e+07 
5.007389600e+07 5.019757200e+07 
5.081595200e+07 5.093963200e+07 
5.106329600e+07 5.118697200e+07 
5.131065200e+07 5.143432400e+07 
5.155800000e+07 5.168168800e+07 
5.230005200e+07 5.242372400e+07 
5.254740000e+07 5.267108800e+07 
5.279475200e+07 5.291843200e+07 
5.304209600e+07 5.316577200e+07 
5.378415200e+07 5.390783200e+07 
5.403148800e+07 5.415517200e+07 
5.427885200e+07 5.440253200e+07 
5.452620000e+07 5.464988000e+07 
5.526825200e+07 5.539193200e+07 
5.551560000e+07 5.563928000e+07 
5.576295200e+07 5.588663200e+07 
5.601028800e+07 5.613397200e+07 
5.675235200e+07 5.687603200e+07 
5.699969600e+07 5.712337200e+07 
5.724705200e+07 5.737073200e+07 
5.749440800e+07 5.761808000e+07 
5.823645200e+07 5.836013200e+07 
5.848380000e+07 5.860748000e+07 
5.873115200e+07 5.885483200e+07 
5.897848800e+07 5.910217200e+07 
5.972055200e+07 5.984423200e+07 
5.996789600e+07 6.009157200e+07 
6.021525200e+07 6.033892400e+07 
6.046260800e+07 6.058628000e+07 
5.801686000e+07 5.816302000e+07 
5.830920800e+07 5.845538400e+07 
5.860155200e+07 5.874772400e+07 
5.889389600e+07 5.904008400e+07 
5.977095200e+07 5.991713200e+07 
6.006329600e+07 6.020948400e+07 
6.035566000e+07 6.050182000e+07 
6.064800800e+07 6.079417600e+07 
6.152506000e+07 6.167122800e+07 
6.181740800e+07 6.196357600e+07 
6.210975200e+07 6.225593200e+07 
6.240209600e+07 6.254828400e+07 
6.327915200e+07 6.342532400e+07 
6.357149600e+07 6.371768400e+07 
6.386385200e+07 6.401002800e+07 
6.415620800e+07 6.430237600e+07 
6.503326000e+07 6.517942800e+07 
6.532560800e+07 6.547177600e+07 
6.561795200e+07 6.576413200e+07 
6.591029600e+07 6.605648400e+07 
6.678735200e+07 6.693353200e+07 
6.707969600e+07 6.722588000e+07 
6.737204800e+07 6.751823200e+07 
6.766440000e+07 6.781057600e+07 
6.854145600e+07 6.868763200e+07 
6.883380800e+07 6.897997600e+07 
6.912615200e+07 6.927233600e+07 
6.941849600e+07 6.956468000e+07 
7.029555200e+07 7.044172800e+07 
7.058789600e+07 7.073408000e+07 
7.088025600e+07 7.102644000e+07 
7.117260000e+07 7.131876800e+07 
6.670185200e+07 6.687052800e+07 
6.703920000e+07 6.720787200e+07 
6.737655200e+07 6.754522400e+07 
6.771389600e+07 6.788257600e+07 
6.872595200e+07 6.889462400e+07 
6.906329600e+07 6.923198400e+07 
6.940065600e+07 6.956932000e+07 
6.973800800e+07 6.990666400e+07 
7.075004800e+07 7.091872800e+07 
7.108741600e+07 7.125608000e+07 
7.142476000e+07 7.159342400e+07 
7.176209600e+07 7.193080000e+07 
7.277415200e+07 7.294281600e+07 
7.311150400e+07 7.328020000e+07 
7.344884800e+07 7.361752000e+07 
7.378621600e+07 7.395488000e+07 
7.479825600e+07 7.496692000e+07 
7.513561600e+07 7.530428000e+07 
7.547295200e+07 7.564161600e+07 
7.581030400e+07 7.597900000e+07 
7.682236000e+07 7.699103200e+07 
7.715971200e+07 7.732840000e+07 
7.749705600e+07 7.766573600e+07 
7.783440000e+07 7.800308000e+07 
7.884644800e+07 7.901512800e+07 
7.918378400e+07 7.935246400e+07 
7.952114400e+07 7.968983200e+07 
7.985851200e+07 8.002720000e+07 
8.087055200e+07 8.103923200e+07 
8.120790400e+07 8.137658400e+07 
8.154524800e+07 8.171393600e+07 
8.188260000e+07 8.205126400e+07 
