3.963233185e+01 3.977454758e+01 
3.751084518e+01 3.789078522e+01 
3.805041504e+01 3.836940765e+01 
3.981156921e+01 3.939952087e+01 
3.795941925e+01 3.757244873e+01 
3.662847900e+01 3.678868103e+01 
3.763820648e+01 3.888413620e+01 
3.573533249e+01 3.753179169e+01 
3.716707611e+01 3.609043503e+01 
3.938226318e+01 3.563062668e+01 
3.589530182e+01 3.521433640e+01 
3.880190277e+01 3.695214844e+01 
3.692480087e+01 3.689968872e+01 
3.630181503e+01 3.496338654e+01 
3.624160004e+01 3.635158920e+01 
3.619055176e+01 3.765111923e+01 
3.763913727e+01 3.569787979e+01 
3.552813339e+01 3.495630264e+01 
3.383409500e+01 3.180821609e+01 
3.327655792e+01 3.560879517e+01 
3.854705048e+01 3.990744019e+01 
3.748429108e+01 3.752851868e+01 
3.707569504e+01 3.514647293e+01 
3.623329163e+01 3.660786819e+01 
3.986418533e+01 3.652380753e+01 
3.709170914e+01 3.625088501e+01 
3.547150040e+01 3.606821442e+01 
3.549343872e+01 3.564132309e+01 
3.759557724e+01 3.901845551e+01 
3.766797638e+01 3.601343155e+01 
3.853486633e+01 3.539133453e+01 
3.538337326e+01 3.626382446e+01 
3.594271469e+01 3.950942230e+01 
3.729718399e+01 3.831480789e+01 
3.698806763e+01 3.804984283e+01 
3.906381607e+01 3.864741898e+01 
3.421281433e+01 3.646483612e+01 
3.539751816e+01 3.540131378e+01 
3.777161789e+01 3.682560349e+01 
3.607175446e+01 3.805991745e+01 
3.736856461e+01 3.539476395e+01 
3.954115677e+01 3.581173325e+01 
3.454668427e+01 3.394739532e+01 
3.470063782e+01 3.558119202e+01 
3.852378082e+01 3.690887833e+01 
3.710534286e+01 3.416487503e+01 
3.755049896e+01 3.568272018e+01 
3.747360992e+01 3.659274292e+01 
3.615067673e+01 3.615446091e+01 
3.585040665e+01 3.291475677e+01 
3.465999603e+01 3.299612808e+01 
3.350826645e+01 3.377200317e+01 
3.726113510e+01 3.822397614e+01 
3.575099564e+01 3.381620026e+01 
3.639587402e+01 3.304716492e+01 
3.379206467e+01 3.631931305e+01 
3.566249466e+01 3.538786697e+01 
3.614124298e+01 3.408847809e+01 
3.364110565e+01 3.478994370e+01 
3.615266800e+01 3.601436996e+01 
3.817526245e+01 3.801214600e+01 
3.890560150e+01 3.497241974e+01 
3.653998184e+01 3.634837341e+01 
3.483505630e+01 3.662480927e+01 
3.880436707e+01 4.055683517e+01 
3.783427429e+01 4.081319809e+01 
3.889369965e+01 4.070307922e+01 
3.983021164e+01 4.156124496e+01 
3.823856735e+01 3.937435150e+01 
4.094097519e+01 3.981752777e+01 
4.036256027e+01 3.958326340e+01 
3.912800980e+01 4.000133896e+01 
3.817489624e+01 3.697113800e+01 
3.933286285e+01 3.517800140e+01 
3.684440613e+01 3.742184830e+01 
3.833100510e+01 3.911466217e+01 
3.720164871e+01 3.836459732e+01 
3.946070099e+01 3.599308777e+01 
3.769815826e+01 3.734096527e+01 
3.827853394e+01 4.000848007e+01 
4.008677292e+01 3.876242828e+01 
3.658459091e+01 3.293162537e+01 
3.520698547e+01 3.283479309e+01 
3.568989563e+01 3.667763138e+01 
3.867438889e+01 3.990503311e+01 
3.979149246e+01 3.725823212e+01 
3.847136307e+01 3.858741379e+01 
3.757081604e+01 3.840809631e+01 
4.006755829e+01 3.744796753e+01 
3.900516891e+01 3.701113510e+01 
3.778036118e+01 3.693420029e+01 
3.668027115e+01 4.054479599e+01 
4.189731598e+01 3.994619370e+01 
4.133999252e+01 3.904906082e+01 
3.961087036e+01 3.597633743e+01 
3.685519028e+01 3.904761124e+01 
4.134998703e+01 4.051172256e+01 
3.894249725e+01 3.832540894e+01 
3.810182190e+01 4.081394958e+01 
4.163194656e+01 4.272836304e+01 
3.726107407e+01 3.792540359e+01 
3.881690979e+01 3.798141479e+01 
4.012278748e+01 3.934613800e+01 
3.906716537e+01 3.826418304e+01 
3.802498627e+01 3.764859772e+01 
3.976672745e+01 3.694457245e+01 
3.568185425e+01 3.785977936e+01 
3.833094788e+01 4.037980652e+01 
4.045112991e+01 3.922140121e+01 
3.822298813e+01 3.694001770e+01 
3.644747925e+01 3.762935638e+01 
3.627181625e+01 3.727583313e+01 
3.923553085e+01 3.760908890e+01 
3.636274719e+01 3.265472031e+01 
3.379130936e+01 3.388767242e+01 
3.379686356e+01 3.651561356e+01 
4.001804352e+01 3.841419601e+01 
3.877396393e+01 3.621728134e+01 
3.919094849e+01 3.681822968e+01 
3.656951523e+01 3.943971634e+01 
3.996996689e+01 3.814720917e+01 
3.847149277e+01 3.569969940e+01 
3.652156830e+01 3.580417252e+01 
3.692629623e+01 3.800722885e+01 
4.035462189e+01 4.042251587e+01 
4.006871033e+01 3.709068680e+01 
3.821115494e+01 3.562427521e+01 
3.799039459e+01 3.971283722e+01 
4.000880814e+01 4.232429886e+01 
4.029871368e+01 3.940922546e+01 
4.059760284e+01 4.129170990e+01 
4.065023422e+01 4.299223328e+01 
4.047920227e+01 4.043026352e+01 
4.134231567e+01 3.895572662e+01 
4.070598984e+01 3.896307755e+01 
4.020277405e+01 4.088557053e+01 
3.764702988e+01 3.903191376e+01 
4.235483170e+01 3.743310165e+01 
3.912896729e+01 3.973697281e+01 
4.165205002e+01 4.052935028e+01 
4.069209671e+01 4.162667847e+01 
4.158463669e+01 3.702307510e+01 
4.031893921e+01 3.737123871e+01 
3.902780533e+01 4.175863647e+01 
4.037478638e+01 3.784305573e+01 
3.728927612e+01 3.433893585e+01 
3.517004395e+01 3.672096252e+01 
3.644178772e+01 3.956614685e+01 
4.224972534e+01 3.955412292e+01 
4.339701080e+01 3.616223145e+01 
3.998703766e+01 3.765095520e+01 
3.736922836e+01 4.006876373e+01 
4.252458572e+01 4.058679199e+01 
4.050291443e+01 3.702131271e+01 
3.663324738e+01 3.782428360e+01 
3.719389343e+01 3.873362350e+01 
4.184665298e+01 4.125987244e+01 
4.043259048e+01 3.938483810e+01 
4.011379242e+01 3.938864136e+01 
3.736969757e+01 4.053331757e+01 
3.694807434e+01 3.773141098e+01 
3.717179489e+01 3.646683884e+01 
3.738592911e+01 3.712746429e+01 
3.858645248e+01 3.925341415e+01 
3.574829865e+01 3.564383316e+01 
3.672239685e+01 3.430781937e+01 
3.680059052e+01 3.486327744e+01 
3.522396088e+01 3.694420242e+01 
3.599190521e+01 3.348789215e+01 
3.601639938e+01 3.390075302e+01 
3.497445297e+01 3.450075912e+01 
3.559366989e+01 3.543734360e+01 
4.009608841e+01 3.853882980e+01 
3.631018066e+01 3.299562454e+01 
3.430368042e+01 3.445709991e+01 
3.516726303e+01 3.758078003e+01 
3.557766724e+01 3.337967682e+01 
3.505773926e+01 3.051070786e+01 
3.286777496e+01 3.247174454e+01 
3.252702332e+01 3.514836884e+01 
3.771784973e+01 3.588275146e+01 
3.832224274e+01 3.309341812e+01 
3.713905334e+01 3.260208130e+01 
3.497975159e+01 3.320629501e+01 
3.675670624e+01 3.587356567e+01 
3.433106613e+01 3.412709427e+01 
3.318909073e+01 3.255198669e+01 
3.488130569e+01 3.587973404e+01 
3.738639450e+01 3.828476334e+01 
3.752431488e+01 3.741006088e+01 
3.554163361e+01 3.537195206e+01 
3.346045685e+01 3.649285126e+01 
4.158676910e+01 3.907122421e+01 
3.973687744e+01 4.001325989e+01 
4.202435684e+01 4.038800430e+01 
4.294336319e+01 4.057384872e+01 
3.672450638e+01 3.764966202e+01 
3.964234924e+01 3.831143188e+01 
3.870893097e+01 3.844714737e+01 
3.972509384e+01 3.851510239e+01 
3.907337189e+01 3.878386307e+01 
3.956112671e+01 3.627858734e+01 
3.674095154e+01 3.837791824e+01 
3.878870010e+01 3.958279037e+01 
4.030326462e+01 4.052552414e+01 
3.727770615e+01 3.525108337e+01 
3.557754898e+01 3.791422653e+01 
3.750512314e+01 3.804783249e+01 
4.090979767e+01 3.764012146e+01 
3.865084839e+01 3.407029724e+01 
3.565109253e+01 3.530270767e+01 
3.614820480e+01 4.033964157e+01 
4.021169662e+01 4.125739670e+01 
3.870613098e+01 3.672881317e+01 
3.818137741e+01 3.664554977e+01 
3.579790115e+01 3.960560608e+01 
4.030353165e+01 3.854181671e+01 
3.569876099e+01 3.852946472e+01 
3.664009476e+01 3.454860306e+01 
3.591384506e+01 3.861054993e+01 
3.917567444e+01 4.071167755e+01 
4.109394836e+01 3.869015121e+01 
3.838917160e+01 3.701881409e+01 
3.585900879e+01 3.783612823e+01 
3.563964081e+01 3.566866684e+01 
3.419340897e+01 3.495314407e+01 
3.366525650e+01 3.534261703e+01 
3.434418106e+01 3.602167511e+01 
3.484204102e+01 3.518093872e+01 
3.594249725e+01 3.440711975e+01 
3.521616745e+01 3.571026993e+01 
3.655651855e+01 3.451492691e+01 
3.454874420e+01 3.383469391e+01 
3.420557785e+01 3.339476776e+01 
3.373933411e+01 3.331322861e+01 
3.321089935e+01 3.551356506e+01 
3.422126389e+01 3.466139984e+01 
3.565716171e+01 3.339714813e+01 
3.480204391e+01 3.514634705e+01 
3.627793121e+01 3.573138428e+01 
3.485186005e+01 3.462438202e+01 
3.212881851e+01 2.929375458e+01 
2.943275070e+01 3.043514442e+01 
3.210651779e+01 3.386696243e+01 
3.620595932e+01 3.604888535e+01 
3.548041534e+01 3.427213287e+01 
3.290921402e+01 3.023556519e+01 
3.153973961e+01 3.377631760e+01 
3.472026443e+01 3.413626862e+01 
3.292898178e+01 3.379986191e+01 
3.318791580e+01 3.037377357e+01 
3.133109093e+01 3.294128418e+01 
3.620982742e+01 3.540736771e+01 
3.466427231e+01 3.371283722e+01 
3.534954834e+01 3.383018112e+01 
3.178660965e+01 3.417161179e+01 
