6.745098233e-01 1.843137443e-01
4.588235617e-01 7.529412508e-01
2.627451122e-01 9.843137860e-01
7.647059560e-01 4.039216042e-01
3.529411927e-02 8.274510503e-01
8.235294372e-02 9.490196705e-01
1.411764771e-01 3.411764801e-01
2.745098174e-01 8.470588923e-01
3.450980484e-01 5.490196347e-01
2.274509966e-01 7.568628192e-01
9.019608498e-01 1.529411823e-01
3.411764801e-01 6.823529601e-01
3.450980484e-01 3.176470697e-01
6.470588446e-01 9.803922474e-02
3.019607961e-01 2.823529541e-01
3.529411927e-02 5.803921819e-01
4.509804249e-01 8.156863451e-01
9.529412389e-01 7.725490928e-01
9.960784912e-01 3.098039329e-01
6.862745285e-01 7.529412508e-01
3.215686381e-01 3.882353306e-01
8.470588923e-01 6.941176653e-01
9.529412389e-01 1.137254983e-01
5.764706135e-01 5.764706135e-01
5.568627715e-01 6.549019814e-01
1.254902035e-01 7.568628192e-01
3.529411927e-02 7.254902720e-01
4.980392456e-01 1.254902035e-01
1.215686351e-01 7.921569347e-01
9.568628073e-01 5.921568871e-01
6.392157078e-01 9.960784912e-01
7.960785031e-01 4.470588565e-01
7.176471353e-01 1.098039299e-01
1.333333403e-01 5.019608140e-01
5.019608140e-01 6.431372762e-01
2.078431547e-01 5.215686560e-01
1.490196139e-01 9.098039865e-01
9.568628073e-01 6.666667014e-02
3.098039329e-01 5.176470876e-01
4.117647409e-01 1.647058874e-01
7.294118404e-01 1.215686351e-01
4.705882668e-01 3.921568859e-03
2.549019754e-01 9.058824182e-01
6.627451181e-01 2.235294282e-01
1.372549087e-01 4.000000358e-01
4.666666985e-01 4.313725606e-02
6.823529601e-01 3.215686381e-01
3.568627834e-01 5.019608140e-01
5.568627715e-01 3.882353306e-01
2.078431547e-01 5.490196347e-01
4.745098352e-01 6.666666865e-01
3.294117749e-01 7.960785031e-01
2.666666806e-01 2.352941409e-02
7.686275244e-01 1.843137443e-01
4.980392456e-01 9.568628073e-01
5.137255192e-01 8.000000715e-01
3.921568990e-01 7.058823705e-01
9.098039865e-01 3.058823645e-01
5.607843399e-01 5.803921819e-01
8.901961446e-01 7.294118404e-01
9.019608796e-02 8.117647767e-01
5.529412031e-01 4.588235617e-01
3.333333433e-01 1.882353127e-01
1.921568811e-01 2.705882490e-01
6.627451181e-01 6.392157078e-01
7.529412508e-01 3.725490570e-01
7.725490928e-01 3.686274886e-01
0.000000000e+00 4.431372881e-01
6.980392337e-01 1.411764771e-01
6.352941394e-01 1.882353127e-01
3.647059202e-01 5.137255192e-01
3.843137622e-01 1.647058874e-01
8.039216399e-01 4.392157197e-01
9.058824182e-01 5.843137503e-01
7.882353663e-01 4.980392456e-01
0.000000000e+00 5.411764979e-01
4.470588565e-01 1.686274558e-01
7.294118404e-01 4.980392456e-01
9.019608796e-02 7.333334088e-01
5.098039508e-01 4.745098352e-01
3.843137622e-01 2.431372702e-01
6.392157078e-01 8.705883026e-01
4.823529720e-01 7.647059560e-01
3.215686381e-01 6.823529601e-01
8.901961446e-01 5.803921819e-01
8.196079135e-01 1.960784495e-01
6.078431606e-01 5.490196496e-02
1.607843190e-01 2.274509966e-01
7.568628192e-01 1.411764771e-01
3.921568766e-02 3.372549117e-01
1.686274558e-01 4.078431726e-01
4.313725606e-02 7.843137719e-03
2.000000179e-01 3.137255013e-01
1.254902035e-01 7.137255669e-01
5.019608140e-01 1.490196139e-01
7.450980693e-02 6.823529601e-01
1.647058874e-01 4.509804249e-01
7.215687037e-01 7.372549772e-01
9.098039865e-01 3.019607961e-01
1.176470667e-01 9.411765635e-02
4.901961088e-01 7.843137719e-03
1.176470704e-02 3.686274886e-01
8.862745762e-01 4.196078777e-01
5.098039657e-02 4.392157197e-01
1.568627506e-01 2.823529541e-01
7.450980693e-02 3.725490570e-01
2.823529541e-01 6.039215922e-01
7.607843876e-01 9.725490808e-01
7.058823705e-01 2.627451122e-01
9.254902601e-01 2.392157018e-01
5.490196496e-02 3.764706254e-01
1.568627544e-02 7.647059560e-01
9.294118285e-01 5.450980663e-01
9.882353544e-01 3.372549117e-01
8.039216399e-01 4.745098352e-01
4.274510145e-01 2.941176593e-01
7.215687037e-01 6.274510175e-02
5.960784554e-01 6.156862974e-01
5.843137503e-01 4.313725829e-01
9.803922474e-02 8.156863451e-01
7.372549772e-01 4.745098352e-01
4.627451301e-01 4.588235617e-01
7.411765456e-01 3.254902065e-01
6.313725710e-01 4.078431726e-01
6.274510026e-01 8.941177130e-01
9.843137860e-01 9.843137860e-01
4.745098352e-01 2.745098174e-01
8.352941871e-01 1.215686351e-01
5.098039657e-02 2.784313858e-01
7.215687037e-01 5.960784554e-01
3.098039329e-01 1.607843190e-01
7.058823854e-02 1.568627506e-01
7.137255669e-01 8.117647767e-01
4.313725606e-02 6.509804130e-01
4.352941513e-01 3.647059202e-01
9.764706492e-01 5.058823824e-01
8.745098710e-01 4.627451301e-01
1.725490242e-01 8.470588923e-01
4.901961088e-01 9.411765635e-02
2.627451122e-01 8.235294819e-01
9.372549653e-01 1.176470704e-02
9.176471233e-01 8.000000715e-01
9.019608498e-01 1.372549087e-01
8.392157555e-01 9.960784912e-01
7.411765456e-01 7.725490928e-01
8.431373239e-01 1.686274558e-01
1.254902035e-01 4.313725606e-02
4.078431726e-01 8.313726187e-01
5.411764979e-01 7.137255669e-01
9.215686917e-01 6.470588446e-01
4.901961088e-01 6.117647290e-01
4.352941513e-01 9.098039865e-01
7.843137719e-03 1.058823615e-01
8.274510503e-01 8.509804606e-01
5.921568871e-01 2.078431547e-01
2.000000179e-01 6.823529601e-01
5.803921819e-01 7.098039985e-01
1.137254983e-01 2.627451122e-01
1.372549087e-01 1.529411823e-01
5.372549295e-01 2.862745225e-01
1.607843190e-01 5.921568871e-01
5.137255192e-01 1.803921759e-01
8.549020290e-01 6.980392337e-01
4.235294461e-01 1.176470704e-02
1.215686351e-01 3.529411927e-02
5.411764979e-01 1.058823615e-01
6.784313917e-01 7.803922296e-01
6.549019814e-01 2.392157018e-01
3.333333433e-01 3.803921938e-01
1.725490242e-01 1.333333403e-01
6.352941394e-01 3.450980484e-01
1.294117719e-01 5.215686560e-01
9.098039865e-01 1.000000119e+00
1.411764771e-01 0.000000000e+00
7.960785031e-01 1.333333403e-01
7.725490928e-01 4.941176772e-01
7.098039985e-01 9.960784912e-01
3.137255013e-01 7.450981140e-01
5.333333611e-01 7.411765456e-01
5.058823824e-01 8.196079135e-01
4.392157197e-01 1.372549087e-01
4.705882668e-01 3.568627834e-01
6.588235497e-01 4.549019933e-01
1.411764771e-01 6.901960969e-01
9.803922474e-02 2.627451122e-01
4.039216042e-01 9.882353544e-01
1.372549087e-01 4.470588565e-01
1.176470667e-01 1.137254983e-01
9.450981021e-01 1.294117719e-01
5.725490451e-01 6.666667014e-02
8.666667342e-01 3.294117749e-01
9.921569228e-01 7.843137719e-03
2.705882490e-01 3.960784674e-01
5.490196347e-01 1.725490242e-01
4.588235617e-01 9.921569228e-01
2.588235438e-01 4.352941513e-01
3.568627834e-01 3.333333433e-01
6.549019814e-01 1.529411823e-01
7.960785031e-01 5.882353187e-01
6.196078658e-01 5.686274767e-01
7.764706612e-01 7.803922296e-01
7.058823854e-02 3.607843518e-01
1.686274558e-01 3.254902065e-01
6.941176653e-01 1.607843190e-01
3.647059202e-01 6.823529601e-01
5.843137503e-01 7.882353663e-01
3.490196168e-01 9.490196705e-01
8.784314394e-01 8.588235974e-01
2.862745225e-01 1.098039299e-01
9.215686917e-01 8.196079135e-01
4.117647409e-01 7.294118404e-01
5.019608140e-01 8.392157555e-01
2.470588386e-01 6.274510175e-02
4.156863093e-01 6.431372762e-01
3.686274886e-01 9.411765635e-02
4.549019933e-01 7.490196824e-01
7.647059560e-01 2.000000179e-01
5.333333611e-01 7.215687037e-01
3.568627834e-01 3.647059202e-01
4.823529720e-01 9.333333969e-01
3.411764801e-01 6.274510026e-01
5.764706135e-01 2.823529541e-01
7.803922296e-01 3.411764801e-01
5.098039657e-02 2.274509966e-01
3.176470697e-01 4.705882668e-01
4.549019933e-01 7.176471353e-01
2.509804070e-01 7.960785031e-01
8.627451658e-01 6.431372762e-01
9.803922474e-02 1.254902035e-01
6.666666865e-01 5.490196496e-02
8.392157555e-01 1.098039299e-01
7.843137532e-02 8.235294819e-01
2.666666806e-01 8.627451211e-02
8.901961446e-01 4.784314036e-01
3.254902065e-01 5.294117928e-01
7.843137980e-01 2.392157018e-01
5.529412031e-01 1.960784383e-02
0.000000000e+00 5.333333611e-01
8.117647767e-01 8.117647767e-01
7.098039985e-01 5.450980663e-01
1.568627544e-02 6.549019814e-01
3.607843518e-01 6.784313917e-01
1.019607931e-01 2.901960909e-01
2.039215863e-01 9.333333969e-01
6.941176653e-01 8.588235974e-01
2.000000179e-01 8.901961446e-01
4.117647409e-01 7.058823854e-02
4.588235617e-01 1.333333403e-01
2.000000179e-01 6.196078658e-01
7.098039985e-01 2.274509966e-01
6.705882549e-01 2.156862915e-01
9.882353544e-01 9.882353544e-01
7.058823854e-02 6.784313917e-01
3.411764801e-01 7.568628192e-01
2.745098174e-01 9.176471233e-01
2.078431547e-01 1.882353127e-01
3.686274886e-01 2.313725650e-01
3.137255013e-01 6.039215922e-01
4.862745404e-01 6.392157078e-01
2.274509966e-01 6.941176653e-01
4.156863093e-01 7.882353663e-01
1.725490242e-01 5.098039657e-02
4.745098352e-01 2.745098174e-01
1.490196139e-01 6.549019814e-01
5.333333611e-01 5.098039657e-02
9.725490808e-01 5.294117928e-01
8.156863451e-01 9.725490808e-01
8.627451211e-02 9.725490808e-01
3.098039329e-01 8.509804606e-01
3.137255087e-02 8.901961446e-01
2.352941409e-02 8.196079135e-01
7.803922296e-01 8.313726187e-01
8.509804606e-01 7.607843876e-01
2.352941334e-01 5.647059083e-01
2.196078598e-01 4.470588565e-01
9.294118285e-01 5.921568871e-01
