6.745098233e-01 1.843137443e-01
4.588235617e-01 7.529412508e-01
2.627451122e-01 9.843137860e-01
7.647059560e-01 4.039216042e-01
3.529411927e-02 8.274510503e-01
8.235294372e-02 9.490196705e-01
1.411764771e-01 3.411764801e-01
2.745098174e-01 8.470588923e-01
3.450980484e-01 5.490196347e-01
2.274509966e-01 7.568628192e-01
9.019608498e-01 1.529411823e-01
3.411764801e-01 6.823529601e-01
3.450980484e-01 3.176470697e-01
6.470588446e-01 9.803922474e-02
3.019607961e-01 2.823529541e-01
3.529411927e-02 5.803921819e-01
4.509804249e-01 8.156863451e-01
9.529412389e-01 7.725490928e-01
9.960784912e-01 3.098039329e-01
6.862745285e-01 7.529412508e-01
3.215686381e-01 3.882353306e-01
8.470588923e-01 6.941176653e-01
9.529412389e-01 1.137254983e-01
5.764706135e-01 5.764706135e-01
5.568627715e-01 6.549019814e-01
1.254902035e-01 7.568628192e-01
3.529411927e-02 7.254902720e-01
4.980392456e-01 1.254902035e-01
1.215686351e-01 7.921569347e-01
9.568628073e-01 5.921568871e-01
6.392157078e-01 9.960784912e-01
7.960785031e-01 4.470588565e-01
7.176471353e-01 1.098039299e-01
1.333333403e-01 5.019608140e-01
5.019608140e-01 6.431372762e-01
2.078431547e-01 5.215686560e-01
1.490196139e-01 9.098039865e-01
9.568628073e-01 6.666667014e-02
3.098039329e-01 5.176470876e-01
4.117647409e-01 1.647058874e-01
7.294118404e-01 1.215686351e-01
4.705882668e-01 3.921568859e-03
