44 -81 -11 64 -61 123 67 -25
-119 83 -107 114 -92 -41 -58 88
-40 12 -70 65 102 -89 -41 0
0 0 0 0 0 0 0 0
46 -40 -47 37 -103 -51 -56 -119
20 -13 80 115 69 126 -49 47
64 -46 -29 88 49 115 -99 0
0 0 0 0 0 0 0 0
19 19 14 39 -96 65 -119 57
-1 -96 -97 74 116 23 35 126
75 -14 55 -100 -94 0 0 0
0 0 0 0 0 0 0 0
36 -75 5 -90 104 116 -111 -49
4 -23 -86 58 -97 -8 -127 -63
103 41 -71 -93 -26 -9 -117 0
0 0 0 0 0 0 0 0
46 -46 -37 0 14 -29 -75 12
-7 42 -44 75 -60 -122 68 -81
-1 116 3 76 -28 52 104 0
0 0 0 0 0 0 0 0
-50 15 20 99 58 -105 79 13
-11 -43 -80 -79 -59 41 35 64
-33 69 -34 -128 -15 50 -92 0
0 0 0 0 0 0 0 0
34 -80 -35 3 -30 -86 77 -16
103 21 73 -1 -128 10 -14 -85
58 -1 -105 59 2 -7 -30 0
0 0 0 0 0 0 0 0
-66 35 94 -5 67 -46 46 99
20 81 -78 27 -114 -87 -70 65
-92 -118 -42 -85 -24 -117 -126 0
0 0 0 0 0 0 0 0
-77 -48 -96 54 0 -90 -109 46
-86 -13 56 60 104 -51 -98 -104
-3 -126 -125 -34 98 -21 -115 0
0 0 0 0 0 0 0 0
-16 -88 -56 -109 -33 -56 26 66
120 52 -61 108 -67 -114 -32 -124
67 109 11 124 -42 77 -7 0
0 0 0 0 0 0 0 0
-19 -53 56 -112 24 29 21 -18
-103 80 60 -7 -10 -11 61 -45
33 -24 32 100 123 123 -7 0
0 0 0 0 0 0 0 0
-58 85 -97 -115 -57 56 24 -49
-87 -110 -88 54 79 -117 38 -17
-35 121 1 95 -10 -84 88 0
0 0 0 0 0 0 0 0
-3 -104 -61 82 111 -125 106 76
102 -93 86 126 61 69 87 -85
-96 -117 -24 84 10 54 107 0
0 0 0 0 0 0 0 0
37 -3 28 -17 104 -126 -101 83
89 23 -75 -77 46 20 53 -99
-61 -93 -89 9 -55 -87 23 0
0 0 0 0 0 0 0 0
3 -82 90 50 -20 -125 -97 -119
10 -101 45 71 39 -67 -43 -31
-84 -94 34 -40 -95 5 104 0
0 0 0 0 0 0 0 0
127 -92 -128 75 -94 69 -2 53
126 -48 62 8 61 1 81 -16
-93 -8 -37 40 -12 -92 48 0
0 0 0 0 0 0 0 0
-103 -61 -25 124 -93 -14 -98 -99
113 -95 18 -111 93 -44 125 -126
-59 -27 12 -84 -11 125 -62 0
0 0 0 0 0 0 0 0
-17 -37 -43 39 -89 75 22 30
17 70 71 -110 -36 -85 -45 49
-87 -35 46 21 73 -39 114 0
0 0 0 0 0 0 0 0
96 91 -55 -100 107 81 -23 58
0 86 -65 -112 -22 36 -34 -104
-12 63 67 -77 8 56 -37 0
0 0 0 0 0 0 0 0
-35 -5 110 -41 32 19 -56 71
-41 -115 -70 -47 -8 -12 55 -64
75 92 36 -103 -96 42 -114 0
0 0 0 0 0 0 0 0
86 -100 -108 82 -60 -106 99 -6
-45 7 72 -67 13 -123 -128 8
79 79 53 11 -124 39 -36 0
0 0 0 0 0 0 0 0
45 -102 -54 -76 110 49 91 -77
99 -23 -110 -11 -94 -77 30 53
-70 43 -73 124 124 -110 45 0
0 0 0 0 0 0 0 0
-41 65 -58 106 -75 -80 -34 -69
-48 26 -4 35 -70 49 -22 73
-84 -115 -7 -58 -90 39 8 0
0 0 0 0 0 0 0 0
-115 120 7 80 120 -106 120 -49
89 -120 99 -122 81 71 84 89
66 -68 16 -72 -14 109 23 0
0 0 0 0 0 0 0 0
