1.238159466e+01 8.955679893e+00
9.920357704e+00 1.253535843e+01
8.587423325e+00 9.818305016e+00
1.203750515e+01 9.731695175e+00
1.226200104e+01 9.933636665e+00
9.590306282e+00 7.492162704e+00
8.275168419e+00 8.941523552e+00
6.561002731e+00 8.615784645e+00
8.868971825e+00 8.166711807e+00
9.532154083e+00 8.816732407e+00
1.028550243e+01 7.712011337e+00
8.047177315e+00 9.494888306e+00
6.391344070e+00 8.553638458e+00
8.739972115e+00 7.985372543e+00
8.766613960e+00 8.014088631e+00
1.146256256e+01 1.015414524e+01
1.055096054e+01 1.231380844e+01
8.674167633e+00 1.109746742e+01
1.134258556e+01 1.056862640e+01
1.254080009e+01 1.050379753e+01
1.161970043e+01 8.315762520e+00
9.210222244e+00 1.069732475e+01
8.176497459e+00 8.681282997e+00
1.103620720e+01 8.147253036e+00
1.039429855e+01 9.304332733e+00
1.010128689e+01 8.126419067e+00
8.235003471e+00 9.598674774e+00
7.475892544e+00 8.651000023e+00
8.965995789e+00 8.395452499e+00
1.046617508e+01 8.968917847e+00
1.016560459e+01 8.337176323e+00
9.533030510e+00 1.069338512e+01
8.387063026e+00 8.706912994e+00
1.056176853e+01 8.519940376e+00
1.044284058e+01 8.573600769e+00
