2.460631877e-01 6.658591032e-01
5.173085332e-01 4.240889847e-01
5.546877980e-01 2.870515287e-01
7.065746784e-01 4.148568809e-01
3.605455458e-01 8.286569118e-01
9.249669313e-01 4.600730911e-02
2.326269895e-01 3.485193551e-01
8.149664998e-01 9.854914546e-01
9.689717293e-01 9.049483538e-01
2.965562642e-01 9.920112491e-01
2.494200468e-01 1.059061512e-01
9.509525895e-01 2.334202528e-01
6.897682548e-01 5.835635960e-02
7.307090759e-01 8.817201853e-01
2.724368870e-01 3.790569007e-01
3.742961884e-01 7.487882376e-01
2.378072441e-01 1.718530953e-01
4.492916465e-01 3.044683933e-01
8.391891122e-01 2.377418280e-01
5.023894310e-01 9.425836205e-01
6.339976788e-01 8.672894239e-01
9.402096868e-01 7.507648468e-01
6.995750666e-01 9.679655433e-01
9.944007993e-01 4.518216848e-01
7.086978108e-02 2.927940190e-01
1.523547024e-01 4.174863696e-01
1.312893331e-01 6.041178107e-01
3.828080595e-01 8.953858614e-01
9.677946568e-01 5.468848944e-01
2.748235762e-01 5.922304392e-01
8.967611790e-01 4.067333341e-01
5.520782471e-01 2.716527581e-01
4.554441571e-01 4.017135501e-01
2.484134585e-01 5.058664083e-01
3.103808165e-01 3.730348647e-01
5.249704719e-01 7.505950332e-01
3.335074782e-01 9.241587520e-01
8.623185754e-01 4.869029671e-02
2.536425292e-01 4.461355209e-01
1.046278924e-01 3.484759927e-01
7.400975227e-01 6.805144548e-01
6.223844290e-01 7.105283737e-01
2.049236894e-01 3.416981101e-01
6.762424707e-01 8.792347908e-01
5.436780453e-01 2.826996446e-01
3.023525886e-02 7.103368044e-01
7.884103805e-03 3.726790845e-01
5.305371881e-01 9.221114516e-01
8.949454874e-02 4.059423208e-01
2.431320027e-02 3.426109850e-01
6.222310662e-01 2.790679336e-01
2.097499520e-01 1.157032326e-01
5.771402717e-01 6.952700019e-01
6.719571352e-01 9.488610029e-01
2.703213831e-03 6.471966505e-01
6.003922224e-01 5.887396336e-01
9.627703428e-01 1.687167399e-02
6.964824200e-01 8.136786222e-01
5.098071694e-01 3.339648843e-01
7.908401489e-01 9.724292904e-02
4.420356452e-01 5.199523568e-01
6.939564347e-01 9.088572860e-02
2.277594954e-01 4.103015661e-01
6.232946515e-01 8.869608045e-01
6.188261509e-01 1.334614754e-01
9.805801511e-01 8.717857599e-01
5.027207732e-01 9.223479629e-01
5.413808227e-01 9.233060479e-01
8.298973441e-01 9.682863951e-01
9.197828174e-01 3.603381664e-02
1.747720093e-01 3.891346753e-01
9.521427155e-01 3.000289202e-01
1.604676396e-01 8.863046765e-01
4.463944137e-01 9.078755975e-01
1.602304727e-01 6.611174941e-01
4.402637482e-01 7.648676634e-02
6.964631677e-01 2.473987490e-01
3.961552307e-02 5.994429812e-02
6.107853726e-02 9.077329636e-01
7.398838997e-01 8.980623484e-01
6.725823283e-01 5.289399028e-01
3.044463694e-01 9.979622364e-01
3.621890545e-01 4.706489444e-01
3.782451749e-01 9.795269370e-01
1.746583879e-01 3.279879987e-01
6.803486943e-01 6.320761889e-02
6.072493792e-01 4.776464999e-01
2.839999795e-01 2.384132743e-01
5.145127177e-01 3.679275811e-01
4.565199018e-01 3.374773860e-01
9.704936743e-01 1.334394366e-01
9.680395573e-02 3.433917165e-01
5.910269022e-01 6.591764688e-01
3.972567618e-01 9.992780089e-01
3.518930078e-01 7.214066386e-01
6.375827193e-01 8.130538464e-01
9.762256742e-01 8.897936344e-01
7.645619512e-01 6.982485056e-01
3.354981840e-01 1.476855725e-01
6.263600290e-02 2.419017106e-01
4.322814941e-01 5.219962597e-01
7.730835676e-01 9.587409496e-01
1.173204780e-01 1.070041433e-01
5.896947384e-01 7.453980446e-01
8.481503725e-01 9.358320832e-01
9.834262133e-01 3.998017013e-01
3.803351820e-01 1.478086710e-01
6.849344373e-01 6.567619443e-01
8.620625734e-01 9.725799412e-02
4.977768958e-01 5.810819268e-01
2.415570468e-01 1.690254062e-01
8.595808148e-01 5.853492394e-02
4.706209004e-01 1.158339977e-01
4.570587575e-01 9.799623489e-01
4.237063527e-01 8.571249247e-01
1.173155606e-01 2.712520659e-01
4.037927389e-01 3.998121321e-01
6.713835001e-01 3.447181284e-01
7.137668729e-01 6.391869187e-01
3.991611600e-01 4.317601323e-01
6.145277023e-01 7.004219294e-02
8.224067092e-01 6.534211636e-01
7.263424397e-01 5.369229913e-01
1.104771122e-01 4.050356150e-01
4.053735733e-01 3.210429847e-01
2.995032445e-02 7.372542620e-01
1.097844616e-01 6.063081622e-01
7.032175064e-01 6.347863078e-01
9.591422677e-01 1.032981575e-01
8.671671748e-01 2.919023484e-02
5.349168777e-01 4.042436182e-01
5.241838694e-01 3.650998771e-01
1.905669123e-01 1.912289672e-02
5.181497931e-01 8.427768350e-01
3.732159436e-01 2.228638232e-01
8.053200692e-02 8.531092107e-02
2.213964462e-01 1.000140607e-01
2.650397122e-01 6.614946574e-02
6.560486555e-02 8.562761545e-01
1.621202677e-01 5.596824288e-01
7.734555602e-01 4.564095736e-01
1.533688754e-01 1.995961368e-01
4.329842031e-01 5.282340646e-01
3.494403064e-01 7.814795971e-01
7.510216236e-01 9.272118211e-01
2.895254828e-02 8.956912756e-01
3.925687969e-01 8.783724904e-01
6.907847524e-01 9.873487353e-01
7.592824697e-01 3.645446301e-01
5.010631680e-01 3.763891459e-01
3.649118245e-01 2.609044909e-01
4.959703088e-01 6.817399263e-01
2.773402631e-01 5.243797898e-01
1.173802912e-01 1.598452926e-01
4.680635408e-02 9.707314372e-01
3.860351397e-03 1.785799712e-01
6.128667593e-01 8.136960119e-02
8.818964958e-01 7.196201682e-01
9.663899541e-01 5.076355338e-01
3.004036844e-01 5.495005846e-01
9.308187366e-01 5.207614303e-01
2.672070265e-01 8.773987889e-01
3.719187379e-01 1.383349998e-03
2.476850152e-01 3.182335198e-01
8.587774634e-01 4.585031569e-01
4.445872903e-01 3.361022770e-01
8.806781173e-01 9.450267553e-01
9.918903112e-01 3.767412603e-01
9.661474228e-01 7.918795943e-01
6.756891608e-01 2.448894829e-01
2.164572626e-01 1.660478264e-01
9.227566123e-01 2.940766513e-01
4.530942440e-01 4.939578474e-01
7.781715989e-01 8.442349434e-01
1.390727013e-01 4.269043505e-01
8.428549170e-01 8.180332780e-01
1.024137586e-01 1.563833505e-01
3.041986823e-01 7.535906881e-02
4.246630073e-01 1.076177061e-01
5.682175756e-01 2.465569377e-01
