5.488135219e-01 7.151893377e-01
6.027633548e-01 5.448831916e-01
4.236547947e-01 6.458941102e-01
4.375872016e-01 8.917729855e-01
9.636627436e-01 3.834415078e-01
7.917250395e-01 5.288949013e-01
5.680445433e-01 9.255966544e-01
7.103605568e-02 8.712930232e-02
2.021839656e-02 8.326198459e-01
7.781567574e-01 8.700121641e-01
9.786183238e-01 7.991585732e-01
4.614793658e-01 7.805292010e-01
1.182744280e-01 6.399210095e-01
1.433532834e-01 9.446688890e-01
5.218483210e-01 4.146619439e-01
2.645556033e-01 7.742336988e-01
4.561503232e-01 5.684339404e-01
1.878979988e-02 6.176354885e-01
6.120957136e-01 6.169340014e-01
9.437480569e-01 6.818202734e-01
3.595078886e-01 4.370319545e-01
6.976311803e-01 6.022547185e-02
6.667667031e-01 6.706378460e-01
2.103825659e-01 1.289262921e-01
3.154283464e-01 3.637107611e-01
5.701967478e-01 4.386015236e-01
9.883738160e-01 1.020448133e-01
2.088767588e-01 1.613095105e-01
6.531082988e-01 2.532916069e-01
4.663107693e-01 2.444255948e-01
1.589695811e-01 1.103751436e-01
6.563295722e-01 1.381829530e-01
1.965823621e-01 3.687251806e-01
8.209932446e-01 9.710127860e-02
8.379449248e-01 9.609840810e-02
9.764594436e-01 4.686512053e-01
9.767611027e-01 6.048455238e-01
7.392635942e-01 3.918779269e-02
2.828069627e-01 1.201965585e-01
2.961401939e-01 1.187277213e-01
3.179831803e-01 4.142629802e-01
6.414749473e-02 6.924721003e-01
5.666014552e-01 2.653895020e-01
5.232480764e-01 9.394051135e-02
5.759465098e-01 9.292961955e-01
3.185689449e-01 6.674103737e-01
1.317978650e-01 7.163271904e-01
2.894060910e-01 1.831913590e-01
5.865129232e-01 2.010754682e-02
8.289400339e-01 4.695476033e-03
6.778165102e-01 2.700079679e-01
7.351940274e-01 9.621885419e-01
2.487531453e-01 5.761573315e-01
5.920419097e-01 5.722519159e-01
2.230816334e-01 9.527490139e-01
4.471253753e-01 8.464086652e-01
6.994792819e-01 2.974369526e-01
8.137978315e-01 3.965057433e-01
8.811032176e-01 5.812729001e-01
8.817353845e-01 6.925315857e-01
7.252542973e-01 5.013243556e-01
9.560836554e-01 6.439902186e-01
4.238550365e-01 6.063932180e-01
1.919319853e-02 3.015748262e-01
6.601735353e-01 2.900775969e-01
6.180154085e-01 4.287686944e-01
1.354740709e-01 2.982823253e-01
5.699648857e-01 5.908727646e-01
5.743252635e-01 6.532008052e-01
6.521032453e-01 4.314184487e-01
8.965466022e-01 3.675618768e-01
4.358649254e-01 8.919233680e-01
8.061940074e-01 7.038885951e-01
1.002268866e-01 9.194825888e-01
7.142413259e-01 9.988470078e-01
1.494483054e-01 8.681260347e-01
1.624929309e-01 6.155595779e-01
1.238199845e-01 8.480082154e-01
8.073189855e-01 5.691007376e-01
4.071832895e-01 6.916699558e-02
6.974287629e-01 4.535426795e-01
7.220556140e-01 8.663823009e-01
9.755215049e-01 8.558033705e-01
1.171408407e-02 3.599780500e-01
7.299905419e-01 1.716296822e-01
5.210366249e-01 5.433798954e-02
1.999965310e-01 1.852179505e-02
7.936977148e-01 2.239246815e-01
3.453516662e-01 9.280812740e-01
7.044144273e-01 3.183893114e-02
1.646941602e-01 6.214783788e-01
5.772286057e-01 2.378928214e-01
9.342139959e-01 6.139659286e-01
5.356327891e-01 5.899099708e-01
7.301220298e-01 3.119449914e-01
3.982210755e-01 2.098437548e-01
1.861930043e-01 9.443724155e-01
7.395507693e-01 4.904588163e-01
2.274146229e-01 2.543564737e-01
5.802915990e-02 4.344166219e-01
3.117958903e-01 6.963434815e-01
3.777518272e-01 1.796036810e-01
2.467872761e-02 6.724963337e-02
6.793927550e-01 4.536968470e-01
5.365791917e-01 8.966712952e-01
9.903389215e-01 2.168969810e-01
6.630781889e-01 2.633223832e-01
2.065099962e-02 7.583786249e-01
3.200171590e-01 3.834638894e-01
5.883170962e-01 8.310484290e-01
6.289818287e-01 8.726506829e-01
2.735420465e-01 7.980468273e-01
1.856359392e-01 9.527916312e-01
6.874882579e-01 2.155076712e-01
9.473705888e-01 7.308558226e-01
2.539416552e-01 2.133119702e-01
5.182006955e-01 2.566271834e-02
2.074700743e-01 4.246854782e-01
3.741699755e-01 4.635754228e-01
2.776287198e-01 5.867843628e-01
8.638556004e-01 1.175318584e-01
5.173791051e-01 1.320681125e-01
7.168596983e-01 3.960596919e-01
5.654212832e-01 1.832798421e-01
1.448477656e-01 4.880562723e-01
3.556127250e-01 9.404319525e-01
