9.278345108e+00 1.007049561e+01
1.123794556e+01 1.102535248e+01
1.117012215e+01 8.893006325e+00
1.109866428e+01 1.116819096e+01
1.122474289e+01 9.423039436e+00
8.121424675e+00 6.094811440e+00
9.593371391e+00 8.450042725e+00
8.028923035e+00 6.357797623e+00
8.743441582e+00 1.016607285e+01
8.216354370e+00 7.930074215e+00
8.135922432e+00 7.564738274e+00
9.269586563e+00 9.305735588e+00
8.545582771e+00 6.819935799e+00
8.883673668e+00 9.114524841e+00
9.211004257e+00 8.255273819e+00
1.018315220e+01 9.418169975e+00
1.171876049e+01 1.102710915e+01
1.105167007e+01 8.592278481e+00
1.044864178e+01 1.164346600e+01
1.137112045e+01 9.487121582e+00
8.137649536e+00 8.317091942e+00
1.008391190e+01 9.711522102e+00
1.007312775e+01 8.716735840e+00
1.145831776e+01 1.017421627e+01
9.175872803e+00 9.994700432e+00
7.963464260e+00 6.676747322e+00
1.022809410e+01 9.051062584e+00
8.996784210e+00 6.904699802e+00
9.080289841e+00 9.566894531e+00
9.786722183e+00 7.463966846e+00
7.089451790e+00 7.455860138e+00
9.866774559e+00 8.703807831e+00
9.351371765e+00 7.982167244e+00
9.191910744e+00 9.936042786e+00
9.931318283e+00 9.633075714e+00
