5.488135219e-01 7.151893377e-01
6.027633548e-01 5.448831916e-01
4.236547947e-01 6.458941102e-01
4.375872016e-01 8.917729855e-01
9.636627436e-01 3.834415078e-01
7.917250395e-01 5.288949013e-01
5.680445433e-01 9.255966544e-01
7.103605568e-02 8.712930232e-02
2.021839656e-02 8.326198459e-01
7.781567574e-01 8.700121641e-01
9.786183238e-01 7.991585732e-01
4.614793658e-01 7.805292010e-01
1.182744280e-01 6.399210095e-01
1.433532834e-01 9.446688890e-01
5.218483210e-01 4.146619439e-01
0.000000000e+00 0.000000000e+00
2.645556033e-01 7.742336988e-01
4.561503232e-01 5.684339404e-01
1.878979988e-02 6.176354885e-01
6.120957136e-01 6.169340014e-01
9.437480569e-01 6.818202734e-01
3.595078886e-01 4.370319545e-01
6.976311803e-01 6.022547185e-02
6.667667031e-01 6.706378460e-01
2.103825659e-01 1.289262921e-01
3.154283464e-01 3.637107611e-01
5.701967478e-01 4.386015236e-01
9.883738160e-01 1.020448133e-01
2.088767588e-01 1.613095105e-01
6.531082988e-01 2.532916069e-01
4.663107693e-01 2.444255948e-01
0.000000000e+00 0.000000000e+00
1.589695811e-01 1.103751436e-01
6.563295722e-01 1.381829530e-01
1.965823621e-01 3.687251806e-01
8.209932446e-01 9.710127860e-02
8.379449248e-01 9.609840810e-02
9.764594436e-01 4.686512053e-01
9.767611027e-01 6.048455238e-01
7.392635942e-01 3.918779269e-02
2.828069627e-01 1.201965585e-01
2.961401939e-01 1.187277213e-01
3.179831803e-01 4.142629802e-01
6.414749473e-02 6.924721003e-01
5.666014552e-01 2.653895020e-01
5.232480764e-01 9.394051135e-02
5.759465098e-01 9.292961955e-01
0.000000000e+00 0.000000000e+00
3.185689449e-01 6.674103737e-01
1.317978650e-01 7.163271904e-01
2.894060910e-01 1.831913590e-01
5.865129232e-01 2.010754682e-02
8.289400339e-01 4.695476033e-03
6.778165102e-01 2.700079679e-01
7.351940274e-01 9.621885419e-01
2.487531453e-01 5.761573315e-01
5.920419097e-01 5.722519159e-01
2.230816334e-01 9.527490139e-01
4.471253753e-01 8.464086652e-01
6.994792819e-01 2.974369526e-01
8.137978315e-01 3.965057433e-01
8.811032176e-01 5.812729001e-01
8.817353845e-01 6.925315857e-01
0.000000000e+00 0.000000000e+00
7.252542973e-01 5.013243556e-01
9.560836554e-01 6.439902186e-01
4.238550365e-01 6.063932180e-01
1.919319853e-02 3.015748262e-01
6.601735353e-01 2.900775969e-01
6.180154085e-01 4.287686944e-01
1.354740709e-01 2.982823253e-01
5.699648857e-01 5.908727646e-01
5.743252635e-01 6.532008052e-01
6.521032453e-01 4.314184487e-01
8.965466022e-01 3.675618768e-01
4.358649254e-01 8.919233680e-01
8.061940074e-01 7.038885951e-01
1.002268866e-01 9.194825888e-01
7.142413259e-01 9.988470078e-01
0.000000000e+00 0.000000000e+00
1.494483054e-01 8.681260347e-01
1.624929309e-01 6.155595779e-01
1.238199845e-01 8.480082154e-01
8.073189855e-01 5.691007376e-01
4.071832895e-01 6.916699558e-02
6.974287629e-01 4.535426795e-01
7.220556140e-01 8.663823009e-01
9.755215049e-01 8.558033705e-01
1.171408407e-02 3.599780500e-01
7.299905419e-01 1.716296822e-01
5.210366249e-01 5.433798954e-02
1.999965310e-01 1.852179505e-02
7.936977148e-01 2.239246815e-01
3.453516662e-01 9.280812740e-01
7.044144273e-01 3.183893114e-02
0.000000000e+00 0.000000000e+00
1.646941602e-01 6.214783788e-01
5.772286057e-01 2.378928214e-01
9.342139959e-01 6.139659286e-01
5.356327891e-01 5.899099708e-01
7.301220298e-01 3.119449914e-01
3.982210755e-01 2.098437548e-01
1.861930043e-01 9.443724155e-01
7.395507693e-01 4.904588163e-01
2.274146229e-01 2.543564737e-01
5.802915990e-02 4.344166219e-01
3.117958903e-01 6.963434815e-01
3.777518272e-01 1.796036810e-01
2.467872761e-02 6.724963337e-02
6.793927550e-01 4.536968470e-01
5.365791917e-01 8.966712952e-01
0.000000000e+00 0.000000000e+00
9.903389215e-01 2.168969810e-01
6.630781889e-01 2.633223832e-01
2.065099962e-02 7.583786249e-01
3.200171590e-01 3.834638894e-01
5.883170962e-01 8.310484290e-01
6.289818287e-01 8.726506829e-01
2.735420465e-01 7.980468273e-01
1.856359392e-01 9.527916312e-01
6.874882579e-01 2.155076712e-01
9.473705888e-01 7.308558226e-01
2.539416552e-01 2.133119702e-01
5.182006955e-01 2.566271834e-02
2.074700743e-01 4.246854782e-01
3.741699755e-01 4.635754228e-01
2.776287198e-01 5.867843628e-01
0.000000000e+00 0.000000000e+00
8.638556004e-01 1.175318584e-01
5.173791051e-01 1.320681125e-01
7.168596983e-01 3.960596919e-01
5.654212832e-01 1.832798421e-01
1.448477656e-01 4.880562723e-01
3.556127250e-01 9.404319525e-01
7.653252482e-01 7.486636043e-01
9.037197232e-01 8.342243731e-02
5.521924496e-01 5.844760537e-01
9.619363546e-01 2.921475172e-01
2.408287823e-01 1.002939418e-01
1.642962918e-02 9.295293093e-01
6.699165702e-01 7.851529121e-01
2.817301154e-01 5.864101648e-01
6.395526975e-02 4.856275916e-01
0.000000000e+00 0.000000000e+00
9.774951339e-01 8.765052557e-01
3.381589651e-01 9.615701437e-01
2.317016274e-01 9.493188262e-01
9.413776994e-01 7.992025614e-01
6.304479241e-01 8.742879629e-01
2.930202782e-01 8.489435315e-01
6.178767085e-01 1.323685795e-02
3.472335041e-01 1.481408626e-01
9.818294048e-01 4.783703089e-01
4.973913729e-01 6.394725442e-01
3.685846031e-01 1.369002759e-01
8.221177459e-01 1.898479164e-01
5.113189816e-01 2.243170291e-01
9.784448147e-02 8.621914983e-01
9.729194641e-01 9.608346820e-01
0.000000000e+00 0.000000000e+00
9.065554738e-01 7.740473151e-01
3.331451416e-01 8.110138774e-02
4.072411656e-01 2.322341353e-01
1.324876398e-01 5.342718214e-02
7.255943418e-01 1.142745838e-02
7.705807686e-01 1.469466388e-01
7.952208072e-02 8.960303664e-02
6.720477939e-01 2.453672141e-01
4.205394685e-01 5.573688149e-01
8.605511785e-01 7.270442843e-01
2.703278959e-01 1.314827949e-01
5.537432060e-02 3.015986383e-01
2.621181607e-01 4.561405778e-01
6.832813621e-01 6.956254244e-01
2.835188508e-01 3.799269497e-01
0.000000000e+00 0.000000000e+00
1.811509579e-01 7.885454893e-01
5.684807524e-02 6.969972253e-01
7.786954045e-01 7.774075866e-01
2.594225705e-01 3.738131523e-01
5.875996351e-01 2.728219032e-01
3.708527982e-01 1.970542818e-01
4.598558843e-01 4.461229965e-02
7.997958660e-01 7.695644349e-02
5.188351274e-01 3.068101108e-01
5.775429606e-01 9.594333172e-01
6.455702186e-01 3.536243737e-02
4.304024279e-01 5.100168586e-01
5.361775160e-01 6.813924909e-01
2.775960863e-01 1.288605630e-01
3.926756680e-01 9.564056993e-01
0.000000000e+00 0.000000000e+00
1.871308982e-01 9.039839506e-01
5.438059568e-01 4.569114149e-01
8.820413947e-01 4.586039484e-01
7.241676450e-01 3.990253210e-01
9.040443897e-01 6.900250316e-01
6.996220350e-01 3.277204037e-01
7.567786574e-01 6.360610723e-01
2.400202751e-01 1.605388224e-01
7.963914871e-01 9.591665864e-01
4.581388235e-01 5.909841657e-01
8.577226400e-01 4.572234452e-01
9.518744946e-01 5.757511854e-01
8.207671046e-01 9.088436961e-01
8.155238032e-01 1.594144702e-01
6.288984418e-01 3.984342515e-01
0.000000000e+00 0.000000000e+00
6.271295249e-02 4.240322411e-01
2.586840689e-01 8.490383029e-01
3.330462798e-02 9.589827061e-01
3.553688526e-01 3.567068875e-01
1.632850245e-02 1.852323264e-01
4.012595117e-01 9.292914271e-01
9.961493313e-02 9.453015327e-01
8.694885373e-01 4.541623890e-01
3.267008960e-01 2.327441275e-01
6.144647002e-01 3.307459131e-02
1.560606435e-02 4.287957251e-01
6.807407737e-02 2.519409955e-01
2.211609185e-01 2.531912029e-01
1.310552359e-01 1.203622296e-02
1.154842973e-01 6.184802651e-01
0.000000000e+00 0.000000000e+00
9.742562175e-01 9.903450012e-01
4.090541005e-01 1.629544199e-01
6.387617588e-01 4.903053343e-01
9.894098043e-01 6.530420482e-02
7.832344174e-01 2.883985043e-01
2.414186150e-01 6.625045538e-01
2.460631877e-01 6.658591032e-01
5.173085332e-01 4.240889847e-01
5.546877980e-01 2.870515287e-01
7.065746784e-01 4.148568809e-01
3.605455458e-01 8.286569118e-01
9.249669313e-01 4.600730911e-02
2.326269895e-01 3.485193551e-01
8.149664998e-01 9.854914546e-01
9.689717293e-01 9.049483538e-01
0.000000000e+00 0.000000000e+00
2.965562642e-01 9.920112491e-01
2.494200468e-01 1.059061512e-01
9.509525895e-01 2.334202528e-01
6.897682548e-01 5.835635960e-02
7.307090759e-01 8.817201853e-01
2.724368870e-01 3.790569007e-01
3.742961884e-01 7.487882376e-01
2.378072441e-01 1.718530953e-01
4.492916465e-01 3.044683933e-01
8.391891122e-01 2.377418280e-01
5.023894310e-01 9.425836205e-01
6.339976788e-01 8.672894239e-01
9.402096868e-01 7.507648468e-01
6.995750666e-01 9.679655433e-01
9.944007993e-01 4.518216848e-01
0.000000000e+00 0.000000000e+00
7.086978108e-02 2.927940190e-01
1.523547024e-01 4.174863696e-01
1.312893331e-01 6.041178107e-01
3.828080595e-01 8.953858614e-01
9.677946568e-01 5.468848944e-01
2.748235762e-01 5.922304392e-01
8.967611790e-01 4.067333341e-01
5.520782471e-01 2.716527581e-01
4.554441571e-01 4.017135501e-01
2.484134585e-01 5.058664083e-01
3.103808165e-01 3.730348647e-01
5.249704719e-01 7.505950332e-01
3.335074782e-01 9.241587520e-01
8.623185754e-01 4.869029671e-02
2.536425292e-01 4.461355209e-01
0.000000000e+00 0.000000000e+00
1.046278924e-01 3.484759927e-01
7.400975227e-01 6.805144548e-01
6.223844290e-01 7.105283737e-01
2.049236894e-01 3.416981101e-01
6.762424707e-01 8.792347908e-01
5.436780453e-01 2.826996446e-01
3.023525886e-02 7.103368044e-01
7.884103805e-03 3.726790845e-01
5.305371881e-01 9.221114516e-01
8.949454874e-02 4.059423208e-01
2.431320027e-02 3.426109850e-01
6.222310662e-01 2.790679336e-01
2.097499520e-01 1.157032326e-01
5.771402717e-01 6.952700019e-01
6.719571352e-01 9.488610029e-01
0.000000000e+00 0.000000000e+00
2.703213831e-03 6.471966505e-01
6.003922224e-01 5.887396336e-01
9.627703428e-01 1.687167399e-02
6.964824200e-01 8.136786222e-01
5.098071694e-01 3.339648843e-01
7.908401489e-01 9.724292904e-02
4.420356452e-01 5.199523568e-01
6.939564347e-01 9.088572860e-02
2.277594954e-01 4.103015661e-01
6.232946515e-01 8.869608045e-01
6.188261509e-01 1.334614754e-01
9.805801511e-01 8.717857599e-01
5.027207732e-01 9.223479629e-01
5.413808227e-01 9.233060479e-01
8.298973441e-01 9.682863951e-01
0.000000000e+00 0.000000000e+00
9.197828174e-01 3.603381664e-02
1.747720093e-01 3.891346753e-01
9.521427155e-01 3.000289202e-01
1.604676396e-01 8.863046765e-01
4.463944137e-01 9.078755975e-01
1.602304727e-01 6.611174941e-01
4.402637482e-01 7.648676634e-02
6.964631677e-01 2.473987490e-01
3.961552307e-02 5.994429812e-02
6.107853726e-02 9.077329636e-01
7.398838997e-01 8.980623484e-01
6.725823283e-01 5.289399028e-01
3.044463694e-01 9.979622364e-01
3.621890545e-01 4.706489444e-01
3.782451749e-01 9.795269370e-01
0.000000000e+00 0.000000000e+00
1.746583879e-01 3.279879987e-01
6.803486943e-01 6.320761889e-02
6.072493792e-01 4.776464999e-01
2.839999795e-01 2.384132743e-01
5.145127177e-01 3.679275811e-01
4.565199018e-01 3.374773860e-01
9.704936743e-01 1.334394366e-01
9.680395573e-02 3.433917165e-01
5.910269022e-01 6.591764688e-01
3.972567618e-01 9.992780089e-01
3.518930078e-01 7.214066386e-01
6.375827193e-01 8.130538464e-01
9.762256742e-01 8.897936344e-01
7.645619512e-01 6.982485056e-01
3.354981840e-01 1.476855725e-01
0.000000000e+00 0.000000000e+00
6.263600290e-02 2.419017106e-01
4.322814941e-01 5.219962597e-01
7.730835676e-01 9.587409496e-01
1.173204780e-01 1.070041433e-01
5.896947384e-01 7.453980446e-01
8.481503725e-01 9.358320832e-01
9.834262133e-01 3.998017013e-01
3.803351820e-01 1.478086710e-01
6.849344373e-01 6.567619443e-01
8.620625734e-01 9.725799412e-02
4.977768958e-01 5.810819268e-01
2.415570468e-01 1.690254062e-01
8.595808148e-01 5.853492394e-02
4.706209004e-01 1.158339977e-01
4.570587575e-01 9.799623489e-01
0.000000000e+00 0.000000000e+00
4.237063527e-01 8.571249247e-01
1.173155606e-01 2.712520659e-01
4.037927389e-01 3.998121321e-01
6.713835001e-01 3.447181284e-01
7.137668729e-01 6.391869187e-01
3.991611600e-01 4.317601323e-01
6.145277023e-01 7.004219294e-02
8.224067092e-01 6.534211636e-01
7.263424397e-01 5.369229913e-01
1.104771122e-01 4.050356150e-01
4.053735733e-01 3.210429847e-01
2.995032445e-02 7.372542620e-01
1.097844616e-01 6.063081622e-01
7.032175064e-01 6.347863078e-01
9.591422677e-01 1.032981575e-01
0.000000000e+00 0.000000000e+00
8.671671748e-01 2.919023484e-02
5.349168777e-01 4.042436182e-01
5.241838694e-01 3.650998771e-01
1.905669123e-01 1.912289672e-02
5.181497931e-01 8.427768350e-01
3.732159436e-01 2.228638232e-01
8.053200692e-02 8.531092107e-02
2.213964462e-01 1.000140607e-01
2.650397122e-01 6.614946574e-02
6.560486555e-02 8.562761545e-01
1.621202677e-01 5.596824288e-01
7.734555602e-01 4.564095736e-01
1.533688754e-01 1.995961368e-01
4.329842031e-01 5.282340646e-01
3.494403064e-01 7.814795971e-01
0.000000000e+00 0.000000000e+00
7.510216236e-01 9.272118211e-01
2.895254828e-02 8.956912756e-01
3.925687969e-01 8.783724904e-01
6.907847524e-01 9.873487353e-01
7.592824697e-01 3.645446301e-01
5.010631680e-01 3.763891459e-01
3.649118245e-01 2.609044909e-01
4.959703088e-01 6.817399263e-01
2.773402631e-01 5.243797898e-01
1.173802912e-01 1.598452926e-01
4.680635408e-02 9.707314372e-01
3.860351397e-03 1.785799712e-01
6.128667593e-01 8.136960119e-02
8.818964958e-01 7.196201682e-01
9.663899541e-01 5.076355338e-01
0.000000000e+00 0.000000000e+00
3.004036844e-01 5.495005846e-01
9.308187366e-01 5.207614303e-01
2.672070265e-01 8.773987889e-01
3.719187379e-01 1.383349998e-03
2.476850152e-01 3.182335198e-01
8.587774634e-01 4.585031569e-01
4.445872903e-01 3.361022770e-01
8.806781173e-01 9.450267553e-01
9.918903112e-01 3.767412603e-01
9.661474228e-01 7.918795943e-01
6.756891608e-01 2.448894829e-01
2.164572626e-01 1.660478264e-01
9.227566123e-01 2.940766513e-01
4.530942440e-01 4.939578474e-01
7.781715989e-01 8.442349434e-01
0.000000000e+00 0.000000000e+00
1.390727013e-01 4.269043505e-01
8.428549170e-01 8.180332780e-01
1.024137586e-01 1.563833505e-01
3.041986823e-01 7.535906881e-02
4.246630073e-01 1.076177061e-01
5.682175756e-01 2.465569377e-01
5.964330435e-01 1.175256446e-01
9.758838415e-01 9.325612187e-01
3.917969465e-01 2.421785891e-01
2.503982186e-01 4.833935499e-01
3.999280185e-02 6.397051215e-01
4.083029032e-01 3.774065673e-01
8.093649745e-01 7.090354562e-01
9.543338418e-01 3.519362509e-01
8.975427747e-01 7.699671984e-01
0.000000000e+00 0.000000000e+00
3.574246466e-01 6.216654181e-01
2.885699570e-01 8.743999004e-01
1.124273166e-01 2.124343663e-01
1.830332875e-01 4.030260146e-01
7.452329397e-01 5.269074440e-01
4.876763225e-01 5.459649255e-04
4.254017174e-01 6.355377287e-02
2.082532495e-01 9.323939681e-01
2.153982073e-01 8.583376408e-01
8.028934002e-01 1.591462344e-01
6.057119370e-01 1.156618744e-01
7.278881669e-01 6.374622583e-01
8.119385839e-01 4.793845415e-01
9.148631096e-01 4.934894666e-02
2.928885520e-01 7.150526047e-01
0.000000000e+00 0.000000000e+00
4.181092083e-01 1.729513556e-01
1.072107479e-01 8.173391223e-01
4.731429815e-01 8.822836876e-01
7.332891226e-01 4.097262025e-01
3.735110164e-01 5.156383514e-01
8.890599608e-01 7.372785807e-01
5.152964499e-03 6.941578388e-01
9.195073843e-01 7.104557753e-01
1.770057827e-01 4.835181236e-01
1.403160244e-01 3.589952886e-01
9.371170402e-01 9.233053327e-01
2.828368545e-01 3.396310508e-01
6.002128720e-01 9.631972909e-01
1.478013396e-01 2.569166422e-01
8.735568523e-01 4.918922186e-01
0.000000000e+00 0.000000000e+00
8.989610672e-01 1.855178922e-01
5.326685905e-01 3.262696266e-01
3.165425658e-01 4.468769729e-01
4.330774546e-01 3.573468924e-01
9.149707556e-01 7.317441702e-01
7.275469899e-01 2.899134457e-01
5.777094364e-01 7.791794538e-01
7.955903411e-01 3.445304632e-01
7.708727717e-01 7.358939052e-01
1.415064782e-01 8.659454584e-01
4.413214624e-01 4.864104390e-01
4.483691752e-01 5.678460002e-01
6.211692691e-01 4.981795549e-01
8.667885661e-01 6.277347803e-01
4.014279544e-01 4.166917503e-01
0.000000000e+00 0.000000000e+00
8.108386397e-01 3.481919467e-01
2.114547938e-01 5.938318744e-02
8.760268688e-01 9.185464382e-01
1.201201826e-01 3.344737291e-01
1.753720641e-01 1.158984676e-01
8.998667598e-01 5.687725917e-02
9.804856777e-01 9.645085782e-02
8.634706736e-01 5.665060878e-01
3.679174781e-01 3.423423767e-01
7.573641539e-01 3.145732880e-01
6.573188901e-01 5.173260570e-01
4.849656522e-01 9.011621475e-01
5.546450615e-01 8.268616199e-01
7.255735397e-01 3.855724633e-02
7.731100321e-01 2.168702483e-01
0.000000000e+00 0.000000000e+00
9.031496644e-01 4.292419180e-02
3.330720365e-01 9.973295033e-02
4.755891263e-01 8.200224638e-01
2.981873453e-01 1.509348899e-01
3.302670419e-01 8.138801455e-01
1.403839588e-01 2.273624539e-01
6.885196269e-02 7.057100534e-01
3.952332437e-01 3.108399808e-01
7.186263800e-01 3.359775543e-01
7.277712822e-01 8.151993752e-01
2.176628411e-01 9.738187194e-01
1.623579413e-01 2.908408940e-01
1.797952950e-01 3.455056548e-01
4.800608754e-01 5.221758485e-01
8.536060452e-01 8.894479275e-01
0.000000000e+00 0.000000000e+00
2.201038599e-01 6.228940487e-01
1.114960536e-01 4.589698613e-01
3.223335445e-01 3.165007532e-01
4.825842381e-01 7.298276424e-01
6.918265671e-02 8.791733384e-01
7.348137498e-01 1.764993817e-01
9.391608834e-01 5.063122511e-01
9.998085499e-01 1.972594708e-01
5.349081755e-01 2.902480364e-01
3.041735590e-01 5.910654068e-01
9.217190742e-01 8.052638769e-01
7.239413857e-01 5.591737628e-01
9.222984910e-01 4.923613966e-01
8.738321662e-01 8.339816332e-01
2.138353437e-01 7.712254524e-01
0.000000000e+00 0.000000000e+00
1.217115670e-02 3.228295445e-01
2.295674384e-01 5.068629384e-01
7.368531823e-01 9.767636657e-02
5.149222016e-01 9.384120107e-01
2.286465466e-01 6.771411300e-01
5.928802490e-01 1.006369572e-02
4.758262038e-01 7.087703943e-01
4.397543147e-02 8.795214891e-01
5.200814009e-01 3.066104837e-02
2.244136184e-01 9.536756873e-01
5.823197365e-01 1.074725688e-01
2.875444889e-01 4.567036331e-01
2.095006965e-02 4.116155207e-01
4.894586205e-01 2.436778694e-01
5.886390209e-01 7.532401085e-01
0.000000000e+00 0.000000000e+00
2.358342260e-01 6.204999089e-01
6.396222711e-01 9.485403299e-01
7.782761455e-01 8.483452797e-01
4.904198945e-01 1.853485852e-01
9.958152771e-01 1.293557584e-01
4.714573324e-01 6.809309870e-02
9.438508749e-01 9.649249315e-01
7.193890810e-01 3.499928415e-01
2.543824017e-01 2.653033137e-01
1.272940189e-01 5.258089304e-01
1.418172717e-01 3.167306781e-01
6.267064810e-01 7.275435925e-01
2.427270450e-02 4.301159978e-01
6.521245837e-01 8.532459736e-01
4.753247797e-01 9.692058563e-01
0.000000000e+00 0.000000000e+00
2.656325400e-01 1.350870635e-02
4.837528765e-01 2.561137974e-01
8.237176538e-01 2.327726781e-01
3.106292188e-01 7.912274599e-01
7.151432633e-01 5.580512285e-01
7.049480677e-01 4.186368585e-01
5.310047418e-03 1.135512814e-02
5.112217665e-01 8.329097927e-02
5.107548088e-02 9.655166268e-01
8.590026498e-01 1.520272344e-01
6.642185617e-04 9.416677952e-01
2.783252895e-01 1.858976036e-01
6.915081143e-01 1.089037359e-01
2.646495998e-01 9.750946760e-01
6.394627690e-01 5.206778049e-01
0.000000000e+00 0.000000000e+00
3.979186118e-01 7.745009661e-01
1.409574747e-01 9.673377872e-01
8.611230254e-01 6.176570058e-01
4.290619120e-02 7.008556724e-01
9.132843614e-01 5.245770812e-01
3.542248309e-01 1.202773452e-01
7.549011111e-01 8.850218654e-01
1.002517417e-01 7.589845657e-01
1.706048660e-02 9.670549035e-01
6.150580049e-01 5.524390340e-01
2.959498465e-01 9.292916656e-01
2.659056187e-01 8.281466365e-01
9.851086736e-01 7.833966613e-01
5.189899206e-01 6.607426703e-02
4.724137783e-01 4.382559359e-01
0.000000000e+00 0.000000000e+00
2.027960420e-01 4.235876501e-01
3.577578962e-01 1.636842638e-01
4.413741529e-01 2.627999485e-01
5.220624208e-01 3.516006097e-02
9.062314034e-01 8.163642883e-01
5.525813103e-01 8.518086076e-01
9.623950720e-01 1.105222926e-01
6.308318377e-01 9.979940057e-01
9.878891706e-01 6.033229828e-01
1.280208677e-01 5.831928253e-01
2.064635511e-03 1.989113390e-01
9.561231732e-01 3.304405808e-01
6.383901238e-01 2.808595002e-01
9.478219151e-01 7.285587192e-01
3.296511471e-01 7.917613983e-01
0.000000000e+00 0.000000000e+00
1.081655249e-01 3.923189342e-01
2.212181240e-01 6.837264299e-01
1.024462804e-01 3.970258236e-01
2.766497433e-01 5.063429475e-01
3.498976827e-01 7.064105868e-01
2.457702346e-02 6.339869499e-01
2.305712849e-01 2.687090337e-01
8.002555966e-01 9.555683732e-01
3.165501952e-01 8.268052936e-01
1.039908379e-01 6.339816451e-01
7.510322928e-01 1.559779346e-01
4.260023832e-01 8.927071691e-01
1.035784632e-01 1.809635758e-02
5.905853510e-01 4.355315268e-01
7.986892462e-01 9.234555364e-01
0.000000000e+00 0.000000000e+00
2.991536558e-01 3.884041309e-01
4.862720966e-01 5.881514549e-01
9.838538170e-01 6.973302364e-01
3.895485103e-01 2.637676895e-01
9.446257353e-01 1.355484277e-01
7.202658653e-01 9.253950119e-01
6.646655798e-01 4.230544269e-01
1.989909410e-01 3.674753308e-01
7.068718076e-01 6.495342255e-01
9.279761910e-01 8.668609262e-01
8.161507249e-01 9.114508629e-01
2.763371468e-01 3.695235550e-01
3.798938990e-01 5.604506135e-01
6.682182550e-01 2.867166698e-01
1.946246810e-02 3.992223740e-01
0.000000000e+00 0.000000000e+00
3.085279465e-01 9.421847463e-01
8.882650137e-01 8.603106737e-01
6.529997587e-01 3.442891538e-01
5.488492846e-01 8.152250648e-01
9.861037135e-02 8.010748625e-01
4.117979109e-02 8.164210320e-01
8.075637817e-01 5.100730807e-02
6.271607280e-01 5.024530888e-01
1.698195040e-01 1.483789384e-01
7.732591033e-01 5.676927567e-01
9.829991460e-01 9.822477698e-01
9.926670194e-01 1.186155155e-01
9.382561445e-01 2.445696145e-01
4.582122564e-01 7.574065328e-01
2.036209255e-01 5.663115978e-01
0.000000000e+00 0.000000000e+00
1.858167499e-01 1.047361046e-01
1.165586114e-01 3.576390445e-01
4.654836841e-03 4.248539209e-01
6.641970873e-01 4.016881883e-01
8.579459786e-02 6.268886477e-02
2.781165242e-01 1.693126857e-01
9.650949836e-01 1.512302309e-01
8.054624200e-01 5.861079693e-01
5.692869425e-01 5.120807290e-01
9.717630744e-01 3.638447821e-01
7.879157662e-01 5.552940965e-01
3.956336677e-01 9.554659128e-01
5.983159542e-01 1.189169437e-01
4.175392091e-01 7.815816998e-01
6.937470436e-01 9.163403511e-01
0.000000000e+00 0.000000000e+00
2.593773901e-01 7.581937313e-01
4.598751962e-01 5.736097693e-01
9.550466537e-01 9.792863131e-01
8.615909815e-01 3.590970933e-01
8.877008557e-01 6.386091709e-01
4.299967885e-01 3.574268147e-02
7.701281309e-01 5.021055937e-01
7.861884832e-01 7.480227947e-01
7.935673594e-01 3.006511629e-01
8.007985950e-01 5.488463044e-01
4.733262062e-01 6.751258969e-01
2.135868371e-02 1.023168191e-01
2.921773791e-01 9.829900861e-01
1.397457719e-01 3.305962980e-01
5.105306581e-02 3.312688768e-01
0.000000000e+00 0.000000000e+00
3.203262985e-01 9.468071461e-01
8.451541066e-01 3.827642202e-01
2.476905845e-02 8.310311437e-01
6.605361700e-01 1.523644775e-01
9.960712790e-01 1.002334356e-01
8.671145439e-01 2.942661643e-01
4.353534579e-01 7.954565287e-01
6.775083542e-01 9.378643632e-01
6.211403012e-01 9.781016409e-02
8.843603730e-01 7.691555023e-01
7.118704319e-01 5.373354629e-02
3.962227404e-01 1.674358249e-01
8.219038844e-01 7.005286217e-01
8.830776215e-01 9.665750861e-01
7.747476101e-01 9.942330718e-01
0.000000000e+00 0.000000000e+00
6.147698760e-01 3.712960333e-02
1.425151527e-02 3.421038687e-01
8.234717250e-01 8.661347032e-01
9.608125091e-01 6.512147188e-02
4.457111284e-02 9.132835865e-01
3.050467074e-01 5.579873919e-01
9.824448824e-01 4.004485309e-01
6.658713818e-01 4.008795619e-01
7.681946754e-01 5.277147293e-01
2.375231385e-01 2.713060975e-01
2.580592036e-01 5.323203206e-01
7.031890154e-01 9.492799044e-01
6.940873861e-01 7.811928391e-01
1.689261198e-01 3.740626276e-01
4.137802124e-01 6.863802075e-01
0.000000000e+00 0.000000000e+00
2.958919704e-01 3.032919168e-01
3.558891416e-01 8.103020787e-01
5.775901079e-01 7.527727634e-02
7.824610174e-02 3.712869585e-01
7.665910721e-01 6.886834502e-01
7.079823613e-01 7.672100663e-01
2.871527076e-01 5.482562780e-01
5.433526635e-01 7.396324873e-01
9.568705559e-01 2.779899538e-01
7.932816744e-01 6.599705219e-01
5.802378654e-01 7.748797536e-01
9.440324903e-01 3.669141605e-02
1.474000961e-01 7.562872171e-01
8.379135281e-02 5.161237121e-01
2.198607773e-01 2.742957175e-01
0.000000000e+00 0.000000000e+00
7.018404603e-01 3.019277379e-02
8.733194470e-01 4.444789588e-01
5.023933053e-01 5.400479436e-01
6.455442905e-01 3.448565900e-01
1.011074930e-01 3.183789253e-01
1.681421250e-01 5.561331511e-01
3.180286288e-01 9.580671787e-01
9.657343030e-01 6.201258898e-01
6.174972653e-01 9.853785634e-01
8.872831464e-01 7.650699615e-01
3.135906160e-01 3.655390143e-01
2.012667656e-01 4.871481359e-01
9.903685451e-01 9.121509790e-01
1.183494329e-01 2.519029006e-02
8.986376524e-01 5.371701121e-01
0.000000000e+00 0.000000000e+00
2.001898885e-01 6.736532450e-01
6.442231536e-01 1.220856085e-01
2.596002221e-01 6.007796526e-02
2.098604739e-01 1.323056817e-01
1.932362914e-01 6.854671240e-01
4.949974269e-02 1.018546149e-01
1.341736317e-01 3.165411353e-01
2.987503111e-01 2.550637722e-01
7.505366802e-01 9.980227947e-01
5.339779258e-01 9.442027211e-01
3.966101110e-01 1.066824496e-01
4.087738395e-01 2.961277664e-01
4.934069514e-01 6.570436954e-01
4.610502124e-01 9.351605177e-01
8.847648501e-01 7.019776106e-01
0.000000000e+00 0.000000000e+00
4.896849096e-01 1.316872835e-01
3.970136642e-01 7.044015527e-01
2.848855257e-01 1.039880812e-01
9.078984857e-01 7.090508342e-01
6.152764559e-01 7.924988866e-01
8.356460333e-01 4.834589958e-01
8.811882734e-01 9.164190292e-01
2.715511024e-01 6.075453758e-01
5.265840292e-01 5.379458070e-01
9.376630783e-01 3.051887155e-01
9.834339619e-01 9.021311998e-01
4.587228894e-01 8.174532652e-01
7.690470219e-01 6.778949499e-01
3.198338747e-01 1.964509934e-01
6.715276837e-01 8.429732919e-01
0.000000000e+00 0.000000000e+00
1.625278778e-02 6.428033710e-01
4.428730309e-01 8.980877399e-01
3.214729428e-01 4.741848111e-01
5.147671103e-01 1.404395252e-01
7.128922939e-01 8.304763436e-01
5.790927634e-02 2.913888097e-01
3.804467991e-02 9.565441012e-01
6.671687961e-01 9.642004371e-01
5.314942598e-01 8.020685315e-01
3.744139969e-01 3.538190424e-01
3.782678246e-01 6.578621268e-01
3.594531417e-01 9.003674388e-01
9.832748771e-01 3.042651527e-02
1.936232895e-01 1.122499928e-01
4.236404598e-02 2.277409881e-01
0.000000000e+00 0.000000000e+00
4.467933178e-01 8.369903564e-01
2.218240350e-01 4.939452410e-01
9.296187162e-01 6.672146916e-01
7.980790138e-01 5.509939790e-01
9.804664850e-01 5.886621475e-01
4.551071301e-02 1.979828030e-01
4.047736228e-01 6.012771726e-01
7.719308734e-01 4.130861163e-01
7.100583315e-01 7.898694873e-01
3.172602057e-01 9.792702198e-01
6.496564746e-01 8.809980750e-01
5.559377074e-01 7.416031361e-01
7.705440521e-01 9.082483649e-01
1.503497511e-01 5.582834482e-01
4.283785224e-01 9.231590033e-01
0.000000000e+00 0.000000000e+00
1.050946936e-01 9.825738668e-01
8.754513264e-01 7.382628322e-02
4.909663796e-01 7.175595164e-01
7.381515503e-01 9.064941406e-01
7.998654246e-01 3.109303713e-01
4.984347820e-01 7.017857432e-01
1.384368390e-01 1.939907968e-01
4.810424447e-01 2.982457876e-01
8.625592589e-01 5.862773061e-01
3.486652076e-01 8.488330245e-01
8.048784733e-01 9.983548522e-01
8.473076820e-01 4.144565463e-01
1.274988800e-01 8.406409025e-01
5.975791812e-02 3.502711952e-01
9.197379947e-01 9.607664943e-01
0.000000000e+00 0.000000000e+00
6.405646205e-01 6.886483431e-01
4.245448858e-02 5.144803524e-01
5.468682051e-01 3.401007354e-01
6.859683245e-02 2.289076000e-01
3.579839468e-01 4.351419806e-01
5.909267068e-01 7.223915458e-01
3.176318705e-01 3.289537728e-01
1.969164237e-02 4.087486118e-02
2.578217089e-01 7.402449846e-01
6.283138394e-01 7.697890401e-01
7.689194083e-01 8.565674424e-01
7.203192711e-01 9.790109396e-01
8.988252282e-01 5.867171884e-01
5.881576538e-01 3.426704183e-02
9.985265732e-01 1.315760016e-01
0.000000000e+00 0.000000000e+00
7.403472066e-01 8.210151792e-01
3.730545342e-01 1.968520582e-01
9.875988960e-02 7.486060262e-01
4.526535273e-01 7.137177587e-01
9.154076576e-01 1.465837359e-01
9.191709757e-01 4.116264582e-01
3.052670062e-01 9.430622458e-01
9.906516671e-01 1.988922209e-01
6.568383574e-01 1.064953133e-01
6.509140134e-01 8.273132443e-01
6.844985485e-01 4.173331559e-01
3.830663562e-01 3.931224048e-01
5.897118449e-01 8.815672994e-01
9.290661812e-01 5.352962017e-02
1.816224009e-01 1.122243181e-01
0.000000000e+00 0.000000000e+00
1.933346391e-01 3.466078043e-01
5.065316558e-01 6.294612288e-01
7.321422100e-01 8.901115656e-01
9.890884161e-01 6.628564596e-01
8.453645110e-01 7.780388594e-01
3.075320423e-01 8.756922483e-01
4.276313633e-02 3.673437459e-04
2.737326324e-01 4.620975256e-01
6.383628845e-01 1.017702669e-01
6.730101109e-01 8.018158674e-01
1.853129268e-01 4.151252508e-01
5.199849606e-01 4.518070221e-01
7.998299599e-01 9.605224133e-01
7.989531755e-01 7.799281925e-02
8.049355745e-01 6.659632921e-02
0.000000000e+00 0.000000000e+00
2.359703779e-01 1.530968994e-01
1.975191087e-01 5.283151269e-01
6.716898680e-01 4.703212678e-01
9.596956372e-01 2.402923256e-01
7.631402016e-01 8.701821566e-01
5.620661378e-01 4.562225044e-01
5.961844325e-01 4.288097620e-01
5.551939011e-01 4.169339538e-01
4.004697204e-01 6.953464746e-01
9.285121411e-02 1.665420681e-01
8.511984944e-01 7.710773349e-01
2.814537287e-01 3.772689402e-01
9.260265231e-01 8.180772066e-01
6.143463254e-01 2.214901745e-01
4.425197095e-02 4.312578440e-01
0.000000000e+00 0.000000000e+00
6.726271510e-01 8.284804821e-01
8.526890278e-01 3.277590126e-02
2.441570312e-01 3.390945792e-01
1.887322068e-01 8.029753566e-01
7.674657702e-01 5.168330669e-01
9.829264879e-01 1.440585405e-01
8.996517062e-01 1.164632514e-01
1.631817073e-01 6.962192059e-01
1.095696911e-01 5.658450723e-01
4.202335477e-01 7.284739614e-01
9.006752372e-01 7.698715329e-01
8.496899009e-01 3.294544667e-02
3.101955056e-01 5.154330730e-01
4.159533083e-01 2.312549502e-01
3.078740835e-01 9.454309940e-01
0.000000000e+00 0.000000000e+00
2.941808701e-01 3.539040983e-01
3.709773766e-03 8.450776339e-01
1.548407078e-01 2.041442692e-01
2.552645206e-01 8.846220374e-01
2.064514160e-01 7.975263596e-01
8.080493212e-01 9.270205498e-01
1.155613139e-01 2.172789723e-01
7.428982854e-01 1.960007548e-01
2.863295376e-01 1.667415798e-01
1.726966798e-01 4.815533459e-01
1.096830592e-01 3.216976225e-01
4.265938997e-01 2.454811707e-02
3.883331716e-01 9.412243962e-02
4.935785234e-01 8.257381916e-01
8.184221387e-01 8.044851571e-02
0.000000000e+00 0.000000000e+00
6.012277603e-01 8.345863819e-01
2.379725426e-01 7.619265318e-01
8.907643557e-01 8.061241508e-01
1.073010340e-01 9.059999138e-03
1.917241067e-01 2.704773545e-01
6.161829829e-01 3.842731714e-01
7.034070492e-01 3.530749679e-01
1.544254273e-01 3.126898408e-01
8.843242526e-01 9.585323334e-01
2.075127363e-01 7.884683609e-01
2.733487487e-01 8.871315718e-01
1.655456126e-01 6.659598947e-01
8.421126753e-02 9.738933444e-01
7.006333470e-01 8.418157101e-01
5.666693449e-01 4.768013656e-01
0.000000000e+00 0.000000000e+00
6.218823791e-01 5.287415385e-01
4.693843424e-01 7.594502568e-01
1.782009602e-01 1.711720526e-01
4.318426549e-01 3.207479119e-01
7.412451506e-02 8.444705009e-01
7.716028094e-01 5.439214706e-01
9.793245196e-01 7.260006666e-02
7.666692734e-01 2.663703859e-01
3.685989082e-01 2.192793787e-01
7.890378833e-01 1.442400962e-01
8.400167227e-01 6.615776420e-01
5.902324617e-02 8.109817505e-01
6.277557015e-01 9.049823284e-01
7.487223148e-01 5.611209273e-01
8.365471959e-01 2.780502439e-01
0.000000000e+00 0.000000000e+00
