-41 -58 78 -82 -74 50 -85 -63
78 -27 -122 -7 47 44 -119 -125
9 -5 116 123 -94 94 -127 -90
78 80 -34 50 13 -42 0 0
-82 99 -41 -91 -35 109 106 -38
-46 86 -122 -54 43 -127 73 90
48 -49 17 -109 126 19 -63 27
115 100 35 -119 105 -115 0 0
53 -58 88 -118 -7 -85 -27 5
40 116 -113 -114 85 -128 -93 -31
14 -122 -40 118 -125 -60 -27 104
-33 27 -14 105 -61 -94 0 0
41 -115 -1 -15 17 -22 40 109
74 -90 -86 -61 -101 60 15 114
34 100 106 -25 50 -84 -44 -76
25 75 44 -47 127 5 0 0
-45 71 127 -60 -33 -35 -22 114
-37 32 107 41 82 29 13 114
-20 9 -74 8 -103 33 -111 113
47 -112 -79 -66 -57 -34 0 0
126 80 -42 123 37 -119 46 12
-40 -3 -11 22 56 -50 -83 -95
62 -124 -59 -3 -52 41 12 -128
69 22 105 -31 49 -13 0 0
-63 10 70 -6 -112 71 27 -90
-21 -44 41 82 -13 106 70 38
34 -15 74 127 -25 -88 -88 27
-34 123 36 -30 -69 -39 0 0
27 56 -1 58 -97 -80 107 -2
3 -64 -91 119 39 -116 -44 75
-52 -8 -14 91 47 -71 21 -20
-116 111 17 39 31 -17 0 0
29 55 65 -91 -128 -105 13 8
84 -75 82 -48 -115 8 6 27
37 35 -88 26 -34 76 57 -83
-48 -70 23 126 114 106 0 0
72 119 118 80 117 -3 -110 74
15 102 -3 -40 100 111 -64 3
90 20 111 47 62 -31 -104 82
-88 9 -56 71 92 111 0 0
-87 -109 86 -61 119 78 -1 -9
-62 87 107 -104 -44 35 -6 46
-96 -94 -86 -36 -91 100 -46 -73
-22 -93 103 -29 -63 -35 0 0
20 101 -29 -82 -30 -37 -66 -66
113 123 -50 -22 30 -37 -77 -124
68 6 105 -87 -125 39 108 -28
27 13 -84 -128 -54 93 0 0
-50 0 -128 -32 -12 -117 -99 5
-59 57 -98 -110 -22 -112 -9 -47
75 -119 9 90 -52 64 103 28
118 -51 -41 58 -7 48 0 0
27 -21 25 84 -17 -52 -104 -123
-94 -52 59 -85 79 -69 -107 100
113 126 -20 -116 -16 -30 5 -108
-4 31 -30 -105 -109 -43 0 0
-81 122 -122 -60 73 -104 47 32
74 90 91 -112 98 22 -3 -100
-100 -15 78 -27 -39 5 -62 35
75 51 -51 99 56 95 0 0
94 -123 -99 -37 121 53 65 -67
104 26 -100 103 39 -31 -23 47
-19 32 -7 -124 54 0 -117 51
-29 68 -102 -113 113 92 0 0
-22 16 -12 -58 120 -33 -126 124
-111 114 -63 32 97 38 -60 -34
-124 123 -49 -1 -107 -7 -13 -26
-118 -112 -126 -82 61 46 0 0
-18 -96 103 23 61 1 -92 -39
-120 -81 -37 -128 35 -102 62 -17
52 106 22 31 1 -35 -125 -125
-30 -12 36 42 -18 -108 0 0
105 5 88 127 -45 54 101 -125
-45 23 -80 -34 30 89 7 42
12 -124 112 27 76 -17 74 124
43 53 110 10 115 -85 0 0
-122 71 -128 -77 34 -32 -105 64
71 30 -110 -96 -126 38 -116 -64
-2 124 -56 -125 13 -2 90 3
102 70 6 20 -70 -126 0 0
85 47 127 52 -70 -18 -46 126
-48 -71 43 -95 106 -59 93 -49
-39 109 117 -104 -28 60 -7 -64
61 -51 -116 70 -15 -79 0 0
3 32 -13 49 99 13 -53 -111
-60 87 -81 -54 38 -12 117 -26
48 -92 93 -103 -93 71 64 -64
-120 67 -122 -27 124 7 0 0
51 77 -46 -8 -111 -125 -2 -120
-81 -85 61 -125 -84 -53 117 -79
-78 10 43 79 91 -26 -66 99
-46 125 -66 -11 35 -43 0 0
28 59 97 -39 74 -127 122 21
25 10 -8 41 -115 51 -62 82
84 7 -88 -72 -43 -91 46 83
90 55 6 -128 8 124 0 0
85 -5 111 37 67 46 104 41
-36 -65 -71 119 -28 -89 65 51
61 -19 69 58 -37 -33 40 -55
53 -8 -121 -29 47 69 0 0
41 -100 118 -6 -43 -117 -125 -110
35 -82 -23 17 -17 27 -74 -17
73 19 71 -57 -27 43 126 44
-18 46 34 33 -54 -9 0 0
-59 92 -82 32 83 39 30 95
-17 47 1 32 -2 -24 -15 63
-9 -83 55 -18 -10 -64 -27 85
22 27 -123 -19 -93 -19 0 0
-93 -4 -24 67 28 -37 123 9
-85 3 -21 11 51 86 -22 106
4 29 -68 44 -126 94 -59 -81
76 17 -49 56 -87 24 0 0
85 -24 -125 60 -82 -16 31 70
127 -77 -31 47 -117 -25 -66 8
62 3 55 -21 -74 103 41 -74
-103 -19 6 -57 104 63 0 0
-35 126 69 -90 67 -121 -14 43
23 88 114 -99 -77 17 56 -85
33 -80 78 -22 42 80 111 117
1 -22 -75 64 115 -1 0 0
-72 15 -48 72 -23 20 61 63
-74 43 25 0 -5 -79 39 2
70 3 -98 -115 -108 -12 -53 -117
5 -16 16 77 62 8 0 0
-101 6 -20 118 -86 4 104 105
15 60 0 39 -91 -122 115 -35
-70 -17 25 -52 -64 62 52 -78
49 28 122 71 65 -20 0 0
112 -78 7 104 -102 40 -67 48
110 22 -114 -65 95 -43 -76 7
-92 80 70 106 20 -90 4 16
98 -17 56 123 -17 -114 0 0
111 103 -1 -113 88 14 10 118
-124 -44 -23 104 -76 75 124 -75
93 -61 116 -84 90 -4 91 -126
60 -62 125 -105 109 -100 0 0
121 -75 18 -17 59 -63 -60 -92
-47 -104 89 -21 -52 -94 -43 -72
114 -65 73 -92 -21 41 -122 17
-97 122 -14 111 108 -122 0 0
50 -112 -98 -100 -1 75 32 -26
89 -90 -99 -126 -45 -52 18 -64
41 22 -111 42 -124 4 18 69
-114 -118 -78 93 83 -94 0 0
-125 -120 90 -46 -60 7 -22 -35
-93 79 -82 45 67 -70 3 70
-62 101 24 55 59 35 -125 -57
27 114 -62 126 -16 -57 0 0
-118 -19 63 -5 -16 -7 -123 116
-88 86 52 43 65 6 -100 5
104 -54 7 -99 -28 -46 -81 60
-65 -5 66 -87 -99 -32 0 0
-79 60 -76 -103 -92 19 -32 117
-37 26 -72 -72 -100 45 87 82
-123 65 -43 -94 1 -35 109 98
-114 106 -98 9 54 -101 0 0
7 76 -35 36 38 -36 -15 -43
87 37 20 -115 -19 40 50 105
-74 -2 65 -56 -70 -25 -20 -55
-79 -111 -79 -39 87 57 0 0
104 121 -13 74 -38 -115 -97 -4
-107 -31 109 -127 96 43 55 -58
-94 94 -82 -38 102 100 17 -16
-116 -76 -81 -12 39 -16 0 0
48 55 25 -64 -68 102 30 105
111 -28 -26 -36 106 87 -49 38
-26 86 -80 -121 -91 114 -62 -51
-108 -82 93 -96 -76 55 0 0
19 108 108 56 -106 -42 108 101
-68 34 -67 54 -90 85 92 48
34 61 65 54 -19 110 17 -76
-94 43 13 -111 -97 -107 0 0
98 -19 1 -59 47 114 38 -65
31 -36 -26 122 -14 112 -60 37
7 -61 -74 -107 21 -71 90 -62
92 -81 -96 101 33 99 0 0
58 32 -25 17 9 -29 44 -42
-123 86 9 -10 -63 61 107 5
106 68 7 54 -109 114 -77 38
117 119 13 -117 -41 -26 0 0
-74 53 -53 -88 117 -33 -125 119
61 2 71 -126 -103 -82 5 -112
-14 8 81 -8 -14 -36 -50 56
-122 -51 -72 92 -125 108 0 0
-69 -26 -17 -124 -128 75 38 6
-13 20 120 70 16 -64 -61 -5
-59 -17 -67 -89 -69 80 89 121
94 -101 75 104 64 -95 0 0
-103 52 14 48 34 -12 -88 50
62 -14 -85 -9 -90 19 -86 98
102 21 20 -38 35 27 3 89
-4 7 -124 -124 -75 9 0 0
68 33 49 74 23 57 112 96
-51 21 -36 -105 -16 5 61 -126
-128 -119 -57 29 21 80 -50 83
-91 -38 -52 -49 83 18 0 0
106 -62 -112 120 -53 99 -119 -7
-55 -98 -106 -22 -108 -23 83 -60
-18 -49 33 64 -17 15 -51 9
-79 106 10 -15 -25 -94 0 0
39 48 -84 108 -22 -127 72 -128
11 26 94 -21 42 -109 -43 -17
-127 122 60 -46 92 -66 11 123
49 63 -12 -25 9 -104 0 0
-60 -102 -76 -21 -74 85 78 29
1 78 -128 -113 33 32 125 115
101 69 30 118 -23 47 114 -70
73 -11 7 126 30 -43 0 0
-98 41 -120 -63 -19 85 -120 121
109 -79 -12 -64 -37 -78 48 89
29 -57 -102 95 14 -7 -109 -2
8 -89 29 -105 -51 -88 0 0
1 -39 88 -98 41 -48 -4 -66
-53 -25 -57 -26 85 88 -91 -85
59 36 32 -55 113 127 104 16
35 119 3 -89 37 122 0 0
-125 40 -70 99 1 -125 -117 3
-18 126 59 12 -32 39 -78 -128
-74 -74 -17 -41 71 59 -63 98
-115 56 -98 -43 -47 23 0 0
35 33 6 -104 -94 119 -24 57
-26 73 24 93 -123 112 48 25
68 110 -90 0 -69 78 -55 100
111 50 -100 15 66 -92 0 0
7 81 31 43 -87 79 -100 -2
54 -76 -10 42 120 31 -42 -71
114 -105 -4 -60 -64 17 70 -60
75 96 80 2 122 74 0 0
39 126 38 54 124 -25 125 119
0 -119 -53 44 -76 81 -28 -23
47 69 105 -80 38 -92 4 123
113 75 -89 93 107 62 0 0
45 75 -86 32 1 108 47 34
-86 -86 -20 74 42 124 104 -82
103 79 -19 90 -23 -88 -20 -16
-48 43 -36 64 -65 -84 0 0
-3 2 -106 -4 24 44 -45 94
77 7 83 99 -75 117 -66 29
84 -120 74 -87 34 46 61 75
125 72 -11 -73 85 116 0 0
