0.000000000e+00 0.000000000e+00
0.000000000e+00 0.000000000e+00
0.000000000e+00 0.000000000e+00
0.000000000e+00 0.000000000e+00
0.000000000e+00 0.000000000e+00
0.000000000e+00 0.000000000e+00
0.000000000e+00 0.000000000e+00
0.000000000e+00 0.000000000e+00
0.000000000e+00 0.000000000e+00
0.000000000e+00 0.000000000e+00
0.000000000e+00 0.000000000e+00
0.000000000e+00 0.000000000e+00
0.000000000e+00 0.000000000e+00
0.000000000e+00 0.000000000e+00
0.000000000e+00 0.000000000e+00
0.000000000e+00 0.000000000e+00
0.000000000e+00 0.000000000e+00
0.000000000e+00 7.093850970e-01
7.135394216e-01 4.301012456e-01
2.389940321e-01 3.092213869e-01
1.404335443e-02 3.811303079e-01
6.352893710e-01 6.307978034e-01
9.749057889e-01 1.225798503e-01
7.116428018e-01 8.684915304e-01
1.857512742e-01 1.634197235e-01
5.713031888e-01 9.599402547e-01
4.653100669e-01 1.715549678e-01
2.686194479e-01 4.776032269e-01
8.075085282e-01 5.522110462e-01
2.586077452e-01 2.316004336e-01
7.242877483e-01 2.345800549e-01
3.965398073e-01 2.780377120e-02
1.550318897e-01 3.354054689e-01
5.091300607e-01 0.000000000e+00
0.000000000e+00 5.004982352e-01
8.069026470e-01 7.587347925e-02
4.662184045e-02 6.838391423e-01
9.145200849e-01 8.944033980e-01
5.017983913e-01 6.326252222e-01
5.044645667e-01 8.117186427e-01
3.198217750e-01 2.649318874e-01
5.970413685e-01 6.402632594e-01
8.877061605e-01 8.118581176e-01
7.745234966e-01 5.437348485e-01
8.308317661e-01 2.481327206e-01
6.865017414e-01 9.206930548e-02
1.013615355e-01 2.164035589e-01
4.030880332e-01 5.623698980e-02
8.971670866e-01 7.675564885e-01
6.945195198e-01 6.290647388e-01
6.124047041e-01 0.000000000e+00
0.000000000e+00 5.031741858e-01
8.661459088e-01 7.628896236e-01
6.812872887e-01 1.259388924e-01
4.677383304e-01 3.542731702e-01
1.226037554e-02 9.349673390e-01
7.423664927e-01 8.616671562e-01
4.047836065e-01 6.223605871e-01
1.356339734e-02 2.277572155e-01
4.105906785e-01 1.854319274e-01
1.521522850e-01 8.529478312e-01
5.200914741e-01 7.394339442e-01
8.756927252e-01 4.371056259e-01
5.838727355e-01 5.098301545e-02
4.692794979e-01 9.186409116e-01
1.626059562e-01 4.786587358e-01
6.510108113e-01 4.401369095e-01
1.657995433e-01 0.000000000e+00
0.000000000e+00 3.403092176e-02
9.890661240e-01 7.466305494e-01
6.060380340e-01 8.856495023e-01
1.111135781e-01 8.789647818e-01
2.477766871e-01 3.999500573e-01
5.543528199e-01 6.488937736e-01
8.131242394e-01 9.923775792e-01
3.126502335e-01 1.898681186e-02
4.940973520e-01 7.957603782e-02
6.180179119e-01 9.166720510e-01
1.673838794e-01 5.014318228e-01
3.082178831e-01 5.011581779e-01
2.403832823e-01 4.018852413e-01
2.524641752e-01 5.860788226e-01
6.271458268e-01 9.096014500e-01
3.300499618e-01 4.571413696e-01
7.113132477e-01 0.000000000e+00
0.000000000e+00 7.141165137e-01
8.145896196e-01 2.973355949e-01
2.978642583e-01 9.582899213e-01
8.108609319e-01 9.595115185e-01
7.165976614e-02 2.230360359e-01
4.532288909e-01 7.869727612e-01
2.162641287e-01 1.612142622e-01
9.376332164e-01 9.603581429e-01
7.279039621e-01 6.947112679e-01
2.087898105e-01 3.697016239e-01
3.983476460e-01 2.854822576e-01
3.006175756e-01 7.017126083e-01
1.185571998e-01 8.191284537e-01
1.356503665e-01 5.957483053e-01
1.116575450e-01 2.375541031e-01
8.571031094e-01 8.197198063e-02
7.791712880e-01 0.000000000e+00
0.000000000e+00 1.524212807e-01
8.888664246e-01 3.412607312e-01
8.089880347e-01 5.016040206e-01
6.655664444e-01 1.175645366e-01
6.750934124e-01 8.156532645e-01
2.493476495e-02 6.924437284e-01
6.919080019e-01 4.015074074e-01
1.965845376e-01 7.446389794e-01
6.365165114e-01 7.033480704e-02
2.210141718e-01 1.585358679e-01
2.572907321e-02 1.923403293e-01
1.177892908e-01 6.124725342e-01
4.961742461e-01 9.244527221e-01
3.690789044e-01 6.637670565e-03
8.742402196e-01 6.245844960e-01
5.405326486e-01 7.982566357e-01
1.181641966e-01 0.000000000e+00
0.000000000e+00 9.587146044e-01
9.895777702e-01 2.628552020e-01
4.580034018e-01 5.826595426e-01
1.084888354e-01 7.713146806e-01
1.742436783e-03 7.593466043e-01
5.558603406e-01 6.618450284e-01
2.656024694e-01 9.114527702e-01
1.481692791e-01 5.329124928e-01
5.794439912e-01 2.043807358e-01
3.640966490e-02 4.744013846e-01
1.581536606e-02 7.948758602e-01
9.646653533e-01 9.928621054e-01
6.980303675e-02 1.616849191e-02
1.747089028e-01 6.254439950e-01
9.524742961e-01 3.928593397e-01
9.318690002e-02 5.838966370e-01
6.957460046e-01 0.000000000e+00
0.000000000e+00 1.177383680e-02
1.498335600e-01 6.936435103e-01
3.874812722e-01 8.550741076e-01
3.172331452e-01 5.519900918e-01
8.780033588e-01 4.573723376e-01
8.991029114e-02 3.196060956e-01
6.664874554e-01 8.523138165e-01
5.253624916e-01 1.233959794e-01
9.951536357e-02 4.634389877e-01
4.318839312e-01 7.129969001e-01
8.881354332e-01 6.669796705e-01
8.958398700e-01 4.675096273e-02
7.833697796e-01 3.733708858e-01
6.448779702e-01 9.680708051e-01
4.284460843e-01 9.394604564e-01
5.398675203e-01 1.039211974e-01
4.352718592e-01 0.000000000e+00
0.000000000e+00 6.826296449e-01
5.533849597e-01 7.855865955e-01
2.426881194e-01 1.231653839e-01
7.626982331e-01 1.053359583e-01
7.601997852e-01 1.448058784e-01
2.224948406e-01 2.741372883e-01
6.607049108e-01 2.670774460e-01
1.618114859e-01 6.090133190e-01
2.927253246e-01 4.090839922e-01
9.109620452e-01 9.010958672e-01
6.786452234e-02 5.851164460e-01
2.656475008e-01 4.455167651e-01
2.848627269e-01 3.552672565e-01
5.728183985e-01 9.743375778e-01
3.140309826e-02 2.270553559e-01
5.831772685e-01 6.445377469e-01
1.751736403e-01 0.000000000e+00
0.000000000e+00 2.274591625e-01
3.450431824e-01 1.307548881e-01
7.953932881e-01 6.818591952e-01
1.214603111e-01 1.252221018e-01
5.741897225e-01 9.508155584e-01
7.343050838e-01 4.703794718e-01
5.958484411e-01 3.512708247e-01
9.124521613e-01 8.901926279e-01
6.404936314e-01 8.550814390e-01
5.273402929e-01 9.895550013e-01
2.017695159e-01 8.817383647e-01
5.998609066e-01 2.690589130e-01
7.874917388e-01 9.958811998e-01
3.078202903e-01 2.785252333e-01
1.938391775e-01 1.200030521e-01
9.315159321e-01 6.050028801e-01
9.060786963e-01 0.000000000e+00
0.000000000e+00 2.476881891e-01
7.655393481e-01 4.964179397e-01
5.125061143e-03 7.019062638e-01
7.145643234e-01 4.703628421e-01
2.893435061e-01 6.651064157e-01
6.184595823e-01 1.252909601e-01
5.245502591e-01 8.770400286e-01
5.162471533e-01 8.993023634e-01
2.495555431e-01 6.413179636e-02
9.136675000e-01 5.201657414e-01
3.484895229e-01 8.657512069e-01
1.020008326e-01 8.244184852e-01
7.557141781e-01 5.483927131e-01
6.850770116e-02 4.962781966e-01
1.651826054e-01 7.351753116e-02
5.358664393e-01 5.655812845e-02
6.550791860e-01 0.000000000e+00
0.000000000e+00 1.574851722e-01
2.878414989e-01 6.136409640e-01
9.848261476e-01 8.293476105e-01
5.682466626e-01 3.973755240e-01
4.572953284e-01 3.945879638e-01
4.363677651e-02 1.868268102e-02
1.951759011e-01 9.941731691e-01
9.131466150e-01 6.603860259e-01
1.011597142e-01 7.078360319e-01
5.816506743e-01 2.903807350e-02
6.905125380e-01 9.314763546e-01
3.710931242e-01 7.717804909e-01
4.882239401e-01 3.104297221e-01
6.412906051e-01 4.139879346e-01
5.937852263e-01 9.960969090e-01
7.903270125e-01 9.482330084e-01
8.840340972e-01 0.000000000e+00
0.000000000e+00 8.177024126e-01
6.903553009e-01 6.810242534e-01
9.018515944e-01 6.164448261e-01
8.132582307e-01 7.703875899e-01
8.409797549e-01 5.328649879e-01
3.864143193e-01 4.728601873e-01
8.794392347e-01 9.371976852e-01
7.450615764e-01 9.630189538e-01
5.714129284e-02 2.891736925e-01
7.491147518e-02 8.642270565e-01
1.764674336e-01 9.688454866e-01
2.248628587e-01 7.885295749e-01
9.790667892e-01 2.632537298e-02
7.246209383e-01 8.553794771e-02
7.292776108e-01 6.873671412e-01
4.027227461e-01 7.283141613e-01
2.066514492e-01 0.000000000e+00
0.000000000e+00 7.082343698e-01
3.066769838e-01 7.464719415e-01
4.289497435e-02 2.767360210e-01
6.950151920e-01 4.806685746e-01
9.484625459e-01 6.220819429e-02
8.700449467e-01 9.814240336e-01
4.900435507e-01 3.398132920e-01
2.383700758e-02 9.861951470e-01
4.162659645e-01 9.938417673e-01
6.123175621e-01 8.362237215e-01
7.809450030e-01 9.276584387e-01
7.900896072e-01 6.998131871e-01
2.015574649e-02 7.218136191e-01
8.594745398e-01 3.969804645e-01
9.177566171e-01 3.465862572e-01
3.797934949e-01 5.026681349e-02
6.578667164e-01 0.000000000e+00
0.000000000e+00 2.884209752e-01
8.537412882e-01 8.649662137e-01
7.528636605e-02 2.245080322e-01
6.358947754e-01 8.291554451e-02
7.384909987e-01 1.099245474e-01
2.876906097e-01 5.669601560e-01
2.654217780e-01 4.143125117e-01
1.058034673e-01 4.315114617e-01
2.963415980e-01 2.149543166e-02
3.756906986e-01 7.535303235e-01
7.177930474e-01 1.759144664e-01
6.077516675e-01 6.918588877e-01
5.462879539e-01 7.171481848e-01
9.875161946e-02 5.204032063e-01
6.816537976e-01 7.320407033e-01
6.246584058e-01 2.460972518e-01
4.291222095e-01 0.000000000e+00
0.000000000e+00 9.807415009e-01
6.193370372e-02 3.934554160e-01
5.073842406e-01 6.446122527e-01
5.391875505e-01 1.643848419e-01
2.310540527e-01 7.916803360e-01
8.762410283e-01 4.264427125e-01
1.426069438e-01 1.181613952e-01
7.244917154e-01 6.180450916e-01
4.102324322e-02 9.927736223e-02
5.123212934e-01 8.077925444e-01
3.001292646e-01 6.167426705e-01
9.396994710e-01 4.581018388e-01
5.982737541e-01 6.469299793e-01
3.306387663e-01 7.282271236e-02
1.488918066e-02 1.227796152e-01
2.616935670e-01 4.275694191e-01
4.477769434e-01 0.000000000e+00
0.000000000e+00 6.641631126e-01
3.230715394e-01 8.222197890e-01
2.979017198e-01 7.084552646e-01
5.426729918e-01 2.557219565e-02
2.315229326e-01 9.343154430e-01
2.559119463e-01 5.759106278e-01
8.128595948e-01 7.962005138e-01
9.984136559e-03 1.857618839e-01
5.122741461e-01 8.932138681e-01
7.225883603e-01 4.282515943e-01
8.825872540e-01 5.423198938e-01
7.473840714e-01 1.242380589e-01
9.916350245e-01 7.165033221e-01
6.805475354e-01 3.432149440e-02
3.789328635e-01 5.967449546e-01
8.894841373e-02 8.742967844e-01
1.293023974e-01 0.000000000e+00
0.000000000e+00 3.391638696e-01
1.826885790e-01 4.366427362e-01
8.567420840e-01 2.243712246e-01
6.101030707e-01 7.540765405e-01
1.821785420e-01 4.576058090e-01
3.208081797e-02 5.485963225e-01
3.826276213e-02 1.562452596e-02
5.380349159e-01 2.598659992e-01
6.729878783e-01 4.429629818e-02
3.666351736e-01 2.980160415e-01
9.669164419e-01 5.676890016e-01
9.727213383e-01 5.320733786e-01
1.728861928e-01 4.453291297e-01
7.093843222e-01 7.153359652e-01
3.993646801e-01 4.073760808e-01
2.187713236e-01 2.256924957e-01
6.162074804e-01 0.000000000e+00
0.000000000e+00 4.995761514e-01
7.712817192e-01 1.240924969e-01
9.089816809e-01 6.147462130e-01
8.026428223e-01 3.374020755e-01
5.639870763e-01 1.863088012e-01
6.985889077e-01 8.402160555e-02
8.235329390e-01 1.578497291e-01
9.867027998e-01 8.131409883e-01
2.349946797e-01 9.211741090e-01
3.026599586e-01 2.458303571e-01
1.262943596e-01 1.803414710e-02
7.076733112e-01 4.477081597e-01
9.383641928e-02 5.715781450e-01
5.969783068e-01 9.212337136e-01
7.532675862e-01 8.330901861e-01
3.108944595e-01 2.873824239e-01
9.227918983e-01 0.000000000e+00
0.000000000e+00 4.204417467e-01
2.552630380e-02 1.761487722e-01
8.870623708e-01 3.938456476e-01
3.323381245e-01 2.801876068e-01
3.402691782e-01 9.743588567e-01
4.567357302e-01 6.348024011e-01
7.934010029e-02 1.519712508e-01
5.242022872e-01 4.716871381e-01
1.771334559e-01 8.517633677e-01
7.068662047e-01 1.790872514e-01
4.746980667e-01 3.434894383e-01
7.818722129e-01 7.683166116e-02
7.458570600e-01 2.233171910e-01
5.496611595e-01 6.329239607e-01
5.267282128e-01 8.371728659e-02
6.647045016e-01 6.471449733e-01
8.323698640e-01 0.000000000e+00
0.000000000e+00 6.456109285e-01
2.989146411e-01 1.471493542e-01
7.757919431e-01 5.764996409e-01
6.002589688e-02 6.639153361e-01
2.682987750e-01 9.767134786e-01
2.685972154e-01 6.331219673e-01
9.243860841e-01 9.244478345e-01
4.965459108e-01 6.465421617e-02
9.661452770e-01 2.581249774e-01
6.289864779e-01 7.053191662e-01
2.769710720e-01 8.030729890e-01
3.625500202e-01 9.705072045e-01
4.612277150e-01 2.181969881e-01
7.292559743e-01 2.033009380e-01
8.973922729e-01 4.604193866e-01
2.848178446e-01 8.702540398e-01
8.075101376e-01 0.000000000e+00
0.000000000e+00 5.013962984e-01
2.957388461e-01 2.399763614e-01
8.688237071e-01 3.145115376e-01
5.805605054e-01 5.612605251e-03
9.297437668e-01 6.187558770e-01
4.500853121e-01 3.180046082e-01
6.646898389e-01 6.481079459e-01
5.741397142e-01 2.437605262e-01
9.115072489e-01 9.120545387e-01
8.239648938e-01 7.708597183e-01
9.023166895e-01 9.485029578e-01
4.488039017e-01 5.419094488e-02
4.167771935e-01 5.540566891e-02
8.443136215e-01 8.132624030e-01
8.156782133e-04 6.675915122e-01
5.913378000e-01 1.987606585e-01
2.489047945e-01 0.000000000e+00
0.000000000e+00 8.244418502e-01
8.649621606e-01 3.781593144e-01
1.568147242e-01 9.506465793e-01
5.690651536e-01 1.300341338e-01
2.260271162e-01 4.000359774e-02
5.523876548e-01 8.815238476e-01
5.011917949e-01 7.628123760e-01
5.344780684e-01 4.604049921e-01
4.438986182e-01 6.690570712e-01
8.491228521e-02 8.102509379e-01
3.725180626e-01 7.195374966e-01
8.854683042e-01 5.076171160e-01
9.861726165e-01 6.818335056e-01
1.492585689e-01 6.965534687e-01
4.469574392e-01 9.547804594e-01
8.779512048e-01 4.661949575e-01
3.758948147e-01 0.000000000e+00
0.000000000e+00 2.762620896e-02
3.659424484e-01 3.111076057e-01
2.833383381e-01 7.295827270e-01
7.660335898e-01 4.625696242e-01
5.918344855e-01 4.221026003e-01
5.919319987e-01 7.241173387e-01
8.842919469e-01 3.394605219e-01
9.697974324e-01 4.286542535e-01
2.975185812e-01 2.130503207e-01
8.015125990e-01 8.398826718e-01
5.411550999e-01 2.337923795e-01
3.937350810e-01 5.906512141e-01
6.660167575e-01 2.113548219e-01
2.783093750e-01 8.541338444e-01
3.629944623e-01 4.191373885e-01
2.416384965e-01 4.776285887e-01
5.670761466e-01 0.000000000e+00
0.000000000e+00 1.120166108e-01
9.096609354e-01 6.220552325e-01
9.651228189e-01 8.163914680e-01
6.030002832e-01 1.403387785e-01
5.326887369e-01 4.196804464e-01
8.640984297e-01 5.372748971e-01
4.874940515e-01 1.142031923e-01
1.238625720e-01 1.907335222e-01
2.550030053e-01 8.540157080e-01
2.560413815e-02 1.317856759e-01
3.030249774e-01 4.962647855e-01
6.385972500e-01 2.267578542e-01
3.718120754e-01 5.405590534e-01
2.802276611e-01 5.660166219e-02
3.200721741e-01 8.194454908e-01
9.510062933e-01 3.902121484e-01
6.337261293e-03 0.000000000e+00
0.000000000e+00 1.436901987e-01
1.088442095e-02 6.994265318e-01
8.679776788e-01 4.992609322e-01
5.130973458e-01 6.153870821e-01
3.734378219e-01 4.369945228e-01
3.880573511e-01 4.929384589e-02
9.304306507e-01 8.767692447e-01
9.218663573e-01 2.229263075e-02
8.031304479e-01 4.258462787e-01
9.236523509e-02 8.489419818e-01
8.277553916e-01 4.010494947e-01
1.694732308e-01 4.776125252e-01
5.082302690e-01 3.622211218e-01
7.081495523e-01 5.465494990e-01
9.410675168e-01 5.056961775e-01
4.340472817e-01 1.592676938e-01
2.323621325e-02 0.000000000e+00
0.000000000e+00 4.359440207e-01
7.898291200e-02 3.661193885e-03
5.819326043e-01 2.058247924e-01
5.653218627e-01 1.413584501e-01
9.932484627e-01 3.975166380e-01
7.341517806e-01 7.582450658e-02
3.505357504e-01 1.318763047e-01
7.618010640e-01 6.512203217e-01
2.429646403e-01 3.765812218e-01
6.266395450e-01 4.703962803e-01
4.657561183e-01 8.172860146e-01
6.412239671e-01 6.992238164e-01
6.546797156e-01 4.569190443e-01
4.808046818e-01 6.109895706e-01
6.714841723e-01 6.300169826e-01
5.732494593e-01 5.711799264e-01
1.943335235e-01 0.000000000e+00
0.000000000e+00 4.433597922e-01
7.723121047e-01 2.632664740e-01
3.974377364e-02 1.896632612e-01
5.544514656e-01 1.621553153e-01
7.983958721e-01 7.170044631e-02
7.404747605e-01 5.622124672e-01
1.717560180e-02 7.794308066e-01
7.892941236e-01 4.099139273e-01
9.734103084e-01 9.520733356e-02
3.577027917e-01 7.312644720e-01
6.547469497e-01 5.090121031e-01
9.843561649e-01 8.267503381e-01
6.608125567e-01 5.475869179e-01
2.273939848e-01 2.604248226e-01
2.807314396e-01 8.885551691e-01
1.514053494e-01 4.863436818e-01
9.119126797e-01 0.000000000e+00
0.000000000e+00 4.360075295e-01
3.297592700e-01 4.222169518e-01
4.772256613e-01 9.286569357e-01
9.784655571e-01 1.656022072e-01
6.309398264e-02 8.773707598e-02
4.102673531e-01 5.067737103e-01
5.555959344e-01 8.821787238e-01
6.288305521e-01 8.376132250e-01
1.191737950e-01 3.968480825e-01
4.301279187e-01 9.960931540e-01
8.707951307e-01 4.222372472e-01
6.549297571e-01 8.623576760e-01
9.837294221e-01 6.317364573e-01
1.758120358e-01 5.574563146e-01
9.742476940e-01 8.985095620e-01
7.046291232e-01 4.058439732e-01
3.463216424e-01 0.000000000e+00
0.000000000e+00 2.149144933e-02
6.822104752e-02 9.755982161e-01
5.115578771e-01 5.508943796e-01
4.247829318e-01 4.799190909e-03
2.080573440e-01 1.274708807e-01
1.447291076e-01 9.776819348e-01
6.122651100e-01 4.184005260e-01
7.106705904e-01 5.494833589e-01
1.493889987e-01 7.734957337e-01
2.308472544e-01 7.981454730e-01
6.858041883e-01 7.640828937e-02
3.749747872e-01 4.866957963e-01
2.063748837e-01 5.448274612e-01
3.916551769e-01 6.887195110e-01
6.746222973e-01 2.631139457e-01
7.226133347e-01 6.109328270e-01
5.955849886e-01 0.000000000e+00
0.000000000e+00 4.413195252e-01
1.178991422e-01 1.197746322e-01
4.157627821e-01 8.901244998e-01
3.702192605e-01 6.872400045e-01
3.265354931e-01 2.813307643e-01
1.512822956e-01 6.164239645e-01
2.241317183e-01 6.137863174e-02
8.743501902e-01 9.171698093e-01
9.209542274e-01 8.674134612e-01
6.136872172e-01 7.682112455e-01
9.807020426e-02 6.531106830e-01
8.589190841e-01 9.614319205e-01
8.962951899e-01 2.446338907e-02
5.391038060e-01 1.113036945e-01
9.890354276e-01 4.089761674e-01
6.504749060e-01 7.118898034e-01
3.596458137e-01 0.000000000e+00
0.000000000e+00 2.555090189e-01
5.571590662e-01 5.012575388e-01
3.355071843e-01 1.373681128e-01
8.258749247e-01 8.106112480e-02
3.649236560e-01 6.535646319e-01
8.254472613e-01 2.794886753e-02
2.374250889e-01 5.787642002e-01
5.472451448e-01 2.119816840e-01
1.984602809e-01 6.254121661e-01
2.179455757e-01 9.903088212e-01
9.446651936e-01 2.081957161e-01
5.799617171e-01 1.131948531e-01
4.898156971e-02 9.000446200e-01
4.345364869e-02 8.064437509e-01
8.271649480e-01 3.253654242e-01
1.932203770e-01 4.656048715e-01
7.012121081e-01 0.000000000e+00
0.000000000e+00 0.000000000e+00
0.000000000e+00 0.000000000e+00
0.000000000e+00 0.000000000e+00
0.000000000e+00 0.000000000e+00
0.000000000e+00 0.000000000e+00
0.000000000e+00 0.000000000e+00
0.000000000e+00 0.000000000e+00
0.000000000e+00 0.000000000e+00
0.000000000e+00 0.000000000e+00
0.000000000e+00 0.000000000e+00
0.000000000e+00 0.000000000e+00
0.000000000e+00 0.000000000e+00
0.000000000e+00 0.000000000e+00
0.000000000e+00 0.000000000e+00
0.000000000e+00 0.000000000e+00
0.000000000e+00 0.000000000e+00
0.000000000e+00 0.000000000e+00
0.000000000e+00 0.000000000e+00
0.000000000e+00 0.000000000e+00
0.000000000e+00 0.000000000e+00
0.000000000e+00 0.000000000e+00
0.000000000e+00 0.000000000e+00
0.000000000e+00 0.000000000e+00
0.000000000e+00 0.000000000e+00
0.000000000e+00 0.000000000e+00
0.000000000e+00 0.000000000e+00
0.000000000e+00 0.000000000e+00
0.000000000e+00 0.000000000e+00
0.000000000e+00 0.000000000e+00
0.000000000e+00 0.000000000e+00
0.000000000e+00 0.000000000e+00
0.000000000e+00 0.000000000e+00
0.000000000e+00 0.000000000e+00
0.000000000e+00 0.000000000e+00
0.000000000e+00 7.336261868e-01
6.848577410e-02 1.669144332e-01
7.557836771e-01 4.003743529e-01
3.276933730e-01 5.935786366e-01
9.587803483e-01 7.085527778e-01
2.170573324e-01 7.280890942e-01
6.838328838e-01 3.994374275e-01
4.422756135e-01 5.881454349e-01
2.072279155e-01 5.350066423e-01
8.380985260e-01 3.652078807e-01
5.297153592e-01 5.765068531e-01
1.870383322e-01 1.888296008e-01
2.042862326e-01 2.035187930e-01
1.909446269e-01 8.014357835e-02
2.297684252e-01 8.651970029e-01
1.159937754e-01 5.386628509e-01
7.164471745e-01 0.000000000e+00
0.000000000e+00 3.745696321e-02
1.758683473e-01 7.452503443e-01
3.422830403e-01 9.884269834e-01
8.521307707e-01 8.551440239e-01
5.222086310e-01 1.371564269e-01
5.001185536e-01 6.025137305e-01
9.419273138e-01 6.511321664e-01
6.844116449e-01 3.206267655e-01
5.680565834e-01 1.446896940e-01
7.368248701e-01 3.356281668e-02
6.502046585e-01 8.148743510e-01
8.663161993e-01 8.356785774e-02
3.590588868e-01 2.184319496e-01
8.945033886e-03 3.062565625e-01
8.945467472e-01 8.592228889e-01
3.137133718e-01 6.040259600e-01
8.755486608e-01 0.000000000e+00
0.000000000e+00 5.386794806e-01
3.377105594e-01 5.614156127e-01
3.057426214e-01 2.619650662e-01
3.507924378e-01 1.202512830e-01
6.691881418e-01 6.368051171e-01
1.636627018e-01 5.743156075e-01
3.253741264e-01 6.371833086e-01
6.089578569e-02 5.086714625e-01
2.688184381e-01 1.650727242e-01
7.029480934e-01 6.515427828e-01
6.764057279e-01 4.329447150e-01
7.674788237e-01 9.695585966e-01
1.290895641e-01 1.312529109e-02
9.657744169e-01 7.153459787e-01
1.662205160e-01 2.561219037e-01
2.439567745e-01 7.329167724e-01
1.671821028e-01 0.000000000e+00
0.000000000e+00 4.015369117e-01
7.185667157e-01 3.679533303e-01
1.470928043e-01 3.180349618e-02
4.713551998e-01 9.878388047e-01
7.339233756e-01 4.701907039e-01
1.537860781e-01 8.484867811e-01
3.924631774e-01 2.503476441e-01
4.930541515e-01 4.795538187e-01
2.854216099e-01 1.831222773e-01
3.508889079e-01 7.750249654e-02
4.882371128e-01 1.948279887e-01
3.864585459e-01 5.786495805e-01
1.774199456e-01 1.358847618e-01
8.463597298e-01 4.242934287e-01
4.264974296e-01 9.352143407e-01
8.633713126e-01 6.651649475e-01
5.667731762e-01 0.000000000e+00
0.000000000e+00 7.551406026e-01
9.352940917e-01 4.468958080e-01
2.174640745e-01 6.275317073e-01
3.362410069e-01 9.556251764e-01
7.929314375e-01 2.984927595e-01
3.329668045e-01 9.573786706e-02
6.877039671e-01 9.463288784e-01
3.885473013e-01 4.693478048e-01
6.722317934e-01 9.500943422e-01
3.945763409e-01 8.832990527e-01
3.153974712e-01 4.396816194e-01
7.145857215e-01 6.066864133e-01
4.123383760e-01 4.241528213e-01
8.543933630e-01 8.396983147e-01
5.112597346e-02 2.494763210e-02
8.017192036e-02 3.668563068e-01
5.426768661e-01 0.000000000e+00
0.000000000e+00 3.922985196e-01
4.941987693e-01 9.703632593e-01
2.817463577e-01 6.083037853e-01
4.441898763e-01 4.158469737e-01
7.297895551e-01 9.109627604e-01
5.089337826e-01 7.617998719e-01
3.848598599e-01 6.858192086e-01
2.225483954e-01 6.737916172e-02
5.962858200e-01 5.000805259e-01
1.902761310e-01 4.731077552e-01
8.463305235e-01 3.084024489e-01
5.961726904e-01 1.135739014e-01
5.114166141e-01 1.549383253e-01
5.162687898e-01 2.340237051e-01
3.910911977e-01 1.387588829e-01
9.670276642e-01 9.830676913e-01
5.464218259e-01 0.000000000e+00
0.000000000e+00 7.165145874e-01
2.540608048e-01 3.275499642e-01
9.994372129e-01 1.610384732e-01
9.193300605e-01 2.539776564e-01
1.678876877e-01 7.234908938e-01
1.099147126e-01 3.344046650e-03
2.887035608e-01 6.947880387e-01
4.974948466e-01 2.598223984e-01
3.221711814e-01 9.430846572e-01
4.264289886e-02 8.610004187e-01
6.833739281e-01 7.085062265e-01
5.121517777e-01 9.063895345e-01
1.066079289e-01 4.576230943e-01
4.985552430e-01 1.301983446e-01
6.739684343e-01 1.121338159e-01
2.768086791e-01 4.267931283e-01
1.600264460e-01 0.000000000e+00
0.000000000e+00 3.495355248e-01
9.522197247e-01 5.537814498e-01
6.792885065e-01 9.730188251e-01
2.220797688e-01 8.538068533e-01
1.174537539e-01 7.278423905e-01
8.376135230e-01 9.186267853e-01
2.500851750e-01 2.632150352e-01
7.784856558e-01 1.157433540e-01
1.192760915e-01 1.442771684e-02
4.406301975e-01 1.876817271e-02
2.318202704e-01 2.206914425e-01
5.992420912e-01 1.418496668e-01
7.390866876e-01 5.872178078e-01
1.954953372e-01 5.903105736e-01
4.192376733e-01 6.497136950e-01
8.461367488e-01 7.016091943e-01
9.198128581e-01 0.000000000e+00
0.000000000e+00 6.725531816e-01
4.479464293e-01 7.967897058e-01
5.884392858e-01 2.161863744e-01
1.758998074e-02 9.788129926e-01
1.228312105e-01 3.394611776e-01
5.820438862e-01 1.357392967e-01
6.628767848e-01 2.549678683e-01
7.673021555e-01 5.976190567e-01
5.126870871e-01 8.030038476e-01
8.021672070e-02 3.719003201e-01
7.422756404e-02 6.100333333e-01
1.988280714e-01 7.480745763e-02
1.269156188e-01 6.600000858e-01
7.468487024e-01 7.036727071e-01
7.689860463e-01 3.868605196e-01
5.026013255e-01 9.050977826e-01
1.577366292e-01 0.000000000e+00
0.000000000e+00 8.734123111e-01
7.055717707e-02 9.707396626e-01
7.860365510e-01 8.321799338e-02
4.271853268e-01 6.791377068e-01
9.372408390e-01 8.963829279e-01
5.717019439e-01 3.545078337e-01
6.784620285e-01 6.821452379e-01
9.530470967e-01 5.115815401e-01
2.806149721e-01 4.478274286e-01
5.839048699e-02 5.712129176e-02
6.035379320e-02 6.478595734e-02
5.022161603e-01 9.429856539e-01
8.903220296e-01 1.908272803e-01
1.321983188e-01 3.444834948e-01
3.711755872e-01 9.825829864e-01
3.745172620e-01 8.108637929e-01
1.144751906e-02 0.000000000e+00
0.000000000e+00 7.960609347e-02
2.631066144e-01 7.034692764e-01
2.786594331e-01 6.137537360e-01
6.233984232e-01 3.556735218e-01
4.783627093e-01 8.061431646e-01
3.118501306e-01 3.990882933e-01
6.488230228e-01 3.089909554e-01
1.302180886e-01 6.539484859e-01
6.522953510e-01 3.311248720e-01
5.313152075e-01 3.390127718e-01
4.375418425e-01 9.833577871e-01
2.057658732e-01 3.960504830e-01
6.811559200e-01 4.638682902e-01
9.094088674e-01 8.195253015e-01
9.315193295e-01 3.056042194e-01
3.792830408e-01 8.521088362e-01
2.426280230e-01 0.000000000e+00
0.000000000e+00 5.420954823e-01
6.371486783e-01 6.730202436e-01
2.709896117e-02 8.060925007e-01
6.590502858e-01 8.178114891e-01
2.255981565e-01 9.864660352e-02
9.320784211e-01 5.419442058e-01
5.141615868e-01 8.786082864e-01
2.173499018e-01 8.272510171e-01
7.239164710e-01 7.933704257e-01
5.597198009e-01 7.015681863e-01
1.512231380e-01 5.293011069e-01
7.448787689e-01 8.448183537e-01
8.850991726e-01 5.254697204e-01
9.121998549e-01 2.027712613e-01
5.222167373e-01 2.780531943e-01
1.067450792e-01 9.998514056e-01
3.718496561e-01 0.000000000e+00
0.000000000e+00 8.379461765e-01
2.342054844e-01 7.208153009e-01
5.358476639e-01 8.090459108e-01
8.395783305e-01 1.863175421e-03
8.577310443e-01 1.341249347e-01
8.791313171e-01 2.894416451e-01
7.201048732e-01 3.890045583e-01
5.683433414e-01 5.359306931e-01
3.048630953e-01 7.986264229e-01
6.281242371e-01 8.158035874e-01
5.082511306e-01 1.371226013e-01
9.719879627e-01 5.275952816e-01
3.697410524e-01 8.068576455e-01
3.500256240e-01 8.318607807e-01
7.402381301e-02 1.443946362e-01
7.979336381e-01 9.019357711e-02
7.369859219e-01 0.000000000e+00
0.000000000e+00 4.435994104e-02
4.211303294e-01 6.793239713e-01
7.688767910e-01 6.772719622e-01
5.443230867e-01 1.484285854e-02
2.893252969e-01 6.046898365e-01
3.199327290e-01 9.647963643e-01
5.934445858e-01 6.323295236e-01
8.893694282e-01 9.996894598e-01
2.164388746e-01 1.357593238e-01
9.807235748e-02 1.375835091e-01
3.993741572e-01 3.075188771e-02
8.595521748e-02 4.984842986e-02
4.361342192e-01 9.478566051e-01
9.279013872e-01 8.337106556e-02
5.041660666e-01 2.857072651e-01
3.951219320e-01 9.086610079e-01
4.304115474e-01 0.000000000e+00
0.000000000e+00 6.603195518e-02
8.335545063e-01 8.373670578e-01
7.530440688e-01 6.283288598e-01
6.377529502e-01 1.475178450e-01
3.625417054e-01 3.171753287e-01
9.354921579e-01 8.962961286e-02
9.894351959e-01 1.456519663e-01
2.203039676e-01 8.722476959e-01
3.027277708e-04 8.824937940e-01
9.476075172e-01 5.285931230e-01
7.543987632e-01 8.237332106e-01
9.662322998e-01 9.915904999e-01
3.243807852e-01 1.876742691e-01
8.817405701e-01 1.141474694e-01
3.343843669e-02 4.076300859e-01
8.957028389e-01 9.704145789e-01
7.369008660e-01 0.000000000e+00
0.000000000e+00 8.640702963e-01
9.267111421e-01 8.983053565e-01
1.561342776e-01 3.159102499e-01
9.887508154e-01 4.544033408e-01
3.322330862e-02 4.017113447e-01
2.380991727e-01 5.801236629e-01
6.927803755e-01 4.268234074e-01
6.781418324e-01 8.654001951e-01
3.638422489e-01 4.783983529e-01
3.712147772e-01 7.973976433e-02
5.605733991e-01 6.440203190e-01
2.773233354e-01 1.585298777e-01
7.810602784e-01 2.050124854e-01
5.559867620e-02 3.594853878e-01
2.777848542e-01 5.893319845e-01
8.608286977e-01 9.332599640e-01
5.333344340e-01 0.000000000e+00
0.000000000e+00 6.355064511e-01
1.863884628e-01 7.590638399e-01
3.812291324e-01 4.643558860e-01
7.458572835e-02 7.747211456e-01
3.944526613e-01 3.364153206e-01
4.120302796e-01 8.925949335e-01
5.293038487e-01 6.047587395e-01
2.646908462e-01 4.356803000e-01
2.753366828e-01 3.624910116e-01
2.849359214e-01 7.282694578e-01
3.679790199e-01 4.413150847e-01
7.990918159e-01 7.817679644e-01
7.883736491e-02 6.145976186e-01
8.653186560e-01 5.014758706e-01
3.857461810e-01 6.992568374e-01
8.583887219e-01 6.814456582e-01
8.111858964e-01 0.000000000e+00
0.000000000e+00 3.331015110e-01
3.066311181e-01 3.483714759e-01
5.476441979e-01 3.949161470e-01
9.949845076e-01 5.570089221e-01
9.272088408e-01 6.636423469e-01
6.321142614e-02 1.913975626e-01
1.757863909e-02 2.596917748e-01
3.475835919e-01 9.461831450e-01
4.021625221e-01 4.990619123e-01
7.836756855e-02 4.053064585e-01
9.136311412e-01 7.044444084e-01
4.577897787e-01 6.741721183e-02
7.385298610e-01 3.183192611e-01
1.125316881e-02 7.367295623e-01
7.196625471e-01 2.742567062e-01
3.421168327e-01 2.065242976e-01
9.798898101e-01 0.000000000e+00
0.000000000e+00 2.940522730e-01
8.319637179e-01 8.140888810e-01
7.988178730e-01 1.836901605e-01
7.725844979e-01 3.921606764e-02
8.475270867e-01 3.532923162e-01
5.357606411e-01 8.524353504e-01
8.637425303e-01 8.777359724e-01
5.678299069e-01 2.045915574e-01
2.264072895e-01 9.252128601e-01
5.039734244e-01 7.958132625e-01
1.462672651e-01 5.906507969e-01
7.286816239e-01 6.870167255e-01
7.911732197e-01 3.141817153e-01
9.426557422e-01 3.369272351e-01
6.538209915e-01 2.477234304e-01
1.906793267e-01 9.282830954e-01
6.012383699e-01 0.000000000e+00
0.000000000e+00 6.744583845e-01
6.231533885e-01 6.856771111e-01
5.688161254e-01 4.620741010e-01
2.587393522e-01 5.616383553e-01
4.378854036e-01 6.229778528e-01
5.577949286e-01 5.723550320e-01
5.629904941e-02 7.148125768e-01
8.261159062e-01 8.172140121e-01
8.921946287e-01 7.985447049e-01
8.186639547e-01 3.280185163e-01
6.253198385e-01 5.964964628e-01
2.984547913e-01 1.352981925e-01
8.089280725e-01 3.880855143e-01
3.169900179e-01 1.136275157e-01
9.325574636e-01 5.247814655e-01
6.518545151e-01 8.282316327e-01
8.487465382e-01 0.000000000e+00
0.000000000e+00 3.929551840e-01
4.181731343e-01 8.802917004e-01
7.539889812e-01 4.866029024e-01
1.333292872e-01 1.848745197e-01
5.610056520e-01 7.732722759e-01
2.652381659e-01 4.651513994e-01
4.305983707e-02 9.242403507e-01
8.128327727e-01 4.826591909e-01
3.642286062e-01 7.785992026e-01
7.627732158e-01 2.080912739e-01
2.961004674e-01 8.957279921e-01
3.225154877e-01 5.382004380e-01
8.641108274e-01 2.991916835e-01
4.407772124e-01 3.365281820e-01
8.138178587e-01 7.055223733e-02
6.429418921e-01 9.511349797e-01
9.148466587e-01 0.000000000e+00
0.000000000e+00 5.943667889e-01
2.336886525e-01 1.427920014e-01
3.266692460e-01 2.598230839e-01
3.953931034e-01 8.113153279e-02
1.873482168e-01 4.385287464e-01
7.440289259e-01 7.898166776e-01
5.415354967e-01 4.582118616e-02
8.042387962e-01 4.880609214e-01
6.890287399e-01 5.901100636e-01
7.267417759e-02 6.211493015e-01
7.293398380e-01 2.132631838e-01
7.871109843e-01 2.726779133e-02
4.588189423e-01 1.687705070e-01
1.924883761e-02 1.624435484e-01
4.101941884e-01 1.055241153e-01
7.715629339e-01 2.212637812e-01
4.608148038e-01 0.000000000e+00
0.000000000e+00 3.817622662e-01
9.881628752e-01 9.783126116e-01
3.232309520e-01 3.932502866e-01
7.121580243e-01 2.546347082e-01
3.087641001e-01 5.833150148e-01
1.968179345e-01 1.889696866e-01
5.328276157e-01 8.526879549e-01
9.235301018e-01 4.360159934e-01
7.380099595e-02 6.089101434e-01
9.195067883e-01 4.709796906e-01
6.373501420e-01 1.437547803e-02
7.015866041e-01 1.426243484e-01
9.983754158e-01 9.629431963e-01
8.554625511e-01 3.985483199e-02
6.463503242e-01 3.693211079e-01
8.208787441e-01 4.264361858e-01
6.190946698e-01 0.000000000e+00
0.000000000e+00 4.335527122e-01
7.227076292e-01 3.815265894e-01
7.244119644e-01 7.828280330e-01
7.448357940e-01 2.283963412e-01
3.353856504e-01 6.661487818e-01
2.480335981e-01 6.549313068e-01
4.720344394e-02 5.645798445e-01
4.543525875e-01 6.229393482e-01
8.803797364e-01 7.712922692e-01
3.518184423e-01 9.449216127e-01
8.921228647e-01 8.055920601e-01
2.155017108e-01 8.374067545e-01
1.704228520e-01 9.523473382e-01
8.720912039e-02 1.361186504e-01
3.254672289e-01 4.439822137e-01
6.006544232e-01 1.188519746e-01
3.954866827e-01 0.000000000e+00
0.000000000e+00 6.507716775e-01
3.454048038e-01 6.564906836e-01
6.799231768e-01 5.810141563e-01
5.189532042e-01 7.536878586e-01
6.019518971e-01 8.926803470e-01
1.558088809e-01 9.744637609e-01
2.065308839e-01 8.030835390e-01
1.268227100e-01 5.487418175e-01
5.994109511e-01 1.908967644e-01
4.222307503e-01 5.673531815e-02
9.578099251e-01 9.865049720e-01
4.191294312e-01 7.785248756e-01
4.326953366e-02 9.558196664e-01
1.431745440e-01 5.963754281e-02
4.080346525e-01 2.389834821e-01
4.856950045e-01 7.201236486e-02
5.755324960e-01 0.000000000e+00
0.000000000e+00 8.760447502e-01
8.357904106e-02 3.733732402e-01
9.786328077e-01 8.820860088e-02
8.995885849e-01 6.982805133e-01
5.211779103e-02 5.055403113e-01
5.053871274e-01 1.292971969e-01
3.867171109e-01 5.216109753e-01
9.152482748e-01 2.191518992e-01
9.507135153e-01 5.642663836e-01
8.218677640e-01 3.787282109e-01
2.722774148e-01 7.856854796e-01
7.095651031e-01 3.335372210e-01
4.978771806e-01 7.295818925e-01
5.099416524e-02 6.283423305e-01
2.438439727e-01 8.214080334e-01
7.215805650e-01 4.470867664e-02
7.962089181e-01 0.000000000e+00
0.000000000e+00 9.848639369e-01
1.976269633e-01 7.676272988e-01
2.052584291e-01 9.723000526e-01
5.202463269e-01 8.496363163e-01
3.742181361e-01 6.096854806e-01
1.481673568e-01 2.592468634e-02
6.239405870e-01 8.855108023e-01
8.996788859e-01 6.320059896e-01
5.992431641e-01 8.360964656e-01
9.712791443e-01 6.888384819e-01
7.929424644e-01 2.463426143e-01
1.022318527e-01 3.176131099e-02
1.763760746e-01 5.755816698e-01
2.847588062e-01 7.657831311e-01
9.752258658e-01 2.745619714e-01
3.079673946e-01 3.985100985e-01
3.554774523e-01 0.000000000e+00
0.000000000e+00 6.290693879e-01
7.038079500e-01 5.525187850e-01
2.419617921e-01 5.459120274e-01
5.414084345e-02 4.888404906e-01
7.410216331e-01 9.013606906e-01
2.666627467e-01 2.404388040e-01
7.279409766e-01 6.698884964e-01
4.779794812e-01 5.599498749e-01
8.150464296e-02 9.911001921e-01
8.240004778e-01 4.104793370e-01
5.966709256e-01 9.989470840e-01
8.740482330e-01 1.789148003e-01
8.829249740e-01 4.209315777e-01
6.180147529e-01 3.027935624e-01
3.151310384e-01 1.603569984e-01
2.380605638e-01 7.481579781e-01
9.862387776e-01 0.000000000e+00
0.000000000e+00 7.050179243e-01
2.975214422e-01 9.372766614e-01
8.581145406e-01 1.635870188e-01
6.858571768e-01 7.203524560e-02
1.317968816e-01 7.681636512e-02
9.032389522e-02 1.194615588e-01
5.775914788e-01 7.985354401e-03
8.220818639e-01 1.161222458e-01
9.391392469e-01 5.812995434e-01
9.963299632e-01 8.740212917e-01
1.452965736e-01 1.774284802e-02
6.565329432e-01 2.571327686e-01
6.991782784e-02 9.830020666e-01
6.232629418e-01 4.305582941e-01
8.411090970e-01 4.106622189e-02
1.490621567e-01 2.370167673e-01
8.537846804e-01 0.000000000e+00
0.000000000e+00 8.248118162e-01
8.929888606e-01 7.975243330e-01
6.439090967e-01 2.322703749e-01
8.556952477e-01 2.885526419e-01
2.296273559e-01 5.313839316e-01
6.605495811e-01 6.645521522e-01
2.076980621e-01 7.148793936e-01
5.636385679e-01 7.828099132e-01
7.079746127e-01 6.095210314e-01
5.026995540e-01 3.410421312e-01
4.121412933e-01 4.897716045e-01
5.341043472e-01 7.924896479e-01
5.059012771e-01 6.832917333e-01
9.409107566e-01 7.897379398e-01
5.380555056e-03 8.466865420e-01
6.325847507e-01 8.445146084e-01
3.128124475e-01 0.000000000e+00
0.000000000e+00 5.393157601e-01
1.409129798e-01 1.995299160e-01
2.122728378e-01 3.079249561e-01
4.026463330e-01 9.751745462e-01
4.201706648e-01 9.502070546e-01
5.074974298e-01 5.359680653e-01
7.533373833e-01 7.698396444e-01
3.099458814e-01 2.451925874e-01
1.305130422e-01 7.210052609e-01
1.952178925e-01 5.030200481e-01
4.782334566e-01 7.491660118e-01
9.453149438e-01 9.519557953e-01
2.730717659e-01 1.492939591e-01
5.914191604e-01 9.408131242e-01
9.643704980e-04 8.429095149e-01
1.468090862e-01 5.461623073e-01
7.744514346e-01 0.000000000e+00
0.000000000e+00 1.071775854e-01
5.651743412e-01 7.234805822e-01
7.197638154e-01 7.371194363e-01
6.641970873e-01 7.593591809e-01
5.335159600e-02 6.052545905e-01
8.474617004e-01 1.072318032e-01
4.135715067e-01 5.133299232e-01
2.023977786e-01 9.092963934e-01
1.498614671e-03 5.870696306e-01
8.027665615e-01 7.565379739e-01
7.107291818e-01 3.878510296e-01
2.006250620e-01 2.954172492e-01
7.313212156e-01 9.030163288e-01
5.055216551e-01 9.073735476e-01
2.154430747e-01 7.153894901e-01
3.285030425e-01 4.096430838e-01
2.656164467e-01 0.000000000e+00
0.000000000e+00 0.000000000e+00
0.000000000e+00 0.000000000e+00
0.000000000e+00 0.000000000e+00
0.000000000e+00 0.000000000e+00
0.000000000e+00 0.000000000e+00
0.000000000e+00 0.000000000e+00
0.000000000e+00 0.000000000e+00
0.000000000e+00 0.000000000e+00
0.000000000e+00 0.000000000e+00
0.000000000e+00 0.000000000e+00
0.000000000e+00 0.000000000e+00
0.000000000e+00 0.000000000e+00
0.000000000e+00 0.000000000e+00
0.000000000e+00 0.000000000e+00
0.000000000e+00 0.000000000e+00
0.000000000e+00 0.000000000e+00
0.000000000e+00 0.000000000e+00
