0 0 0 0 0 0 0 0
0 0 0 0 0 0 0 0
0 0 0 0 0 0 0 0
0 0 0 0 0 0 0 0
0 0 0 -124 123 -49 -1 -107
-7 -13 -26 -118 -112 -126 -82 61
46 -18 -96 103 23 61 1 -92
-39 -120 -81 -37 -128 35 -102 62
-17 52 106 0 0 22 31 1
-35 -125 -125 -30 -12 36 42 -18
-108 105 5 88 127 -45 54 101
-125 -45 23 -80 -34 30 89 7
42 12 -124 112 27 0 0 76
-17 74 124 43 53 110 10 115
-85 -122 71 -128 -77 34 -32 -105
64 71 30 -110 -96 -126 38 -116
-64 -2 124 -56 -125 13 -2 0
0 90 3 102 70 6 20 -70
-126 85 47 127 52 -70 -18 -46
126 -48 -71 43 -95 106 -59 93
-49 -39 109 117 -104 -28 60 -7
-64 0 0 61 -51 -116 70 -15
-79 3 32 -13 49 99 13 -53
-111 -60 87 -81 -54 38 -12 117
-26 48 -92 93 -103 -93 71 64
-64 -120 67 0 0 -122 -27 124
7 51 77 -46 -8 -111 -125 -2
-120 -81 -85 61 -125 -84 -53 117
-79 -78 10 43 79 91 -26 -66
99 -46 125 -66 -11 0 0 35
-43 28 59 97 -39 74 -127 122
21 25 10 -8 41 -115 51 -62
82 84 7 -88 -72 -43 -91 46
83 90 55 6 -128 8 124 0
0 85 -5 111 37 67 46 104
41 -36 -65 -71 119 -28 -89 65
51 61 -19 69 58 -37 -33 40
-55 53 -8 -121 -29 47 69 41
-100 0 0 118 -6 -43 -117 -125
-110 35 -82 -23 17 -17 27 -74
-17 73 19 71 -57 -27 43 126
44 -18 46 34 33 -54 -9 -59
92 -82 32 0 0 83 39 30
95 -17 47 1 32 -2 -24 -15
63 -9 -83 55 -18 -10 -64 -27
85 22 27 -123 -19 -93 -19 -93
-4 -24 67 28 -37 0 0 123
9 -85 3 -21 11 51 86 -22
106 4 29 -68 44 -126 94 -59
-81 76 17 -49 56 -87 24 85
-24 -125 60 -82 -16 31 70 0
0 127 -77 -31 47 -117 -25 -66
8 62 3 55 -21 -74 103 41
-74 -103 -19 6 -57 104 63 -35
126 69 -90 67 -121 -14 43 23
88 0 0 114 -99 -77 17 56
-85 33 -80 78 -22 42 80 111
117 1 -22 -75 64 115 -1 -72
15 -48 72 -23 20 61 63 -74
43 25 0 0 0 -5 -79 39
2 70 3 -98 -115 -108 -12 -53
-117 5 -16 16 77 62 8 -101
6 -20 118 -86 4 104 105 15
60 0 39 -91 -122 0 0 115
-35 -70 -17 25 -52 -64 62 52
-78 49 28 122 71 65 -20 112
-78 7 104 -102 40 -67 48 110
22 -114 -65 95 -43 -76 7 0
0 -92 80 70 106 20 -90 4
16 98 -17 56 123 -17 -114 111
103 -1 -113 88 14 10 118 -124
-44 -23 104 -76 75 124 -75 93
-61 0 0 116 -84 90 -4 91
-126 60 -62 125 -105 109 -100 121
-75 18 -17 59 -63 -60 -92 -47
-104 89 -21 -52 -94 -43 -72 114
-65 73 -92 0 0 -21 41 -122
17 -97 122 -14 111 108 -122 50
-112 -98 -100 -1 75 32 -26 89
-90 -99 -126 -45 -52 18 -64 41
22 -111 42 -124 4 0 0 18
69 -114 -118 -78 93 83 -94 -125
-120 90 -46 -60 7 -22 -35 -93
79 -82 45 67 -70 3 70 -62
101 24 55 59 35 -125 -57 0
0 27 114 -62 126 -16 -57 -118
-19 63 -5 -16 -7 -123 116 -88
86 52 43 65 6 -100 5 104
-54 7 -99 -28 -46 -81 60 -65
-5 0 0 66 -87 -99 -32 -79
60 -76 -103 -92 19 -32 117 -37
26 -72 -72 -100 45 87 82 -123
65 -43 -94 1 -35 109 98 -114
106 -98 9 0 0 54 -101 7
76 -35 36 38 -36 -15 -43 87
37 20 -115 -19 40 50 105 -74
-2 65 -56 -70 -25 -20 -55 -79
-111 -79 -39 87 57 0 0 104
121 -13 74 -38 -115 -97 -4 -107
-31 109 -127 96 43 55 -58 -94
94 -82 -38 102 100 17 -16 -116
-76 -81 -12 39 -16 48 55 0
0 25 -64 -68 102 30 105 111
-28 -26 -36 106 87 -49 38 -26
86 -80 -121 -91 114 -62 -51 -108
-82 93 -96 -76 55 19 108 108
56 0 0 -106 -42 108 101 -68
34 -67 54 -90 85 92 48 34
61 65 54 -19 110 17 -76 -94
43 13 -111 -97 -107 98 -19 1
-59 47 114 0 0 38 -65 31
-36 -26 122 -14 112 -60 37 7
-61 -74 -107 21 -71 90 -62 92
-81 -96 101 33 99 58 32 -25
17 9 -29 44 -42 0 0 -123
86 9 -10 -63 61 107 5 106
68 7 54 -109 114 -77 38 117
119 13 -117 -41 -26 -74 53 -53
-88 117 -33 -125 119 61 2 0
0 71 -126 -103 -82 5 -112 -14
8 81 -8 -14 -36 -50 56 -122
-51 -72 92 -125 108 -69 -26 -17
-124 -128 75 38 6 -13 20 120
70 0 0 16 -64 -61 -5 -59
-17 -67 -89 -69 80 89 121 94
-101 75 104 64 -95 -103 52 14
48 34 -12 -88 50 62 -14 -85
-9 -90 19 0 0 -86 98 102
21 20 -38 35 27 3 89 -4
7 -124 -124 -75 9 68 33 49
74 23 57 112 96 -51 21 -36
-105 -16 5 61 -126 0 0 -128
-119 -57 29 21 80 -50 83 -91
-38 -52 -49 83 18 106 -62 -112
120 -53 99 -119 -7 -55 -98 -106
-22 -108 -23 83 -60 -18 -49 0
0 33 64 -17 15 -51 9 -79
106 10 -15 -25 -94 39 48 -84
108 -22 -127 72 -128 11 26 94
-21 42 -109 -43 -17 -127 122 60
-46 0 0 0 0 0 0 0
0 0 0 0 0 0 0 0
0 0 0 0 0 0 0 0
0 0 0 0 0 0 0 0
0 0 0 0 0 0 0 0
0 0 0 0 0 0 0 0
0 0 0 0 0 0 0 0
0 0 0 0 0 0 0 0
0 0 0 0 0 0 0 92
-66 11 123 49 63 -12 -25 9
-104 -60 -102 -76 -21 -74 85 78
29 1 78 -128 -113 33 32 125
115 101 69 30 118 -23 47 0
0 114 -70 73 -11 7 126 30
-43 -98 41 -120 -63 -19 85 -120
121 109 -79 -12 -64 -37 -78 48
89 29 -57 -102 95 14 -7 -109
-2 0 0 8 -89 29 -105 -51
-88 1 -39 88 -98 41 -48 -4
-66 -53 -25 -57 -26 85 88 -91
-85 59 36 32 -55 113 127 104
16 35 119 0 0 3 -89 37
122 -125 40 -70 99 1 -125 -117
3 -18 126 59 12 -32 39 -78
-128 -74 -74 -17 -41 71 59 -63
98 -115 56 -98 -43 0 0 -47
23 35 33 6 -104 -94 119 -24
57 -26 73 24 93 -123 112 48
25 68 110 -90 0 -69 78 -55
100 111 50 -100 15 66 -92 0
0 7 81 31 43 -87 79 -100
-2 54 -76 -10 42 120 31 -42
-71 114 -105 -4 -60 -64 17 70
-60 75 96 80 2 122 74 39
126 0 0 38 54 124 -25 125
119 0 -119 -53 44 -76 81 -28
-23 47 69 105 -80 38 -92 4
123 113 75 -89 93 107 62 45
75 -86 32 0 0 1 108 47
34 -86 -86 -20 74 42 124 104
-82 103 79 -19 90 -23 -88 -20
-16 -48 43 -36 64 -65 -84 -3
2 -106 -4 24 44 0 0 -45
94 77 7 83 99 -75 117 -66
29 84 -120 74 -87 34 46 61
75 125 72 -11 -73 85 116 -60
-81 -121 120 -72 -43 -42 -58 0
0 -109 43 -58 -32 123 -27 -42
-23 -107 116 11 43 -61 96 29
21 81 -59 111 91 -127 33 40
-21 -25 121 43 -77 101 -34 82
54 0 0 79 124 -77 45 104
-35 4 56 48 -8 106 20 -112
-75 85 66 20 109 56 24 -85
-44 109 63 -113 -31 -104 -40 -24
-37 -67 3 0 0 19 12 -14
-84 -54 9 63 92 -11 46 95
87 13 -59 45 104 7 -87 -18
16 50 -89 -93 -22 -100 -11 -47
-91 -127 81 -98 -94 0 0 -12
-125 33 43 -39 -127 -30 56 -79
-25 -88 -46 -87 -74 85 47 -36
-1 65 -87 -90 12 79 28 -103
123 114 -75 86 63 -37 -51 0
0 33 78 -11 8 68 -82 -10
-43 45 92 -106 -114 -128 50 101
54 50 9 -95 116 -88 40 115
7 26 29 50 57 -111 -2 -118
-85 0 0 62 97 65 102 -3
-109 93 6 -123 68 66 119 40
104 80 -57 40 -104 87 52 -6
22 -87 -122 -8 78 -77 39 127
-104 -97 20 0 0 18 -93 96
84 -40 96 -37 -84 122 -28 82
22 98 31 50 -110 124 -50 -121
-117 63 74 57 -70 -90 41 86
64 -94 81 42 52 0 0 -58
3 40 -5 -37 76 39 85 -103
-128 -21 34 -3 65 -16 -85 37
110 -21 89 87 -86 115 68 52
71 -35 -127 -105 87 -40 -39 0
0 -59 22 113 -48 -33 112 64
114 67 -31 -97 70 -76 -64 -120
-104 -58 -53 68 -66 117 -27 -57
119 -103 51 -86 5 37 4 124
127 0 0 62 -86 121 -116 -112
57 -59 -115 -117 86 -22 -89 -128
24 -16 27 -9 30 88 92 24
127 -2 -34 -7 52 -18 32 62
-67 110 99 0 0 -42 -81 8
-125 -28 52 78 -68 100 -69 81
59 83 -40 -40 -29 114 -63 76
-44 -121 -42 -84 120 79 -96 -95
-51 1 -125 39 120 0 0 62
-66 -28 102 -101 58 -30 -19 102
47 25 -48 112 -14 127 73 25
64 -113 117 -48 106 125 -28 -121
23 113 -88 -90 -19 -91 -15 0
0 -27 68 98 -42 60 122 -79
-98 123 97 91 -57 77 89 37
31 100 122 49 47 -75 -25 8
-110 84 -103 39 93 -126 104 50
81 0 0 -24 -25 -31 -125 -102
53 -17 88 63 127 127 -15 94
-13 57 -63 -22 -46 -57 43 -59
-70 40 -27 19 -94 85 100 -40
-34 65 0 0 0 88 -19 -81
-8 -124 -64 36 -68 50 55 84
-60 -123 61 78 -106 79 -45 -52
-67 39 -96 57 -98 -44 20 58
-59 74 -40 75 21 0 0 124
-58 65 52 -115 -49 -17 -85 85
-61 93 -119 -74 -40 55 100 124
-6 -73 56 -79 -108 37 53 -67
110 83 -88 -2 -61 -91 3 0
0 84 38 94 -95 -39 41 108
119 -106 101 -62 -71 27 110 115
101 -70 -8 28 60 99 -81 -95
25 -10 74 103 72 81 89 -121
51 0 0 -99 39 41 -108 -95
-15 -8 124 -118 -52 -81 2 96
88 -75 -59 19 0 17 87 -18
84 -70 100 36 12 44 100 -49
37 -10 24 0 0 45 52 -44
-6 60 7 -18 -105 -108 -59 -121
-92 -17 9 69 -103 -95 84 -64
33 -45 73 -126 -112 -2 -41 -67
-70 -14 -103 -6 42 0 0 80
17 -88 -68 -47 122 125 113 101
41 38 76 70 -17 -104 -95 78
69 -119 -91 -26 11 25 -112 -45
-67 -6 23 50 -7 -16 -119 0
0 -86 41 105 103 -102 -9 -10
-86 -66 -117 71 91 32 -3 -98
-42 -99 -96 66 22 47 -88 111
24 -10 115 14 -126 67 -95 -86
-92 0 0 0 24 -78 -90 -73
-116 -3 -113 -102 23 56 93 -112
-46 45 33 118 3 -70 -26 -57
-71 20 -16 88 -62 126 -68 -118
-77 -30 88 0 0 -128 -58 -115
102 -103 -37 -81 -59 109 125 -23
-105 51 54 -104 77 -107 -115 -62
120 41 1 -70 109 -76 0 57
-2 124 -114 -28 7 0 0 0
0 0 0 0 0 0 0 0
0 0 0 0 0 0 0 0
0 0 0 0 0 0 0 0
0 0 0 0 0 0 0 0
