1.500000000e+02 1.510000000e+02 
1.520000000e+02 1.530000000e+02 
1.540000000e+02 1.550000000e+02 
1.620000000e+02 1.630000000e+02 
1.640000000e+02 1.650000000e+02 
1.660000000e+02 1.670000000e+02 
1.740000000e+02 1.750000000e+02 
1.760000000e+02 1.770000000e+02 
1.780000000e+02 1.790000000e+02 
1.860000000e+02 1.870000000e+02 
1.880000000e+02 1.890000000e+02 
1.900000000e+02 1.910000000e+02 
1.980000000e+02 1.990000000e+02 
2.000000000e+02 2.010000000e+02 
2.020000000e+02 2.030000000e+02 
2.100000000e+02 2.110000000e+02 
2.120000000e+02 2.130000000e+02 
2.140000000e+02 2.150000000e+02 
2.220000000e+02 2.230000000e+02 
2.240000000e+02 2.250000000e+02 
2.260000000e+02 2.270000000e+02 
2.340000000e+02 2.350000000e+02 
2.360000000e+02 2.370000000e+02 
2.380000000e+02 2.390000000e+02 
2.460000000e+02 2.470000000e+02 
2.480000000e+02 2.490000000e+02 
2.500000000e+02 2.510000000e+02 
2.580000000e+02 2.590000000e+02 
2.600000000e+02 2.610000000e+02 
2.620000000e+02 2.630000000e+02 
2.700000000e+02 2.710000000e+02 
2.720000000e+02 2.730000000e+02 
2.740000000e+02 2.750000000e+02 
2.820000000e+02 2.830000000e+02 
2.840000000e+02 2.850000000e+02 
2.860000000e+02 2.870000000e+02 
4.380000000e+02 4.390000000e+02 
4.400000000e+02 4.410000000e+02 
4.420000000e+02 4.430000000e+02 
4.500000000e+02 4.510000000e+02 
4.520000000e+02 4.530000000e+02 
4.540000000e+02 4.550000000e+02 
4.620000000e+02 4.630000000e+02 
4.640000000e+02 4.650000000e+02 
4.660000000e+02 4.670000000e+02 
4.740000000e+02 4.750000000e+02 
4.760000000e+02 4.770000000e+02 
4.780000000e+02 4.790000000e+02 
4.860000000e+02 4.870000000e+02 
4.880000000e+02 4.890000000e+02 
4.900000000e+02 4.910000000e+02 
4.980000000e+02 4.990000000e+02 
5.000000000e+02 5.010000000e+02 
5.020000000e+02 5.030000000e+02 
5.100000000e+02 5.110000000e+02 
5.120000000e+02 5.130000000e+02 
5.140000000e+02 5.150000000e+02 
5.220000000e+02 5.230000000e+02 
5.240000000e+02 5.250000000e+02 
5.260000000e+02 5.270000000e+02 
5.340000000e+02 5.350000000e+02 
5.360000000e+02 5.370000000e+02 
5.380000000e+02 5.390000000e+02 
5.460000000e+02 5.470000000e+02 
5.480000000e+02 5.490000000e+02 
5.500000000e+02 5.510000000e+02 
5.580000000e+02 5.590000000e+02 
5.600000000e+02 5.610000000e+02 
5.620000000e+02 5.630000000e+02 
5.700000000e+02 5.710000000e+02 
5.720000000e+02 5.730000000e+02 
5.740000000e+02 5.750000000e+02 
7.260000000e+02 7.270000000e+02 
7.280000000e+02 7.290000000e+02 
7.300000000e+02 7.310000000e+02 
7.380000000e+02 7.390000000e+02 
7.400000000e+02 7.410000000e+02 
7.420000000e+02 7.430000000e+02 
7.500000000e+02 7.510000000e+02 
7.520000000e+02 7.530000000e+02 
7.540000000e+02 7.550000000e+02 
7.620000000e+02 7.630000000e+02 
7.640000000e+02 7.650000000e+02 
7.660000000e+02 7.670000000e+02 
7.740000000e+02 7.750000000e+02 
7.760000000e+02 7.770000000e+02 
7.780000000e+02 7.790000000e+02 
7.860000000e+02 7.870000000e+02 
7.880000000e+02 7.890000000e+02 
7.900000000e+02 7.910000000e+02 
7.980000000e+02 7.990000000e+02 
8.000000000e+02 8.010000000e+02 
8.020000000e+02 8.030000000e+02 
8.100000000e+02 8.110000000e+02 
8.120000000e+02 8.130000000e+02 
8.140000000e+02 8.150000000e+02 
8.220000000e+02 8.230000000e+02 
8.240000000e+02 8.250000000e+02 
8.260000000e+02 8.270000000e+02 
8.340000000e+02 8.350000000e+02 
8.360000000e+02 8.370000000e+02 
8.380000000e+02 8.390000000e+02 
8.460000000e+02 8.470000000e+02 
8.480000000e+02 8.490000000e+02 
8.500000000e+02 8.510000000e+02 
8.580000000e+02 8.590000000e+02 
8.600000000e+02 8.610000000e+02 
8.620000000e+02 8.630000000e+02 
1.014000000e+03 1.015000000e+03 
1.016000000e+03 1.017000000e+03 
1.018000000e+03 1.019000000e+03 
1.026000000e+03 1.027000000e+03 
1.028000000e+03 1.029000000e+03 
1.030000000e+03 1.031000000e+03 
1.038000000e+03 1.039000000e+03 
1.040000000e+03 1.041000000e+03 
1.042000000e+03 1.043000000e+03 
1.050000000e+03 1.051000000e+03 
1.052000000e+03 1.053000000e+03 
1.054000000e+03 1.055000000e+03 
1.062000000e+03 1.063000000e+03 
1.064000000e+03 1.065000000e+03 
1.066000000e+03 1.067000000e+03 
1.074000000e+03 1.075000000e+03 
1.076000000e+03 1.077000000e+03 
1.078000000e+03 1.079000000e+03 
1.086000000e+03 1.087000000e+03 
1.088000000e+03 1.089000000e+03 
1.090000000e+03 1.091000000e+03 
1.098000000e+03 1.099000000e+03 
1.100000000e+03 1.101000000e+03 
1.102000000e+03 1.103000000e+03 
1.110000000e+03 1.111000000e+03 
1.112000000e+03 1.113000000e+03 
1.114000000e+03 1.115000000e+03 
1.122000000e+03 1.123000000e+03 
1.124000000e+03 1.125000000e+03 
1.126000000e+03 1.127000000e+03 
1.134000000e+03 1.135000000e+03 
1.136000000e+03 1.137000000e+03 
1.138000000e+03 1.139000000e+03 
1.146000000e+03 1.147000000e+03 
1.148000000e+03 1.149000000e+03 
1.150000000e+03 1.151000000e+03 
1.302000000e+03 1.303000000e+03 
1.304000000e+03 1.305000000e+03 
1.306000000e+03 1.307000000e+03 
1.314000000e+03 1.315000000e+03 
1.316000000e+03 1.317000000e+03 
1.318000000e+03 1.319000000e+03 
1.326000000e+03 1.327000000e+03 
1.328000000e+03 1.329000000e+03 
1.330000000e+03 1.331000000e+03 
1.338000000e+03 1.339000000e+03 
1.340000000e+03 1.341000000e+03 
1.342000000e+03 1.343000000e+03 
1.350000000e+03 1.351000000e+03 
1.352000000e+03 1.353000000e+03 
1.354000000e+03 1.355000000e+03 
1.362000000e+03 1.363000000e+03 
1.364000000e+03 1.365000000e+03 
1.366000000e+03 1.367000000e+03 
1.374000000e+03 1.375000000e+03 
1.376000000e+03 1.377000000e+03 
1.378000000e+03 1.379000000e+03 
1.386000000e+03 1.387000000e+03 
1.388000000e+03 1.389000000e+03 
1.390000000e+03 1.391000000e+03 
1.398000000e+03 1.399000000e+03 
1.400000000e+03 1.401000000e+03 
1.402000000e+03 1.403000000e+03 
1.410000000e+03 1.411000000e+03 
1.412000000e+03 1.413000000e+03 
1.414000000e+03 1.415000000e+03 
1.422000000e+03 1.423000000e+03 
1.424000000e+03 1.425000000e+03 
1.426000000e+03 1.427000000e+03 
1.434000000e+03 1.435000000e+03 
1.436000000e+03 1.437000000e+03 
1.438000000e+03 1.439000000e+03 
1.590000000e+03 1.591000000e+03 
1.592000000e+03 1.593000000e+03 
1.594000000e+03 1.595000000e+03 
1.602000000e+03 1.603000000e+03 
1.604000000e+03 1.605000000e+03 
1.606000000e+03 1.607000000e+03 
1.614000000e+03 1.615000000e+03 
1.616000000e+03 1.617000000e+03 
1.618000000e+03 1.619000000e+03 
1.626000000e+03 1.627000000e+03 
1.628000000e+03 1.629000000e+03 
1.630000000e+03 1.631000000e+03 
1.638000000e+03 1.639000000e+03 
1.640000000e+03 1.641000000e+03 
1.642000000e+03 1.643000000e+03 
1.650000000e+03 1.651000000e+03 
1.652000000e+03 1.653000000e+03 
1.654000000e+03 1.655000000e+03 
1.662000000e+03 1.663000000e+03 
1.664000000e+03 1.665000000e+03 
1.666000000e+03 1.667000000e+03 
1.674000000e+03 1.675000000e+03 
1.676000000e+03 1.677000000e+03 
1.678000000e+03 1.679000000e+03 
1.686000000e+03 1.687000000e+03 
1.688000000e+03 1.689000000e+03 
1.690000000e+03 1.691000000e+03 
1.698000000e+03 1.699000000e+03 
1.700000000e+03 1.701000000e+03 
1.702000000e+03 1.703000000e+03 
1.710000000e+03 1.711000000e+03 
1.712000000e+03 1.713000000e+03 
1.714000000e+03 1.715000000e+03 
1.722000000e+03 1.723000000e+03 
1.724000000e+03 1.725000000e+03 
1.726000000e+03 1.727000000e+03 
1.878000000e+03 1.879000000e+03 
1.880000000e+03 1.881000000e+03 
1.882000000e+03 1.883000000e+03 
1.890000000e+03 1.891000000e+03 
1.892000000e+03 1.893000000e+03 
1.894000000e+03 1.895000000e+03 
1.902000000e+03 1.903000000e+03 
1.904000000e+03 1.905000000e+03 
1.906000000e+03 1.907000000e+03 
1.914000000e+03 1.915000000e+03 
1.916000000e+03 1.917000000e+03 
1.918000000e+03 1.919000000e+03 
1.926000000e+03 1.927000000e+03 
1.928000000e+03 1.929000000e+03 
1.930000000e+03 1.931000000e+03 
1.938000000e+03 1.939000000e+03 
1.940000000e+03 1.941000000e+03 
1.942000000e+03 1.943000000e+03 
1.950000000e+03 1.951000000e+03 
1.952000000e+03 1.953000000e+03 
1.954000000e+03 1.955000000e+03 
1.962000000e+03 1.963000000e+03 
1.964000000e+03 1.965000000e+03 
1.966000000e+03 1.967000000e+03 
1.974000000e+03 1.975000000e+03 
1.976000000e+03 1.977000000e+03 
1.978000000e+03 1.979000000e+03 
1.986000000e+03 1.987000000e+03 
1.988000000e+03 1.989000000e+03 
1.990000000e+03 1.991000000e+03 
1.998000000e+03 1.999000000e+03 
2.000000000e+03 2.001000000e+03 
2.002000000e+03 2.003000000e+03 
2.010000000e+03 2.011000000e+03 
2.012000000e+03 2.013000000e+03 
2.014000000e+03 2.015000000e+03 
2.166000000e+03 2.167000000e+03 
2.168000000e+03 2.169000000e+03 
2.170000000e+03 2.171000000e+03 
2.178000000e+03 2.179000000e+03 
2.180000000e+03 2.181000000e+03 
2.182000000e+03 2.183000000e+03 
2.190000000e+03 2.191000000e+03 
2.192000000e+03 2.193000000e+03 
2.194000000e+03 2.195000000e+03 
2.202000000e+03 2.203000000e+03 
2.204000000e+03 2.205000000e+03 
2.206000000e+03 2.207000000e+03 
2.214000000e+03 2.215000000e+03 
2.216000000e+03 2.217000000e+03 
2.218000000e+03 2.219000000e+03 
2.226000000e+03 2.227000000e+03 
2.228000000e+03 2.229000000e+03 
2.230000000e+03 2.231000000e+03 
2.238000000e+03 2.239000000e+03 
2.240000000e+03 2.241000000e+03 
2.242000000e+03 2.243000000e+03 
2.250000000e+03 2.251000000e+03 
2.252000000e+03 2.253000000e+03 
2.254000000e+03 2.255000000e+03 
2.262000000e+03 2.263000000e+03 
2.264000000e+03 2.265000000e+03 
2.266000000e+03 2.267000000e+03 
2.274000000e+03 2.275000000e+03 
2.276000000e+03 2.277000000e+03 
2.278000000e+03 2.279000000e+03 
2.286000000e+03 2.287000000e+03 
2.288000000e+03 2.289000000e+03 
2.290000000e+03 2.291000000e+03 
2.298000000e+03 2.299000000e+03 
2.300000000e+03 2.301000000e+03 
2.302000000e+03 2.303000000e+03 
2.454000000e+03 2.455000000e+03 
2.456000000e+03 2.457000000e+03 
2.458000000e+03 2.459000000e+03 
2.466000000e+03 2.467000000e+03 
2.468000000e+03 2.469000000e+03 
2.470000000e+03 2.471000000e+03 
2.478000000e+03 2.479000000e+03 
2.480000000e+03 2.481000000e+03 
2.482000000e+03 2.483000000e+03 
2.490000000e+03 2.491000000e+03 
2.492000000e+03 2.493000000e+03 
2.494000000e+03 2.495000000e+03 
2.502000000e+03 2.503000000e+03 
2.504000000e+03 2.505000000e+03 
2.506000000e+03 2.507000000e+03 
2.514000000e+03 2.515000000e+03 
2.516000000e+03 2.517000000e+03 
2.518000000e+03 2.519000000e+03 
2.526000000e+03 2.527000000e+03 
2.528000000e+03 2.529000000e+03 
2.530000000e+03 2.531000000e+03 
2.538000000e+03 2.539000000e+03 
2.540000000e+03 2.541000000e+03 
2.542000000e+03 2.543000000e+03 
2.550000000e+03 2.551000000e+03 
2.552000000e+03 2.553000000e+03 
2.554000000e+03 2.555000000e+03 
2.562000000e+03 2.563000000e+03 
2.564000000e+03 2.565000000e+03 
2.566000000e+03 2.567000000e+03 
2.574000000e+03 2.575000000e+03 
2.576000000e+03 2.577000000e+03 
2.578000000e+03 2.579000000e+03 
2.586000000e+03 2.587000000e+03 
2.588000000e+03 2.589000000e+03 
2.590000000e+03 2.591000000e+03 
2.742000000e+03 2.743000000e+03 
2.744000000e+03 2.745000000e+03 
2.746000000e+03 2.747000000e+03 
2.754000000e+03 2.755000000e+03 
2.756000000e+03 2.757000000e+03 
2.758000000e+03 2.759000000e+03 
2.766000000e+03 2.767000000e+03 
2.768000000e+03 2.769000000e+03 
2.770000000e+03 2.771000000e+03 
2.778000000e+03 2.779000000e+03 
2.780000000e+03 2.781000000e+03 
2.782000000e+03 2.783000000e+03 
2.790000000e+03 2.791000000e+03 
2.792000000e+03 2.793000000e+03 
2.794000000e+03 2.795000000e+03 
2.802000000e+03 2.803000000e+03 
2.804000000e+03 2.805000000e+03 
2.806000000e+03 2.807000000e+03 
2.814000000e+03 2.815000000e+03 
2.816000000e+03 2.817000000e+03 
2.818000000e+03 2.819000000e+03 
2.826000000e+03 2.827000000e+03 
2.828000000e+03 2.829000000e+03 
2.830000000e+03 2.831000000e+03 
2.838000000e+03 2.839000000e+03 
2.840000000e+03 2.841000000e+03 
2.842000000e+03 2.843000000e+03 
2.850000000e+03 2.851000000e+03 
2.852000000e+03 2.853000000e+03 
2.854000000e+03 2.855000000e+03 
2.862000000e+03 2.863000000e+03 
2.864000000e+03 2.865000000e+03 
2.866000000e+03 2.867000000e+03 
2.874000000e+03 2.875000000e+03 
2.876000000e+03 2.877000000e+03 
2.878000000e+03 2.879000000e+03 
3.030000000e+03 3.031000000e+03 
3.032000000e+03 3.033000000e+03 
3.034000000e+03 3.035000000e+03 
3.042000000e+03 3.043000000e+03 
3.044000000e+03 3.045000000e+03 
3.046000000e+03 3.047000000e+03 
3.054000000e+03 3.055000000e+03 
3.056000000e+03 3.057000000e+03 
3.058000000e+03 3.059000000e+03 
3.066000000e+03 3.067000000e+03 
3.068000000e+03 3.069000000e+03 
3.070000000e+03 3.071000000e+03 
3.078000000e+03 3.079000000e+03 
3.080000000e+03 3.081000000e+03 
3.082000000e+03 3.083000000e+03 
3.090000000e+03 3.091000000e+03 
3.092000000e+03 3.093000000e+03 
3.094000000e+03 3.095000000e+03 
3.102000000e+03 3.103000000e+03 
3.104000000e+03 3.105000000e+03 
3.106000000e+03 3.107000000e+03 
3.114000000e+03 3.115000000e+03 
3.116000000e+03 3.117000000e+03 
3.118000000e+03 3.119000000e+03 
3.126000000e+03 3.127000000e+03 
3.128000000e+03 3.129000000e+03 
3.130000000e+03 3.131000000e+03 
3.138000000e+03 3.139000000e+03 
3.140000000e+03 3.141000000e+03 
3.142000000e+03 3.143000000e+03 
3.150000000e+03 3.151000000e+03 
3.152000000e+03 3.153000000e+03 
3.154000000e+03 3.155000000e+03 
3.162000000e+03 3.163000000e+03 
3.164000000e+03 3.165000000e+03 
3.166000000e+03 3.167000000e+03 
3.318000000e+03 3.319000000e+03 
3.320000000e+03 3.321000000e+03 
3.322000000e+03 3.323000000e+03 
3.330000000e+03 3.331000000e+03 
3.332000000e+03 3.333000000e+03 
3.334000000e+03 3.335000000e+03 
3.342000000e+03 3.343000000e+03 
3.344000000e+03 3.345000000e+03 
3.346000000e+03 3.347000000e+03 
3.354000000e+03 3.355000000e+03 
3.356000000e+03 3.357000000e+03 
3.358000000e+03 3.359000000e+03 
3.366000000e+03 3.367000000e+03 
3.368000000e+03 3.369000000e+03 
3.370000000e+03 3.371000000e+03 
3.378000000e+03 3.379000000e+03 
3.380000000e+03 3.381000000e+03 
3.382000000e+03 3.383000000e+03 
3.390000000e+03 3.391000000e+03 
3.392000000e+03 3.393000000e+03 
3.394000000e+03 3.395000000e+03 
3.402000000e+03 3.403000000e+03 
3.404000000e+03 3.405000000e+03 
3.406000000e+03 3.407000000e+03 
3.414000000e+03 3.415000000e+03 
3.416000000e+03 3.417000000e+03 
3.418000000e+03 3.419000000e+03 
3.426000000e+03 3.427000000e+03 
3.428000000e+03 3.429000000e+03 
3.430000000e+03 3.431000000e+03 
3.438000000e+03 3.439000000e+03 
3.440000000e+03 3.441000000e+03 
3.442000000e+03 3.443000000e+03 
3.450000000e+03 3.451000000e+03 
3.452000000e+03 3.453000000e+03 
3.454000000e+03 3.455000000e+03 
