2.500000000e+01 2.700000000e+01
2.900000000e+01 3.100000000e+01
3.300000000e+01 3.500000000e+01
3.700000000e+01 3.900000000e+01
4.100000000e+01 4.300000000e+01
4.500000000e+01 4.700000000e+01
7.300000000e+01 7.500000000e+01
7.700000000e+01 7.900000000e+01
8.100000000e+01 8.300000000e+01
8.500000000e+01 8.700000000e+01
8.900000000e+01 9.100000000e+01
9.300000000e+01 9.500000000e+01
1.210000000e+02 1.230000000e+02
1.250000000e+02 1.270000000e+02
1.290000000e+02 1.310000000e+02
1.330000000e+02 1.350000000e+02
1.370000000e+02 1.390000000e+02
1.410000000e+02 1.430000000e+02
1.690000000e+02 1.710000000e+02
1.730000000e+02 1.750000000e+02
1.770000000e+02 1.790000000e+02
1.810000000e+02 1.830000000e+02
1.850000000e+02 1.870000000e+02
1.890000000e+02 1.910000000e+02
2.170000000e+02 2.190000000e+02
2.210000000e+02 2.230000000e+02
2.250000000e+02 2.270000000e+02
2.290000000e+02 2.310000000e+02
2.330000000e+02 2.350000000e+02
2.370000000e+02 2.390000000e+02
2.650000000e+02 2.670000000e+02
2.690000000e+02 2.710000000e+02
2.730000000e+02 2.750000000e+02
2.770000000e+02 2.790000000e+02
2.810000000e+02 2.830000000e+02
2.850000000e+02 2.870000000e+02
3.130000000e+02 3.150000000e+02
3.170000000e+02 3.190000000e+02
3.210000000e+02 3.230000000e+02
3.250000000e+02 3.270000000e+02
3.290000000e+02 3.310000000e+02
3.330000000e+02 3.350000000e+02
3.610000000e+02 3.630000000e+02
3.650000000e+02 3.670000000e+02
3.690000000e+02 3.710000000e+02
3.730000000e+02 3.750000000e+02
3.770000000e+02 3.790000000e+02
3.810000000e+02 3.830000000e+02
4.090000000e+02 4.110000000e+02
4.130000000e+02 4.150000000e+02
4.170000000e+02 4.190000000e+02
4.210000000e+02 4.230000000e+02
4.250000000e+02 4.270000000e+02
4.290000000e+02 4.310000000e+02
4.570000000e+02 4.590000000e+02
4.610000000e+02 4.630000000e+02
4.650000000e+02 4.670000000e+02
4.690000000e+02 4.710000000e+02
4.730000000e+02 4.750000000e+02
4.770000000e+02 4.790000000e+02
5.050000000e+02 5.070000000e+02
5.090000000e+02 5.110000000e+02
5.130000000e+02 5.150000000e+02
5.170000000e+02 5.190000000e+02
5.210000000e+02 5.230000000e+02
5.250000000e+02 5.270000000e+02
5.530000000e+02 5.550000000e+02
5.570000000e+02 5.590000000e+02
5.610000000e+02 5.630000000e+02
5.650000000e+02 5.670000000e+02
5.690000000e+02 5.710000000e+02
5.730000000e+02 5.750000000e+02
6.010000000e+02 6.030000000e+02
6.050000000e+02 6.070000000e+02
6.090000000e+02 6.110000000e+02
6.130000000e+02 6.150000000e+02
6.170000000e+02 6.190000000e+02
6.210000000e+02 6.230000000e+02
6.490000000e+02 6.510000000e+02
6.530000000e+02 6.550000000e+02
6.570000000e+02 6.590000000e+02
6.610000000e+02 6.630000000e+02
6.650000000e+02 6.670000000e+02
6.690000000e+02 6.710000000e+02
6.970000000e+02 6.990000000e+02
7.010000000e+02 7.030000000e+02
7.050000000e+02 7.070000000e+02
7.090000000e+02 7.110000000e+02
7.130000000e+02 7.150000000e+02
7.170000000e+02 7.190000000e+02
7.450000000e+02 7.470000000e+02
7.490000000e+02 7.510000000e+02
7.530000000e+02 7.550000000e+02
7.570000000e+02 7.590000000e+02
7.610000000e+02 7.630000000e+02
7.650000000e+02 7.670000000e+02
7.930000000e+02 7.950000000e+02
7.970000000e+02 7.990000000e+02
8.010000000e+02 8.030000000e+02
8.050000000e+02 8.070000000e+02
8.090000000e+02 8.110000000e+02
8.130000000e+02 8.150000000e+02
8.410000000e+02 8.430000000e+02
8.450000000e+02 8.470000000e+02
8.490000000e+02 8.510000000e+02
8.530000000e+02 8.550000000e+02
8.570000000e+02 8.590000000e+02
8.610000000e+02 8.630000000e+02
8.890000000e+02 8.910000000e+02
8.930000000e+02 8.950000000e+02
8.970000000e+02 8.990000000e+02
9.010000000e+02 9.030000000e+02
9.050000000e+02 9.070000000e+02
9.090000000e+02 9.110000000e+02
9.370000000e+02 9.390000000e+02
9.410000000e+02 9.430000000e+02
9.450000000e+02 9.470000000e+02
9.490000000e+02 9.510000000e+02
9.530000000e+02 9.550000000e+02
9.570000000e+02 9.590000000e+02
9.850000000e+02 9.870000000e+02
9.890000000e+02 9.910000000e+02
9.930000000e+02 9.950000000e+02
9.970000000e+02 9.990000000e+02
1.001000000e+03 1.003000000e+03
1.005000000e+03 1.007000000e+03
1.033000000e+03 1.035000000e+03
1.037000000e+03 1.039000000e+03
1.041000000e+03 1.043000000e+03
1.045000000e+03 1.047000000e+03
1.049000000e+03 1.051000000e+03
1.053000000e+03 1.055000000e+03
1.081000000e+03 1.083000000e+03
1.085000000e+03 1.087000000e+03
1.089000000e+03 1.091000000e+03
1.093000000e+03 1.095000000e+03
1.097000000e+03 1.099000000e+03
1.101000000e+03 1.103000000e+03
1.129000000e+03 1.131000000e+03
1.133000000e+03 1.135000000e+03
1.137000000e+03 1.139000000e+03
1.141000000e+03 1.143000000e+03
1.145000000e+03 1.147000000e+03
1.149000000e+03 1.151000000e+03
1.177000000e+03 1.179000000e+03
1.181000000e+03 1.183000000e+03
1.185000000e+03 1.187000000e+03
1.189000000e+03 1.191000000e+03
1.193000000e+03 1.195000000e+03
1.197000000e+03 1.199000000e+03
1.225000000e+03 1.227000000e+03
1.229000000e+03 1.231000000e+03
1.233000000e+03 1.235000000e+03
1.237000000e+03 1.239000000e+03
1.241000000e+03 1.243000000e+03
1.245000000e+03 1.247000000e+03
1.273000000e+03 1.275000000e+03
1.277000000e+03 1.279000000e+03
1.281000000e+03 1.283000000e+03
1.285000000e+03 1.287000000e+03
1.289000000e+03 1.291000000e+03
1.293000000e+03 1.295000000e+03
1.321000000e+03 1.323000000e+03
1.325000000e+03 1.327000000e+03
1.329000000e+03 1.331000000e+03
1.333000000e+03 1.335000000e+03
1.337000000e+03 1.339000000e+03
1.341000000e+03 1.343000000e+03
1.369000000e+03 1.371000000e+03
1.373000000e+03 1.375000000e+03
1.377000000e+03 1.379000000e+03
1.381000000e+03 1.383000000e+03
1.385000000e+03 1.387000000e+03
1.389000000e+03 1.391000000e+03
1.417000000e+03 1.419000000e+03
1.421000000e+03 1.423000000e+03
1.425000000e+03 1.427000000e+03
1.429000000e+03 1.431000000e+03
1.433000000e+03 1.435000000e+03
1.437000000e+03 1.439000000e+03
1.465000000e+03 1.467000000e+03
1.469000000e+03 1.471000000e+03
1.473000000e+03 1.475000000e+03
1.477000000e+03 1.479000000e+03
1.481000000e+03 1.483000000e+03
1.485000000e+03 1.487000000e+03
1.513000000e+03 1.515000000e+03
1.517000000e+03 1.519000000e+03
1.521000000e+03 1.523000000e+03
1.525000000e+03 1.527000000e+03
1.529000000e+03 1.531000000e+03
1.533000000e+03 1.535000000e+03
1.561000000e+03 1.563000000e+03
1.565000000e+03 1.567000000e+03
1.569000000e+03 1.571000000e+03
1.573000000e+03 1.575000000e+03
1.577000000e+03 1.579000000e+03
1.581000000e+03 1.583000000e+03
1.609000000e+03 1.611000000e+03
1.613000000e+03 1.615000000e+03
1.617000000e+03 1.619000000e+03
1.621000000e+03 1.623000000e+03
1.625000000e+03 1.627000000e+03
1.629000000e+03 1.631000000e+03
1.657000000e+03 1.659000000e+03
1.661000000e+03 1.663000000e+03
1.665000000e+03 1.667000000e+03
1.669000000e+03 1.671000000e+03
1.673000000e+03 1.675000000e+03
1.677000000e+03 1.679000000e+03
1.705000000e+03 1.707000000e+03
1.709000000e+03 1.711000000e+03
1.713000000e+03 1.715000000e+03
1.717000000e+03 1.719000000e+03
1.721000000e+03 1.723000000e+03
1.725000000e+03 1.727000000e+03
1.753000000e+03 1.755000000e+03
1.757000000e+03 1.759000000e+03
1.761000000e+03 1.763000000e+03
1.765000000e+03 1.767000000e+03
1.769000000e+03 1.771000000e+03
1.773000000e+03 1.775000000e+03
1.801000000e+03 1.803000000e+03
1.805000000e+03 1.807000000e+03
1.809000000e+03 1.811000000e+03
1.813000000e+03 1.815000000e+03
1.817000000e+03 1.819000000e+03
1.821000000e+03 1.823000000e+03
1.849000000e+03 1.851000000e+03
1.853000000e+03 1.855000000e+03
1.857000000e+03 1.859000000e+03
1.861000000e+03 1.863000000e+03
1.865000000e+03 1.867000000e+03
1.869000000e+03 1.871000000e+03
1.897000000e+03 1.899000000e+03
1.901000000e+03 1.903000000e+03
1.905000000e+03 1.907000000e+03
1.909000000e+03 1.911000000e+03
1.913000000e+03 1.915000000e+03
1.917000000e+03 1.919000000e+03
1.945000000e+03 1.947000000e+03
1.949000000e+03 1.951000000e+03
1.953000000e+03 1.955000000e+03
1.957000000e+03 1.959000000e+03
1.961000000e+03 1.963000000e+03
1.965000000e+03 1.967000000e+03
1.993000000e+03 1.995000000e+03
1.997000000e+03 1.999000000e+03
2.001000000e+03 2.003000000e+03
2.005000000e+03 2.007000000e+03
2.009000000e+03 2.011000000e+03
2.013000000e+03 2.015000000e+03
2.041000000e+03 2.043000000e+03
2.045000000e+03 2.047000000e+03
2.049000000e+03 2.051000000e+03
2.053000000e+03 2.055000000e+03
2.057000000e+03 2.059000000e+03
2.061000000e+03 2.063000000e+03
2.089000000e+03 2.091000000e+03
2.093000000e+03 2.095000000e+03
2.097000000e+03 2.099000000e+03
2.101000000e+03 2.103000000e+03
2.105000000e+03 2.107000000e+03
2.109000000e+03 2.111000000e+03
2.137000000e+03 2.139000000e+03
2.141000000e+03 2.143000000e+03
2.145000000e+03 2.147000000e+03
2.149000000e+03 2.151000000e+03
2.153000000e+03 2.155000000e+03
2.157000000e+03 2.159000000e+03
2.185000000e+03 2.187000000e+03
2.189000000e+03 2.191000000e+03
2.193000000e+03 2.195000000e+03
2.197000000e+03 2.199000000e+03
2.201000000e+03 2.203000000e+03
2.205000000e+03 2.207000000e+03
2.233000000e+03 2.235000000e+03
2.237000000e+03 2.239000000e+03
2.241000000e+03 2.243000000e+03
2.245000000e+03 2.247000000e+03
2.249000000e+03 2.251000000e+03
2.253000000e+03 2.255000000e+03
2.281000000e+03 2.283000000e+03
2.285000000e+03 2.287000000e+03
2.289000000e+03 2.291000000e+03
2.293000000e+03 2.295000000e+03
2.297000000e+03 2.299000000e+03
2.301000000e+03 2.303000000e+03
2.329000000e+03 2.331000000e+03
2.333000000e+03 2.335000000e+03
2.337000000e+03 2.339000000e+03
2.341000000e+03 2.343000000e+03
2.345000000e+03 2.347000000e+03
2.349000000e+03 2.351000000e+03
2.377000000e+03 2.379000000e+03
2.381000000e+03 2.383000000e+03
2.385000000e+03 2.387000000e+03
2.389000000e+03 2.391000000e+03
2.393000000e+03 2.395000000e+03
2.397000000e+03 2.399000000e+03
2.425000000e+03 2.427000000e+03
2.429000000e+03 2.431000000e+03
2.433000000e+03 2.435000000e+03
2.437000000e+03 2.439000000e+03
2.441000000e+03 2.443000000e+03
2.445000000e+03 2.447000000e+03
2.473000000e+03 2.475000000e+03
2.477000000e+03 2.479000000e+03
2.481000000e+03 2.483000000e+03
2.485000000e+03 2.487000000e+03
2.489000000e+03 2.491000000e+03
2.493000000e+03 2.495000000e+03
2.521000000e+03 2.523000000e+03
2.525000000e+03 2.527000000e+03
2.529000000e+03 2.531000000e+03
2.533000000e+03 2.535000000e+03
2.537000000e+03 2.539000000e+03
2.541000000e+03 2.543000000e+03
2.569000000e+03 2.571000000e+03
2.573000000e+03 2.575000000e+03
2.577000000e+03 2.579000000e+03
2.581000000e+03 2.583000000e+03
2.585000000e+03 2.587000000e+03
2.589000000e+03 2.591000000e+03
2.617000000e+03 2.619000000e+03
2.621000000e+03 2.623000000e+03
2.625000000e+03 2.627000000e+03
2.629000000e+03 2.631000000e+03
2.633000000e+03 2.635000000e+03
2.637000000e+03 2.639000000e+03
2.665000000e+03 2.667000000e+03
2.669000000e+03 2.671000000e+03
2.673000000e+03 2.675000000e+03
2.677000000e+03 2.679000000e+03
2.681000000e+03 2.683000000e+03
2.685000000e+03 2.687000000e+03
2.713000000e+03 2.715000000e+03
2.717000000e+03 2.719000000e+03
2.721000000e+03 2.723000000e+03
2.725000000e+03 2.727000000e+03
2.729000000e+03 2.731000000e+03
2.733000000e+03 2.735000000e+03
2.761000000e+03 2.763000000e+03
2.765000000e+03 2.767000000e+03
2.769000000e+03 2.771000000e+03
2.773000000e+03 2.775000000e+03
2.777000000e+03 2.779000000e+03
2.781000000e+03 2.783000000e+03
2.809000000e+03 2.811000000e+03
2.813000000e+03 2.815000000e+03
2.817000000e+03 2.819000000e+03
2.821000000e+03 2.823000000e+03
2.825000000e+03 2.827000000e+03
2.829000000e+03 2.831000000e+03
2.857000000e+03 2.859000000e+03
2.861000000e+03 2.863000000e+03
2.865000000e+03 2.867000000e+03
2.869000000e+03 2.871000000e+03
2.873000000e+03 2.875000000e+03
2.877000000e+03 2.879000000e+03
2.905000000e+03 2.907000000e+03
2.909000000e+03 2.911000000e+03
2.913000000e+03 2.915000000e+03
2.917000000e+03 2.919000000e+03
2.921000000e+03 2.923000000e+03
2.925000000e+03 2.927000000e+03
2.953000000e+03 2.955000000e+03
2.957000000e+03 2.959000000e+03
2.961000000e+03 2.963000000e+03
2.965000000e+03 2.967000000e+03
2.969000000e+03 2.971000000e+03
2.973000000e+03 2.975000000e+03
3.001000000e+03 3.003000000e+03
3.005000000e+03 3.007000000e+03
3.009000000e+03 3.011000000e+03
3.013000000e+03 3.015000000e+03
3.017000000e+03 3.019000000e+03
3.021000000e+03 3.023000000e+03
3.049000000e+03 3.051000000e+03
3.053000000e+03 3.055000000e+03
3.057000000e+03 3.059000000e+03
3.061000000e+03 3.063000000e+03
3.065000000e+03 3.067000000e+03
3.069000000e+03 3.071000000e+03
3.097000000e+03 3.099000000e+03
3.101000000e+03 3.103000000e+03
3.105000000e+03 3.107000000e+03
3.109000000e+03 3.111000000e+03
3.113000000e+03 3.115000000e+03
3.117000000e+03 3.119000000e+03
3.145000000e+03 3.147000000e+03
3.149000000e+03 3.151000000e+03
3.153000000e+03 3.155000000e+03
3.157000000e+03 3.159000000e+03
3.161000000e+03 3.163000000e+03
3.165000000e+03 3.167000000e+03
3.193000000e+03 3.195000000e+03
3.197000000e+03 3.199000000e+03
3.201000000e+03 3.203000000e+03
3.205000000e+03 3.207000000e+03
3.209000000e+03 3.211000000e+03
3.213000000e+03 3.215000000e+03
3.241000000e+03 3.243000000e+03
3.245000000e+03 3.247000000e+03
3.249000000e+03 3.251000000e+03
3.253000000e+03 3.255000000e+03
3.257000000e+03 3.259000000e+03
3.261000000e+03 3.263000000e+03
3.289000000e+03 3.291000000e+03
3.293000000e+03 3.295000000e+03
3.297000000e+03 3.299000000e+03
3.301000000e+03 3.303000000e+03
3.305000000e+03 3.307000000e+03
3.309000000e+03 3.311000000e+03
3.337000000e+03 3.339000000e+03
3.341000000e+03 3.343000000e+03
3.345000000e+03 3.347000000e+03
3.349000000e+03 3.351000000e+03
3.353000000e+03 3.355000000e+03
3.357000000e+03 3.359000000e+03
3.385000000e+03 3.387000000e+03
3.389000000e+03 3.391000000e+03
3.393000000e+03 3.395000000e+03
3.397000000e+03 3.399000000e+03
3.401000000e+03 3.403000000e+03
3.405000000e+03 3.407000000e+03
3.433000000e+03 3.435000000e+03
3.437000000e+03 3.439000000e+03
3.441000000e+03 3.443000000e+03
3.445000000e+03 3.447000000e+03
3.449000000e+03 3.451000000e+03
3.453000000e+03 3.455000000e+03
