5.055495501e-01 5.589171648e-01
5.015147924e-01 5.920373797e-01
5.929221511e-01 4.892612994e-01
6.806676984e-01 4.459334314e-01
4.123445153e-01 6.015064120e-01
7.787953615e-01 3.953293562e-01
5.651864409e-01 4.468124211e-01
3.733555377e-01 1.962635517e-01
4.096615314e-01 3.668389916e-01
2.753339410e-01 3.529252708e-01
5.176375508e-01 4.760184586e-01
4.455420971e-01 4.794270396e-01
4.582998157e-01 6.084273458e-01
4.945181906e-01 5.045376420e-01
4.437904060e-01 5.527694821e-01
4.023967385e-01 6.135929227e-01
5.561105609e-01 5.734562874e-01
6.816211343e-01 7.255138159e-01
6.029257178e-01 3.987710178e-01
4.829016328e-01 5.087991953e-01
5.128713846e-01 4.270203710e-01
5.406481028e-01 3.228679299e-01
6.747878790e-01 6.784951687e-01
7.183479667e-01 2.449392378e-01
4.585115910e-01 6.623438001e-01
4.958509207e-01 3.910086751e-01
5.366417170e-01 3.650878370e-01
4.425387084e-01 4.000858068e-01
4.942784309e-01 4.598478675e-01
4.410364628e-01 4.108606577e-01
6.091142297e-01 3.793968558e-01
4.156255722e-01 6.506754160e-01
4.831582904e-01 6.192662716e-01
8.136422634e-01 6.229695082e-01
5.696580410e-01 4.712993801e-01
2.091242671e-01 6.015396118e-01
3.264972866e-01 3.557249606e-01
4.974684715e-01 5.808078647e-01
3.404616714e-01 5.726817846e-01
5.997153521e-01 4.482883215e-01
3.257302642e-01 2.889028192e-01
3.727167845e-01 6.184076071e-01
4.310876429e-01 4.652847350e-01
4.771381319e-01 4.069152772e-01
6.177054644e-01 4.632469118e-01
7.324540615e-01 2.703729272e-01
6.739943624e-01 5.666732788e-01
4.303506613e-01 7.191767693e-01
5.942875147e-01 3.548350036e-01
3.368369341e-01 2.402743399e-01
3.127034605e-01 4.315629601e-01
6.691692472e-01 1.933923364e-01
6.149045229e-01 5.249076486e-01
5.988209844e-01 3.658420444e-01
4.150117338e-01 6.384567022e-01
3.733082712e-01 5.611289740e-01
3.997156918e-01 4.311835766e-01
4.145193398e-01 8.113577366e-01
8.438018560e-01 7.448855042e-01
5.057166815e-01 6.576488018e-01
4.053325057e-01 3.702124953e-01
3.587962985e-01 4.328244328e-01
7.338228226e-01 5.499917269e-01
4.625290632e-01 5.948020816e-01
4.208838344e-01 3.737129569e-01
2.659946978e-01 6.820535660e-01
3.643562198e-01 2.879416049e-01
3.848400116e-01 4.589271545e-01
5.061744452e-01 8.682960272e-01
5.187421441e-01 6.634546518e-01
6.944564581e-01 6.164944172e-01
3.519196808e-01 5.350636840e-01
3.873547018e-01 5.244565606e-01
4.765609503e-01 2.597909570e-01
4.565755427e-01 2.233892828e-01
5.181861520e-01 5.195354819e-01
6.129313707e-01 6.747358441e-01
4.765344262e-01 7.021021843e-01
7.063349485e-01 6.354173422e-01
2.234415561e-01 3.056633770e-01
3.851831555e-01 7.922114134e-01
3.762889802e-01 4.309150875e-01
6.468968391e-01 5.998324156e-01
4.702743888e-01 5.431544185e-01
2.235649228e-01 7.091886401e-01
4.648362696e-01 1.703389138e-01
2.619567811e-01 2.745984495e-01
4.094934165e-01 5.149516463e-01
5.730763674e-01 3.123306036e-01
4.750946760e-01 5.050508976e-01
5.931174159e-01 6.315401196e-01
6.862416863e-01 6.320094466e-01
6.438518167e-01 5.055145025e-01
2.497796118e-01 4.359071851e-01
5.297501683e-01 2.644787729e-01
7.108106613e-01 3.877679706e-01
6.179964542e-01 7.072558999e-01
2.541201413e-01 4.876562655e-01
4.066874981e-01 6.020289660e-01
5.210943818e-01 7.417895794e-01
4.815767705e-01 3.396619558e-01
4.238126278e-01 2.849090397e-01
2.942799628e-01 5.491725802e-01
4.609122276e-01 4.079927206e-01
5.074491501e-01 6.750185490e-01
4.153376222e-01 5.878342390e-01
5.064685941e-01 4.476586282e-01
7.061585784e-01 4.076022506e-01
6.427155137e-01 3.331124783e-01
5.954160690e-01 5.509569645e-01
5.883654356e-01 3.953848183e-01
4.873637557e-01 4.793882072e-01
7.030084133e-01 4.528706968e-01
3.578478396e-01 6.158776879e-01
3.815146983e-01 6.435309649e-01
2.695015669e-01 4.616248608e-01
4.701795578e-01 6.101829410e-01
7.311193347e-01 4.889031053e-01
3.607947826e-01 3.678436875e-01
3.587604165e-01 7.596663833e-01
5.644144416e-01 5.695699453e-01
4.059737921e-01 3.868531585e-01
4.211965799e-01 4.364606738e-01
7.247018218e-01 5.257139206e-01
3.570250273e-01 5.199588537e-01
6.626199484e-01 4.584644139e-01
7.717162371e-01 4.397935569e-01
3.159834743e-01 2.714171410e-01
2.979211211e-01 6.740323305e-01
3.276807070e-01 7.733833194e-01
7.677880526e-01 2.387274206e-01
4.662594199e-01 3.990102112e-01
5.685690641e-01 5.953724384e-01
6.505912542e-01 1.901067644e-01
5.080935359e-01 3.727735877e-01
6.627382040e-01 4.503920972e-01
3.620845675e-01 4.919772148e-01
6.162464619e-01 5.635482073e-01
6.199297905e-01 1.965100467e-01
5.493083596e-01 3.864083290e-01
5.494557023e-01 4.563966691e-01
2.644267380e-01 6.568850279e-01
4.759654999e-01 4.639775157e-01
6.712835431e-01 5.624440312e-01
2.881491482e-01 7.089995146e-01
6.972540617e-01 4.564231336e-01
3.683691025e-01 6.687788963e-01
4.791280031e-01 6.884295940e-01
5.920013785e-01 4.069755673e-01
5.073395967e-01 5.249671936e-01
6.083845496e-01 7.410486341e-01
4.418053627e-01 4.136568010e-01
3.434707522e-01 3.217774034e-01
4.811141193e-01 3.195243180e-01
1.914069057e-01 6.143193245e-01
8.392043114e-01 5.481625795e-01
6.519603729e-01 7.193552852e-01
6.113294959e-01 5.167194605e-01
5.868932605e-01 4.334407449e-01
5.731846094e-01 3.759567440e-01
5.791637301e-01 6.219553947e-01
6.885570288e-01 3.303849101e-01
3.662000299e-01 3.631649911e-01
7.127467990e-01 5.641859770e-01
6.433068514e-01 3.954961300e-01
7.591022849e-01 4.580887556e-01
4.648920000e-01 5.078154206e-01
6.600080729e-01 8.553624153e-01
7.321330905e-01 4.745265841e-01
5.202210546e-01 3.757178187e-01
4.415265918e-01 2.867559791e-01
2.953915596e-01 6.932682395e-01
6.294084191e-01 4.564524591e-01
4.256179035e-01 4.897839427e-01
4.045655131e-01 6.161409616e-01
4.385575354e-01 5.257669687e-01
3.082359135e-01 6.092436314e-01
8.451750278e-01 1.617080569e-01
5.351773500e-01 5.060734749e-01
5.406298637e-01 4.766051471e-01
5.170785189e-01 4.044249952e-01
4.758436680e-01 5.690013766e-01
6.871840358e-01 5.286906958e-01
6.132034659e-01 6.056162715e-01
3.534569740e-01 5.593601465e-01
8.792335987e-01 6.524347663e-01
4.335709810e-01 5.552867651e-01
6.899371147e-01 5.775579810e-01
4.591319561e-01 3.919114769e-01
7.406440377e-01 3.561006188e-01
7.370927334e-01 6.091853380e-01
6.296015978e-01 3.630048633e-01
7.434647083e-01 4.169326425e-01
5.217973590e-01 1.574830115e-01
3.931035399e-01 6.905387044e-01
4.610209465e-01 4.659499526e-01
5.649577379e-01 5.915606618e-01
5.088790059e-01 8.949587345e-01
7.409424186e-01 4.310640991e-01
4.765728712e-01 7.581603527e-01
3.881255984e-01 2.853031754e-01
4.265784323e-01 5.494961143e-01
7.382627726e-01 7.250685692e-01
7.032368183e-01 4.866394997e-01
3.107796013e-01 5.922881365e-01
4.396054745e-01 6.249550581e-01
3.931415081e-01 5.169020891e-01
5.049363971e-01 6.248054504e-01
3.825636208e-01 5.332927704e-01
3.904176950e-01 4.043802321e-01
5.816840529e-01 3.831682801e-01
4.591391683e-01 4.099481404e-01
5.332715511e-01 3.714925051e-01
5.390003920e-01 4.658446908e-01
6.026211381e-01 3.703869581e-01
6.523614526e-01 3.339266181e-01
4.276829958e-01 2.246239930e-01
5.734996796e-01 3.696091771e-01
6.199492216e-01 4.325940609e-01
6.234796643e-01 6.355870366e-01
6.850898266e-01 3.167462349e-01
4.227589965e-01 3.374572694e-01
3.982893229e-01 5.282489061e-01
4.142793417e-01 3.956992626e-01
6.166427135e-01 4.788946807e-01
7.118797898e-01 7.334006429e-01
3.427714407e-01 7.820219994e-01
6.171372533e-01 5.126757622e-01
6.000703573e-01 4.659997225e-01
3.285475075e-01 4.843743742e-01
5.451275110e-01 5.598743558e-01
5.071731806e-01 5.079462528e-01
5.562915206e-01 4.241546988e-01
7.367167473e-01 6.446267366e-01
5.158563256e-01 4.202898443e-01
4.406997859e-01 4.488890171e-01
6.045827270e-01 4.320785403e-01
6.610586643e-01 3.931850791e-01
3.729752302e-01 5.236416459e-01
7.321457863e-01 2.674183846e-01
3.571929634e-01 5.271650478e-02
7.349413633e-01 5.734919310e-01
6.268894672e-01 2.908059359e-01
7.565419674e-01 3.741923869e-01
3.904340863e-01 4.129965901e-01
6.314054132e-01 3.008575737e-01
4.891064763e-01 5.556925535e-01
4.479320049e-01 4.260476530e-01
5.308802724e-01 4.120314419e-01
6.426833272e-01 4.385415614e-01
4.126638472e-01 3.574059606e-01
4.219589829e-01 3.362937570e-01
4.633523822e-01 6.278200150e-01
3.496116996e-01 4.725923538e-01
5.137754083e-01 3.384843767e-01
5.968199372e-01 5.782508850e-01
2.875963449e-01 5.578816533e-01
5.188562870e-01 6.527951956e-01
6.022611856e-01 2.905008793e-01
7.026250958e-01 3.664177954e-01
4.177905917e-01 4.130658507e-01
4.348207116e-01 6.670907736e-01
5.694507360e-01 7.831301093e-01
5.536049604e-01 3.728964627e-01
3.370406032e-01 4.466444850e-01
7.111144066e-01 2.666107416e-01
5.808668137e-01 3.153634369e-01
6.816081405e-01 7.542210221e-01
5.799197555e-01 2.326393127e-01
6.329300404e-01 2.146029770e-01
6.323072314e-01 5.029243231e-01
7.113146186e-01 5.942202210e-01
8.792591095e-01 4.446906149e-01
6.749606133e-01 1.919752955e-01
4.678842425e-01 7.026994228e-01
4.811239243e-01 5.103071332e-01
6.861146688e-01 3.262809217e-01
5.013795495e-01 3.595388830e-01
5.656797886e-01 2.840995789e-01
4.256381691e-01 6.798171997e-01
5.634581447e-01 5.780285597e-01
6.440177560e-01 5.312048197e-01
5.533136129e-01 5.955182910e-01
5.010954142e-01 6.793204546e-01
4.672672749e-01 4.798686504e-01
4.039070904e-01 5.936041474e-01
4.550991654e-01 5.577343106e-01
5.974215269e-01 7.096118927e-01
4.648671448e-01 5.128533244e-01
4.854156673e-01 7.539666891e-01
3.716578782e-01 6.213965416e-01
3.663850725e-01 4.927300215e-01
6.521646976e-01 5.592967868e-01
3.468566239e-01 2.710904181e-01
6.013695002e-01 6.237214804e-01
6.217700243e-01 2.572111487e-01
3.929170966e-01 4.957201481e-01
4.475603700e-01 7.138267756e-01
4.136229753e-01 2.857753038e-01
4.679788649e-01 4.839252532e-01
6.655951738e-01 2.810328007e-01
5.966343880e-01 3.849834800e-01
4.915361404e-01 6.569576859e-01
3.776766062e-01 3.012765646e-01
2.388063669e-01 5.146825910e-01
5.359324217e-01 6.313068271e-01
5.443403125e-01 4.065949619e-01
3.876855373e-01 4.911494851e-01
4.265665412e-01 5.331423879e-01
4.947487712e-01 6.544135809e-01
6.207885742e-01 2.832219899e-01
7.095794082e-01 4.408718944e-01
4.827351570e-01 6.535167694e-01
4.789453447e-01 6.383650899e-01
4.558531642e-01 3.154069781e-01
5.644927025e-01 8.164502382e-01
5.767848492e-01 6.106248498e-01
5.879183412e-01 4.301761985e-01
4.052792788e-01 7.039856911e-01
5.044667125e-01 5.747683048e-01
6.022050381e-01 5.556538105e-01
6.860268712e-01 5.367632508e-01
7.237462997e-01 3.077836633e-01
3.460458517e-01 2.832763493e-01
3.835387230e-01 4.579474330e-01
2.663494945e-01 8.279619217e-01
5.775876045e-01 7.195271254e-01
5.250763297e-01 6.206982136e-01
5.478614569e-01 7.967650294e-01
3.968411982e-01 4.467685223e-01
5.654588342e-01 5.538712740e-01
5.222383738e-01 5.343776345e-01
6.029413939e-01 8.113570213e-01
3.555817008e-01 6.228059530e-01
5.368430018e-01 5.399562120e-01
6.948367953e-01 4.263628423e-01
3.252884448e-01 3.522215784e-01
6.063806415e-01 2.905996442e-01
4.704794884e-01 5.318354964e-01
4.369969964e-01 6.706690788e-01
5.312259197e-01 4.041092992e-01
5.070647001e-01 7.248965502e-01
2.993416786e-01 4.571076632e-01
3.360064626e-01 5.577425361e-01
2.202680111e-01 5.567475557e-01
4.615480900e-01 2.295702398e-01
4.990662336e-01 4.286038876e-01
1.667807996e-01 6.511611342e-01
4.531081319e-01 4.603033066e-01
5.659128428e-01 6.206562519e-01
3.671089113e-01 4.186433852e-01
5.179323554e-01 5.346062779e-01
4.584206343e-01 3.301727176e-01
8.955353498e-01 4.010880888e-01
6.393792629e-01 7.004134655e-01
6.160536408e-01 2.113485336e-01
5.967293382e-01 6.709663868e-01
4.859382808e-01 5.890205503e-01
4.167127013e-01 6.009897590e-01
1.418250352e-01 4.529577792e-01
4.919298291e-01 7.377300262e-01
4.385341108e-01 5.690667033e-01
4.060891569e-01 2.548518479e-01
7.906028628e-01 5.611386299e-01
6.780192256e-01 5.492711067e-01
3.219805956e-01 5.803715587e-01
2.953895330e-01 5.458682179e-01
3.872002065e-01 6.261018515e-01
6.566353440e-01 5.922901034e-01
2.953224480e-01 4.170293808e-01
6.869869232e-01 4.478270710e-01
3.447484970e-01 3.673303723e-01
5.831423402e-01 7.635231018e-01
3.872671127e-01 4.978212416e-01
4.390047491e-01 3.118687868e-01
5.180397034e-01 2.357581556e-01
6.578331590e-01 5.346073508e-01
5.537833571e-01 7.106440067e-01
6.319863796e-01 2.212221920e-01
8.462547064e-01 5.908079147e-01
4.072809219e-01 3.812515140e-01
2.822225690e-01 5.336281657e-01
5.755773783e-01 5.762920976e-01
4.941451252e-01 3.908813000e-01
5.472211242e-01 4.378211498e-01
3.582147956e-01 6.331226826e-01
5.425900817e-01 5.670664907e-01
3.873596787e-01 4.295507967e-01
6.318783164e-01 5.413046479e-01
5.715308785e-01 5.440269113e-01
8.740686178e-01 4.486432672e-01
5.585151911e-01 4.836875200e-01
2.795026302e-01 2.411131710e-01
6.743480563e-01 6.252662539e-01
5.872918367e-01 3.368842900e-01
4.173821807e-01 5.222249031e-01
6.204792857e-01 6.521207690e-01
5.886839628e-01 4.573028684e-01
5.282875896e-01 5.311425328e-01
1.824921519e-01 4.709462523e-01
5.389357805e-01 4.382617176e-01
1.641939431e-01 3.880915642e-01
2.358149886e-01 6.565068364e-01
3.397201002e-01 6.470402479e-01
5.108410716e-01 3.254482150e-01
5.978021026e-01 4.921955764e-01
5.769568682e-01 2.816881537e-01
7.515057325e-01 8.304874897e-01
6.836284995e-01 1.296234131e-01
7.514390349e-01 4.607535601e-01
6.432175636e-01 6.014506817e-01
3.779346347e-01 7.244397402e-01
2.322783172e-01 4.689121246e-01
4.131315947e-01 5.824029446e-01
8.100720644e-01 4.077571034e-01
5.014734864e-01 2.144430727e-01
5.702481866e-01 7.012329102e-01
5.714286566e-01 2.799777687e-01
5.381262302e-01 5.748255253e-01
4.825044870e-01 3.759621680e-01
5.784741640e-01 5.301326513e-01
6.330811381e-01 7.308090329e-01
4.511160851e-01 4.610405862e-01
3.161690235e-01 6.013739705e-01
6.688798666e-01 4.619373083e-01
6.010683179e-01 5.952079296e-01
3.941816092e-01 6.918083429e-01
4.537031054e-01 3.570094109e-01
5.970053673e-01 2.870141864e-01
6.683932543e-01 5.704008341e-01
1.580179185e-01 5.557319522e-01
4.873882532e-01 4.710885882e-01
