8.061940074e-01 8.917729855e-01
9.636627436e-01 9.194825888e-01
7.917250395e-01 9.988470078e-01
8.073189855e-01 9.255966544e-01
9.786183238e-01 8.558033705e-01
6.974287629e-01 8.326198459e-01
7.936977148e-01 7.742336988e-01
5.210366249e-01 9.446688890e-01
7.044144273e-01 6.176354885e-01
6.976311803e-01 6.214783788e-01
9.437480569e-01 6.818202734e-01
9.342139959e-01 6.139659286e-01
3.154283464e-01 9.443724155e-01
7.395507693e-01 6.963434815e-01
9.883738160e-01 2.543564737e-01
9.903389215e-01 2.168969810e-01
8.379449248e-01 4.536968470e-01
9.764594436e-01 8.966712952e-01
9.767611027e-01 7.980468273e-01
7.392635942e-01 9.527916312e-01
6.874882579e-01 8.726506829e-01
9.473705888e-01 7.308558226e-01
5.232480764e-01 7.163271904e-01
5.759465098e-01 9.292961955e-01
8.638556004e-01 9.621885419e-01
8.289400339e-01 5.761573315e-01
7.168596983e-01 9.404319525e-01
9.619363546e-01 9.527490139e-01
9.037197232e-01 8.464086652e-01
8.817353845e-01 9.295293093e-01
9.774951339e-01 8.765052557e-01
9.560836554e-01 9.615701437e-01
6.180154085e-01 9.493188262e-01
9.413776994e-01 7.992025614e-01
8.965466022e-01 8.742879629e-01
9.818294048e-01 8.919233680e-01
7.065746784e-01 6.658591032e-01
5.173085332e-01 8.621914983e-01
9.729194641e-01 9.608346820e-01
9.065554738e-01 9.920112491e-01
8.149664998e-01 9.854914546e-01
9.689717293e-01 9.049483538e-01
8.605511785e-01 7.487882376e-01
7.307090759e-01 8.817201853e-01
4.492916465e-01 5.573688149e-01
9.402096868e-01 7.885454893e-01
6.995750666e-01 9.679655433e-01
9.944007993e-01 8.672894239e-01
4.598558843e-01 8.953858614e-01
9.677946568e-01 5.468848944e-01
5.188351274e-01 6.041178107e-01
8.967611790e-01 9.594333172e-01
6.455702186e-01 3.730348647e-01
5.249704719e-01 9.564056993e-01
7.241676450e-01 9.241587520e-01
9.040443897e-01 6.900250316e-01
8.820413947e-01 7.105283737e-01
7.567786574e-01 7.103368044e-01
8.577226400e-01 8.792347908e-01
9.518744946e-01 9.591665864e-01
8.207671046e-01 9.088436961e-01
8.155238032e-01 8.490383029e-01
6.719571352e-01 9.589827061e-01
6.964824200e-01 9.453015327e-01
8.694885373e-01 5.887396336e-01
9.627703428e-01 9.292914271e-01
6.232946515e-01 8.869608045e-01
6.939564347e-01 4.287957251e-01
9.805801511e-01 8.717857599e-01
9.894098043e-01 9.903450012e-01
7.832344174e-01 9.233060479e-01
9.521427155e-01 9.682863951e-01
7.510216236e-01 9.873487353e-01
7.592824697e-01 9.078755975e-01
5.010631680e-01 8.783724904e-01
3.649118245e-01 9.979622364e-01
7.398838997e-01 9.707314372e-01
6.725823283e-01 9.795269370e-01
6.128667593e-01 5.495005846e-01
9.308187366e-01 7.196201682e-01
9.663899541e-01 8.773987889e-01
9.704936743e-01 9.992780089e-01
8.806781173e-01 9.450267553e-01
9.918903112e-01 8.130538464e-01
9.762256742e-01 8.897936344e-01
7.645619512e-01 6.982485056e-01
7.781715989e-01 9.587409496e-01
9.834262133e-01 4.269043505e-01
8.428549170e-01 8.180332780e-01
8.481503725e-01 9.358320832e-01
8.620625734e-01 4.833935499e-01
9.758838415e-01 9.325612187e-01
4.570587575e-01 9.799623489e-01
8.093649745e-01 8.571249247e-01
9.543338418e-01 8.743999004e-01
8.975427747e-01 7.699671984e-01
6.145277023e-01 4.050356150e-01
8.224067092e-01 9.323939681e-01
7.263424397e-01 8.583376408e-01
8.671671748e-01 6.063081622e-01
9.148631096e-01 6.347863078e-01
9.591422677e-01 7.150526047e-01
7.332891226e-01 4.097262025e-01
5.181497931e-01 8.427768350e-01
8.890599608e-01 8.822836876e-01
1.533688754e-01 8.562761545e-01
9.371170402e-01 9.233053327e-01
7.734555602e-01 7.814795971e-01
8.989610672e-01 9.631972909e-01
5.823197365e-01 3.262696266e-01
8.735568523e-01 7.532401085e-01
5.777094364e-01 7.791794538e-01
9.958152771e-01 9.485403299e-01
7.782761455e-01 8.483452797e-01
9.438508749e-01 9.649249315e-01
8.667885661e-01 6.277347803e-01
6.267064810e-01 7.275435925e-01
8.108386397e-01 4.301159978e-01
6.521245837e-01 8.532459736e-01
8.998667598e-01 9.692058563e-01
9.804856777e-01 7.912274599e-01
8.634706736e-01 5.665060878e-01
7.049480677e-01 9.655166268e-01
9.031496644e-01 8.268616199e-01
7.255735397e-01 9.750946760e-01
7.731100321e-01 8.200224638e-01
3.979186118e-01 7.745009661e-01
9.132843614e-01 9.673377872e-01
8.611230254e-01 6.176570058e-01
7.549011111e-01 8.850218654e-01
4.800608754e-01 9.738187194e-01
8.536060452e-01 9.670549035e-01
9.851086736e-01 7.833966613e-01
5.189899206e-01 8.791733384e-01
7.348137498e-01 4.382559359e-01
9.623950720e-01 5.910654068e-01
9.998085499e-01 9.979940057e-01
9.878891706e-01 8.518086076e-01
9.222984910e-01 5.831928253e-01
9.478219151e-01 8.339816332e-01
9.561231732e-01 7.917613983e-01
5.149222016e-01 9.384120107e-01
3.498976827e-01 8.795214891e-01
5.928802490e-01 6.339869499e-01
6.605361700e-01 7.954565287e-01
9.960712790e-01 9.555683732e-01
8.671145439e-01 8.927071691e-01
8.843603730e-01 7.691555023e-01
8.830776215e-01 9.665750861e-01
9.838538170e-01 9.942330718e-01
9.608125091e-01 4.230544269e-01
9.446257353e-01 9.132835865e-01
8.234717250e-01 9.253950119e-01
9.824448824e-01 8.668609262e-01
8.161507249e-01 9.114508629e-01
7.681946754e-01 9.492799044e-01
6.940873861e-01 9.421847463e-01
8.882650137e-01 8.603106737e-01
6.529997587e-01 8.164210320e-01
8.075637817e-01 5.676927567e-01
9.829991460e-01 9.822477698e-01
9.926670194e-01 7.672100663e-01
9.382561445e-01 7.562872171e-01
5.802378654e-01 7.748797536e-01
9.440324903e-01 5.663115978e-01
9.650949836e-01 4.016881883e-01
8.733194470e-01 5.861079693e-01
5.692869425e-01 5.561331511e-01
9.717630744e-01 9.580671787e-01
9.657343030e-01 7.815816998e-01
6.937470436e-01 9.853785634e-01
9.903685451e-01 9.121509790e-01
8.877008557e-01 6.386091709e-01
9.550466537e-01 9.792863131e-01
8.007985950e-01 5.488463044e-01
7.861884832e-01 7.480227947e-01
7.935673594e-01 9.980227947e-01
5.339779258e-01 9.829900861e-01
8.451541066e-01 9.351605177e-01
8.847648501e-01 8.310311437e-01
9.078984857e-01 8.210151792e-01
6.152764559e-01 7.924988866e-01
9.985265732e-01 7.486060262e-01
9.376630783e-01 9.430622458e-01
9.906516671e-01 9.021311998e-01
9.191709757e-01 8.174532652e-01
7.690470219e-01 8.815672994e-01
9.290661812e-01 8.980877399e-01
6.715276837e-01 8.429732919e-01
9.890884161e-01 9.565441012e-01
8.453645110e-01 9.642004371e-01
7.321422100e-01 8.901115656e-01
9.832748771e-01 8.018158674e-01
3.782678246e-01 6.578621268e-01
6.383628845e-01 9.003674388e-01
7.998299599e-01 9.605224133e-01
9.804664850e-01 5.886621475e-01
9.296187162e-01 6.672146916e-01
9.596956372e-01 9.792702198e-01
7.719308734e-01 8.809980750e-01
7.100583315e-01 7.898694873e-01
9.260265231e-01 9.825738668e-01
8.754513264e-01 7.710773349e-01
4.909663796e-01 9.231590033e-01
7.381515503e-01 9.064941406e-01
8.526890278e-01 5.168330669e-01
9.829264879e-01 7.017857432e-01
8.996517062e-01 8.488330245e-01
9.006752372e-01 9.983548522e-01
9.197379947e-01 9.607664943e-01
6.405646205e-01 6.886483431e-01
4.159533083e-01 8.450776339e-01
5.909267068e-01 9.454309940e-01
6.283138394e-01 8.846220374e-01
7.689194083e-01 8.565674424e-01
8.080493212e-01 9.790109396e-01
6.001844406e-01 4.815533459e-01
8.373263478e-01 8.257381916e-01
8.184221387e-01 1.458411664e-01
9.371230006e-01 8.345863819e-01
9.574885368e-01 8.626660705e-01
8.907643557e-01 8.061241508e-01
7.181864977e-01 8.019572496e-01
5.494185686e-01 8.871315718e-01
9.229142666e-01 9.585323334e-01
8.878343105e-01 9.738933444e-01
7.006333470e-01 8.418157101e-01
5.666693449e-01 4.768013656e-01
9.793245196e-01 8.429211378e-01
9.832027555e-01 8.444705009e-01
9.277530909e-01 5.439214706e-01
7.890378833e-01 9.049823284e-01
8.400167227e-01 9.444041252e-01
8.365471959e-01 8.109817505e-01
6.442986131e-01 7.142998576e-01
9.682043791e-01 8.742827773e-01
7.047321796e-01 9.427794218e-01
9.559617639e-01 9.981989264e-01
8.242664933e-01 6.077418327e-01
4.877645671e-01 9.642097354e-01
9.634699821e-01 9.670467973e-01
9.414392710e-01 8.618229628e-01
8.443270326e-01 4.835006595e-01
9.417421222e-01 7.210434079e-01
9.090927839e-01 9.004101753e-01
7.319302559e-01 9.703752995e-01
9.301263690e-01 6.603385806e-01
8.115184903e-01 7.912815809e-01
9.465571046e-01 4.801078141e-01
9.178766012e-01 8.652114868e-01
9.550641179e-01 5.189256668e-01
8.700997829e-01 6.081715822e-01
4.618534446e-01 7.289476991e-01
9.262658954e-01 9.040508270e-01
8.301965594e-01 8.429348469e-01
9.736415148e-01 9.874349833e-01
9.156528115e-01 9.835554361e-01
9.788569808e-01 3.961845636e-01
9.559122920e-01 6.328496337e-01
9.674006104e-01 9.616061449e-01
9.747744203e-01 9.438275695e-01
9.334558845e-01 8.903785348e-01
7.578241229e-01 3.858279586e-01
5.681622624e-01 7.569352984e-01
9.409503341e-01 5.756340623e-01
6.651828289e-01 2.569754720e-01
9.522157907e-01 7.914537191e-01
8.506280184e-01 5.749903321e-01
9.514108300e-01 9.649279714e-01
9.682117701e-01 3.035488427e-01
7.053067684e-01 8.979135752e-01
9.160509109e-01 6.687825322e-01
4.733857214e-01 9.482967257e-01
9.949018955e-01 9.669559598e-01
7.767496705e-01 9.670055509e-01
9.747232199e-01 9.133921862e-01
7.140538096e-01 8.435903788e-01
7.547838688e-01 7.734546661e-01
6.676337719e-01 9.630938768e-01
9.082731009e-01 7.878494263e-01
7.080749273e-01 9.895250797e-01
8.948697448e-01 9.238783121e-01
7.240725160e-01 9.015628099e-01
8.010587096e-01 9.101313949e-01
8.168251514e-01 6.380845904e-01
8.477393389e-01 7.243335843e-01
7.132459879e-01 9.818642139e-01
6.714275479e-01 8.810666203e-01
6.208415627e-01 8.329885006e-01
8.974333405e-01 4.188924134e-01
9.809793830e-01 7.486557364e-01
9.904533029e-01 8.453735113e-01
9.787965417e-01 9.521098137e-01
8.776183724e-01 6.238679290e-01
9.905391932e-01 5.714974403e-01
7.328151464e-01 6.197720766e-01
5.112031698e-01 8.926398158e-01
6.946108937e-01 5.534504056e-01
8.007605076e-01 8.971458673e-01
8.382270336e-01 9.354927540e-01
7.581834793e-01 7.243309617e-01
9.551260471e-01 7.763336897e-01
9.246228337e-01 9.747872353e-01
9.565715790e-01 7.568327785e-01
9.961004257e-01 8.878650069e-01
3.534237146e-01 8.618068099e-01
9.444741607e-01 7.283790112e-01
9.019236565e-01 8.583981395e-01
4.616393745e-01 9.473085999e-01
8.339346647e-01 5.809957981e-01
8.696014285e-01 9.934052229e-01
7.638618350e-01 9.729335904e-01
8.866832256e-01 9.830668569e-01
8.838254213e-01 8.534493446e-01
6.091612577e-01 9.615751505e-01
9.863290787e-01 5.263215899e-01
5.006770492e-01 9.622799158e-01
7.002037764e-01 8.941724896e-01
9.504860640e-01 7.637468576e-01
9.338463545e-01 9.762734175e-01
9.442598224e-01 9.088765383e-01
6.831918359e-01 8.212376237e-01
7.188156843e-01 9.428394437e-01
7.190770507e-01 8.021479249e-01
8.360176086e-01 8.897621632e-01
4.325966537e-01 6.598040462e-01
9.044850469e-01 7.733322382e-01
9.651163220e-01 9.999639988e-01
7.160239220e-01 8.621662855e-01
9.042874575e-01 4.610939920e-01
9.958299994e-01 8.172485828e-01
8.719683886e-01 9.143989086e-01
8.797224164e-01 6.114853024e-01
6.607985497e-01 7.646329999e-01
8.464261889e-01 3.575195968e-01
8.818267584e-01 4.475034475e-01
7.536801100e-01 9.537062049e-01
8.666605949e-01 6.490696073e-01
9.640203714e-01 6.942914724e-01
9.281017780e-01 7.340756655e-01
9.970463514e-01 8.672860861e-01
4.343298972e-01 9.637488723e-01
7.034304142e-01 7.874664664e-01
6.566051245e-01 9.662211537e-01
9.869924784e-01 8.264303803e-01
9.539204836e-01 4.973631203e-01
9.640511870e-01 7.993056178e-01
7.932593226e-01 9.529367685e-01
7.457637191e-01 4.346325099e-01
4.576847851e-01 9.317764640e-01
9.999489784e-01 8.463315368e-01
2.902266383e-01 9.696234465e-01
9.185266495e-01 5.904214978e-01
9.828033447e-01 9.390957355e-01
7.522107959e-01 9.499142766e-01
8.170570135e-01 9.309412837e-01
8.035452962e-01 8.614059091e-01
7.907728553e-01 8.010420203e-01
7.567656040e-01 8.253026009e-01
9.464154840e-01 4.682214856e-01
9.695823789e-01 9.424356222e-01
9.095826745e-01 7.609418631e-01
8.096423149e-01 9.049432278e-01
9.702129364e-01 7.174857259e-01
6.107655764e-01 6.950880289e-01
7.903403640e-01 6.484683752e-01
9.621707797e-01 5.046461821e-01
9.115462899e-01 7.464978099e-01
7.335704565e-01 9.368628263e-01
9.215475321e-01 7.362607718e-01
8.385086060e-01 7.687722445e-01
9.668005705e-01 9.345603585e-01
8.518938422e-01 8.616377115e-01
8.921133280e-01 9.897655249e-01
8.390292525e-01 4.929217398e-01
8.440937400e-01 8.100038767e-01
6.646787524e-01 9.782289267e-01
9.589616060e-01 9.585859179e-01
8.757651448e-01 9.978579879e-01
6.939881444e-01 9.016067386e-01
8.676871657e-01 7.972378731e-01
9.689448476e-01 8.005974889e-01
3.650435507e-01 9.050007463e-01
8.252822161e-01 8.712971807e-01
9.175394773e-01 8.175088167e-01
4.525149465e-01 9.714355469e-01
5.674409270e-01 3.792357445e-01
9.687912464e-01 9.416870475e-01
5.461327434e-01 7.997301221e-01
8.135449886e-01 8.906874061e-01
8.820359111e-01 9.389649034e-01
7.785842419e-01 8.515577912e-01
8.588569164e-01 6.053904891e-01
6.117833257e-01 7.057804465e-01
9.561498165e-01 9.648820758e-01
8.382864594e-01 9.635994434e-01
9.641009569e-01 5.585830212e-01
9.796643853e-01 4.311307371e-01
8.865051270e-01 6.356772780e-01
8.811677098e-01 9.879977107e-01
6.142243147e-01 7.342962027e-01
7.169750929e-01 6.266367435e-01
9.923469424e-01 9.286425114e-01
8.658052683e-01 9.567514062e-01
9.866223335e-01 6.522569060e-01
4.343024790e-01 6.611487865e-01
7.314502597e-01 6.999887824e-01
9.360589981e-01 5.426010489e-01
8.966942430e-01 9.539157152e-01
7.627336383e-01 9.999311566e-01
7.284654975e-01 8.952968121e-01
7.290155292e-01 3.729251027e-01
9.586012959e-01 8.121854067e-01
8.106963634e-01 9.109833241e-01
9.416831136e-01 9.372935295e-01
9.674940705e-01 8.285706639e-01
8.601434827e-01 7.821353674e-01
9.843017459e-01 5.387518406e-01
9.735187292e-01 7.880353928e-01
9.699110389e-01 9.870849252e-01
1.851820052e-01 9.557820559e-01
8.603830934e-01 9.097412825e-01
9.438645840e-01 9.623967409e-01
5.711529851e-01 9.146943092e-01
9.549880624e-01 8.566662669e-01
9.202335477e-01 5.670718551e-01
9.018411636e-01 8.871986866e-01
7.230306864e-01 9.245052338e-01
8.621976376e-01 8.141586781e-01
7.558082938e-01 8.869932890e-01
5.979210138e-01 9.232318401e-01
8.344984055e-01 2.088266313e-01
