-100 -90 120 46 -85 -31 -12 -115
-83 -95 -118 -13 -41 -3 -51 -13
110 -98 -64 -21 71 -61 -2 -18
0 0 0 0 0 0 0 0
0 -33 8 -61 -117 23 -108 -127
70 110 124 -60 42 -29 -4 111
-106 30 -90 -53 -76 -30 119 67
0 0 0 0 0 0 0 0
-15 106 64 -122 -95 126 -99 -43
-114 -76 -42 -37 67 -15 127 -34
-25 46 -41 -104 107 13 32 -96
0 0 0 0 0 0 0 0
114 -10 113 -103 -55 -27 -20 17
23 -93 123 -7 -93 34 -44 69
-108 -122 8 -128 -67 108 -39 -26
0 0 0 0 0 0 0 0
-57 73 -6 -122 93 69 36 29
-25 -109 -81 22 -61 7 -72 -35
84 -56 18 22 22 85 -82 -89
0 0 0 0 0 0 0 0
-72 34 -68 -30 127 80 13 -100
120 -69 -115 33 -6 26 -51 57
-3 -54 122 -41 85 -37 109 -73
0 0 0 0 0 0 0 0
124 -43 95 102 82 -37 125 90
-105 71 13 -108 94 -93 74 35
69 -91 22 33 -110 0 -97 108
0 0 0 0 0 0 0 0
-98 45 2 21 -110 -48 -29 127
-116 -56 -4 90 60 -29 9 -97
108 -79 -65 -21 -81 0 45 -4
0 0 0 0 0 0 0 0
-74 84 92 -90 -92 30 -95 -29
-23 -10 -2 -102 -82 -110 88 -40
78 92 114 -87 -109 -126 -86 -79
0 0 0 0 0 0 0 0
122 29 65 -107 -10 81 119 -39
-50 -7 -42 79 114 82 127 11
-74 -104 -59 107 -122 -67 -87 60
0 0 0 0 0 0 0 0
-21 47 12 12 -83 -91 -46 73
72 -75 -88 8 -128 -96 12 116
-108 121 123 117 -14 -113 -105 62
0 0 0 0 0 0 0 0
-74 -20 81 -41 -119 -19 98 96
-23 -58 119 91 35 83 38 -63
-95 -27 -31 33 3 -42 -27 -6
0 0 0 0 0 0 0 0
50 33 -125 -51 34 -49 43 97
-98 41 28 9 -117 25 112 124
-71 -55 124 -66 -32 21 100 75
0 0 0 0 0 0 0 0
35 56 -7 44 66 -32 -36 -28
120 -54 -29 -99 61 107 -87 87
37 63 29 -31 125 -93 106 80
0 0 0 0 0 0 0 0
-44 -95 3 -33 109 -28 72 -40
62 -103 -39 -91 74 96 67 -1
63 85 104 -51 -32 -22 -123 -107
0 0 0 0 0 0 0 0
40 13 -101 -94 0 -73 121 -84
103 48 -17 -77 -69 -111 -32 120
96 -117 42 70 82 -95 -77 52
0 0 0 0 0 0 0 0
-59 -47 54 -118 76 -87 81 31
-125 104 98 42 -34 6 -64 -124
4 -65 108 64 115 99 -42 94
0 0 0 0 0 0 0 0
103 29 -106 -41 -79 -102 -10 -72
11 2 85 -116 80 -126 -37 76
-11 -7 -7 105 -93 0 -67 -51
0 0 0 0 0 0 0 0
127 -27 18 35 -118 -109 108 27
-119 -16 38 -6 -116 111 102 113
-26 -59 -42 -66 -116 -62 -69 0
0 0 0 0 0 0 0 0
113 -104 -22 93 92 96 4 72
18 -83 92 71 -56 16 -42 -22
-49 -1 -108 -80 85 -41 97 -62
0 0 0 0 0 0 0 0
-80 90 11 24 15 -17 25 -1
5 -106 -74 -77 34 29 12 -84
-70 -4 -108 -65 46 -31 -53 -82
0 0 0 0 0 0 0 0
-34 -18 120 -117 70 -33 -94 -87
21 74 -37 -47 102 -71 6 11
61 -16 93 77 -18 19 121 -121
0 0 0 0 0 0 0 0
-71 16 -58 40 79 62 66 -118
-87 42 40 29 -54 -54 31 -47
123 -29 36 100 -67 -47 -15 85
0 0 0 0 0 0 0 0
27 -103 47 54 72 97 122 -17
73 11 48 111 -36 -112 112 66
72 33 -5 48 14 40 -63 46
0 0 0 0 0 0 0 0
95 -106 109 64 76 40 120 127
64 92 31 -68 -2 -100 -4 120
57 -45 115 -32 -22 -85 119 -60
0 0 0 0 0 0 0 0
114 81 -35 102 -102 89 82 51
-44 -81 -71 -87 71 98 28 32
113 102 12 -40 -18 110 71 73
0 0 0 0 0 0 0 0
60 -89 -83 33 -34 99 -68 34
103 66 29 -8 39 -65 22 99
-75 64 -102 -60 117 -85 47 9
0 0 0 0 0 0 0 0
-58 29 -123 -127 -4 -42 -102 -35
5 16 26 -84 -102 -50 -40 8
-109 93 -9 -69 -53 46 -107 66
0 0 0 0 0 0 0 0
61 -71 26 -75 -16 107 68 -7
22 -46 38 65 4 -3 103 19
-37 7 -16 -11 93 -30 -40 -71
0 0 0 0 0 0 0 0
76 -59 -84 -115 112 38 79 -128
-15 51 68 -83 22 -98 125 -96
-9 -33 -83 -28 3 60 35 -109
0 0 0 0 0 0 0 0
-30 17 108 -125 60 72 -63 15
-23 -120 -8 -76 22 -118 -84 12
-125 -106 12 25 53 -38 -88 41
0 0 0 0 0 0 0 0
0 55 -69 102 52 27 -88 100
85 -107 70 -52 7 3 120 74
-101 57 113 113 -40 49 46 73
0 0 0 0 0 0 0 0
108 108 -92 -120 9 99 1 38
20 -83 -39 44 -39 69 -64 126
-25 -70 70 -58 -25 114 -111 -117
0 0 0 0 0 0 0 0
-111 -91 -34 57 114 -15 73 -116
17 -2 -92 32 -1 3 121 -10
76 -11 111 37 116 71 110 61
0 0 0 0 0 0 0 0
-123 17 -110 -110 -47 -95 10 -79
-119 26 4 -24 -39 -14 101 -57
-31 -111 124 111 103 -16 -111 -26
0 0 0 0 0 0 0 0
72 -26 -70 -41 55 34 101 91
68 2 109 -15 -103 -58 10 -109
45 -49 -44 53 79 54 -93 47
0 0 0 0 0 0 0 0
71 -24 -68 -92 -15 28 44 -82
9 -28 -41 35 -36 -110 -50 103
20 -92 -56 -16 -25 -115 119 -21
0 0 0 0 0 0 0 0
104 -107 -69 111 61 96 -96 -98
-55 -37 61 28 -72 107 -105 -36
56 -62 -108 -42 -32 7 56 -107
0 0 0 0 0 0 0 0
-44 19 -39 47 37 -40 -45 55
42 -115 44 -37 -42 -37 3 57
33 -99 -43 -62 -90 24 81 -51
0 0 0 0 0 0 0 0
73 105 -103 -91 -114 29 -17 7
-70 27 28 -42 -60 67 -104 103
26 122 9 59 -23 116 55 -57
0 0 0 0 0 0 0 0
-44 11 70 -36 -19 -126 39 -71
122 27 31 35 12 -64 127 23
5 55 64 -93 -1 -118 29 -65
0 0 0 0 0 0 0 0
81 -80 104 82 -69 -12 47 61
10 19 101 -51 57 67 -92 -125
35 71 118 -54 -44 -36 -56 -120
0 0 0 0 0 0 0 0
81 81 -4 69 95 93 59 80
57 -12 -42 99 -78 -29 -48 -11
27 -32 -81 66 -117 -46 88 -104
0 0 0 0 0 0 0 0
0 -19 60 72 -41 -127 123 -35
-81 -26 102 108 114 50 81 83
-3 89 -2 69 123 110 -43 -94
0 0 0 0 0 0 0 0
97 -90 114 -1 91 -23 101 -79
124 4 83 -77 -95 -43 4 51
89 -3 115 -57 56 -2 -92 -77
0 0 0 0 0 0 0 0
95 -67 61 -17 66 57 25 12
116 61 -7 -3 5 35 94 116
52 9 -79 115 81 56 29 75
0 0 0 0 0 0 0 0
61 34 107 120 -6 43 -95 -6
126 28 -106 -39 91 -111 127 -95
-31 116 -39 84 -5 -121 64 -116
0 0 0 0 0 0 0 0
113 -57 44 -41 -90 -126 59 -55
30 62 -78 26 -116 18 103 113
29 58 110 38 119 -58 -62 -4
0 0 0 0 0 0 0 0
-79 77 120 51 127 -48 -97 8
-23 -25 31 25 -110 83 -36 -63
57 -38 -13 30 21 -12 -53 -93
0 0 0 0 0 0 0 0
98 -3 54 -64 121 -65 88 46
-32 40 -70 -60 29 -77 -74 -72
116 -46 -76 -27 103 -62 -13 -95
0 0 0 0 0 0 0 0
89 27 -19 86 -86 -15 -122 53
-35 -96 -25 23 37 10 9 -63
-64 -125 25 61 -24 76 67 98
0 0 0 0 0 0 0 0
91 -79 -127 -120 -26 -31 -21 -33
29 -80 60 124 -19 77 78 28
-48 99 -40 -83 6 -110 -72 33
0 0 0 0 0 0 0 0
124 -120 -50 18 105 59 -89 24
12 -119 112 -31 127 49 -31 -78
88 15 110 39 -58 -67 17 8
0 0 0 0 0 0 0 0
-17 65 7 -108 40 -56 -12 0
-9 -87 2 -96 86 -4 -118 94
8 -107 -9 -71 -83 -61 69 -101
0 0 0 0 0 0 0 0
90 12 -64 -125 61 43 -32 -88
-108 -114 -104 -61 -96 -55 -58 -61
-70 28 -125 79 96 38 -20 -36
0 0 0 0 0 0 0 0
117 114 69 -127 17 62 47 -120
-55 52 13 -16 -87 -104 -65 68
-57 -59 -25 20 -61 65 73 -38
0 0 0 0 0 0 0 0
-63 40 -16 -26 46 21 -52 -58
32 42 -44 76 -42 -108 -19 33
32 -119 59 -28 127 3 105 -65
0 0 0 0 0 0 0 0
-66 8 -100 115 -115 87 -57 -2
127 -13 12 2 100 -19 -51 -105
-2 103 59 121 -10 73 103 -2
0 0 0 0 0 0 0 0
-49 -117 -119 -66 -63 90 11 -33
-80 -70 -53 1 -7 72 25 120
-98 33 108 -41 -108 -79 8 -64
0 0 0 0 0 0 0 0
34 30 -26 84 37 -106 -67 -86
-80 86 -23 -108 43 7 65 -8
45 -98 12 69 -72 21 69 -112
0 0 0 0 0 0 0 0
-85 -2 -105 40 126 37 -17 48
-89 -24 -90 43 122 48 0 9
124 15 52 108 -75 126 4 28
0 0 0 0 0 0 0 0
113 -93 -108 -122 -87 31 89 -48
68 110 13 33 17 -17 -63 -39
-81 -42 -86 22 81 -61 19 -82
0 0 0 0 0 0 0 0
-99 118 -60 84 -19 30 44 79
33 124 -124 83 37 -76 -64 -111
17 113 39 -24 -110 5 -30 3
0 0 0 0 0 0 0 0
-70 -128 -9 -93 -103 -44 -35 65
14 -84 102 -124 70 17 93 61
-72 1 -112 66 -50 -22 49 -104
0 0 0 0 0 0 0 0
-59 -7 21 -120 72 -95 -59 -32
117 -128 -85 -13 -122 14 37 -36
80 -75 -99 116 82 -35 -8 -6
0 0 0 0 0 0 0 0
101 3 106 -54 -87 39 -32 32
28 -114 95 -30 -66 -67 -27 99
-61 13 18 -47 -67 -94 -30 -45
0 0 0 0 0 0 0 0
114 68 -53 21 3 -15 -94 83
-38 72 105 78 35 76 81 -22
87 81 96 49 -117 -24 -62 112
0 0 0 0 0 0 0 0
-106 68 -87 -86 15 59 -68 -47
-25 77 -33 -29 -4 -15 -125 122
45 25 -77 28 -46 -20 95 23
0 0 0 0 0 0 0 0
-18 -118 13 -51 -115 83 -63 -125
12 -120 115 -118 -3 -122 -76 31
-9 -85 95 21 -115 -57 -83 -100
0 0 0 0 0 0 0 0
-46 29 -67 26 -78 -113 46 -63
-19 51 -103 -110 117 -89 48 -83
22 -101 75 -84 38 113 -128 9
0 0 0 0 0 0 0 0
-106 -59 -3 23 -58 -42 87 -63
55 55 26 31 19 61 -103 104
-57 -117 -5 57 -73 -111 54 -24
0 0 0 0 0 0 0 0
-128 -117 -92 99 77 124 -120 -65
102 10 89 105 -119 -10 -44 -124
59 -89 80 82 110 78 87 110
0 0 0 0 0 0 0 0
-76 -29 -5 -80 -98 -125 -118 -96
21 41 -6 -18 -31 18 97 51
76 63 -76 66 -39 106 94 51
0 0 0 0 0 0 0 0
-36 41 -111 14 -69 -68 -115 -31
-106 116 61 -40 30 10 3 31
113 -96 13 49 -89 0 110 -104
0 0 0 0 0 0 0 0
-44 -85 -23 90 91 87 -38 73
-31 -38 41 111 31 -88 95 -120
49 36 -47 -34 1 58 -99 117
0 0 0 0 0 0 0 0
80 -44 8 -9 -92 -35 59 107
-20 -113 -115 25 126 101 80 -78
11 -82 2 33 92 -38 41 -127
0 0 0 0 0 0 0 0
26 72 -45 27 121 -29 22 89
88 -20 -44 36 117 24 -98 12
-76 119 106 -72 92 114 -60 65
0 0 0 0 0 0 0 0
-59 44 -43 122 -15 24 8 120
108 -6 -16 -6 30 -96 -43 67
57 -11 -44 -47 -2 17 -53 18
0 0 0 0 0 0 0 0
-7 35 -70 -43 109 -85 63 -30
-13 -31 73 27 87 63 105 -77
-69 36 48 97 11 109 -56 107
0 0 0 0 0 0 0 0
110 -35 33 47 14 94 -18 31
87 -65 43 -107 2 26 100 110
-119 1 56 -61 -47 -127 -16 -98
0 0 0 0 0 0 0 0
-94 97 47 48 -118 121 6 -123
-86 70 -23 38 -123 -68 30 -69
-120 63 81 -9 -42 3 -113 -26
0 0 0 0 0 0 0 0
-18 116 -34 -122 -35 -106 -118 28
7 -37 112 -45 -126 -13 -57 76
51 -109 115 -34 -98 -2 -101 -113
0 0 0 0 0 0 0 0
-81 -105 58 -34 83 8 13 -90
38 -126 -86 -77 -60 -90 69 -69
63 53 -66 -18 -14 33 -40 -20
0 0 0 0 0 0 0 0
92 85 125 44 14 114 -12 68
-23 -47 79 25 63 36 12 -90
59 93 -98 -30 83 106 -45 -97
0 0 0 0 0 0 0 0
105 -28 105 -53 -121 -59 -51 62
98 46 -96 -96 -100 -116 -35 115
-54 106 -73 -55 115 -79 123 -109
0 0 0 0 0 0 0 0
86 23 -98 60 52 -115 114 -97
58 124 16 -110 1 -113 32 -50
-55 -122 115 -17 67 -58 -10 79
0 0 0 0 0 0 0 0
93 -43 51 -54 58 77 -37 26
-102 105 -60 -69 29 48 -36 -67
60 15 -18 121 -37 40 32 45
0 0 0 0 0 0 0 0
-15 14 -60 -39 96 -116 44 -23
-69 42 63 -76 13 52 50 -8
50 -15 69 87 101 -12 94 92
0 0 0 0 0 0 0 0
54 85 -45 -40 -7 47 -41 45
-66 -118 -34 -32 85 -24 -74 -34
6 25 -123 55 95 -81 110 27
0 0 0 0 0 0 0 0
-39 33 91 16 16 -49 94 34
59 -59 -56 16 102 -77 103 -36
5 -128 83 -105 124 30 116 -18
0 0 0 0 0 0 0 0
-90 40 98 -47 -1 15 -54 -110
104 -101 -77 -4 42 102 78 -81
-47 124 -9 41 108 3 112 -11
0 0 0 0 0 0 0 0
25 88 -20 95 87 125 -49 -107
-68 -99 -106 -104 -61 9 -90 -64
-49 108 105 14 -59 -47 58 -23
0 0 0 0 0 0 0 0
-61 112 83 -46 -21 49 -15 1
7 -120 -97 -4 -114 78 20 18
111 35 -84 104 -25 31 65 90
0 0 0 0 0 0 0 0
121 24 -90 -87 95 56 -53 112
-69 -93 -53 113 -81 49 113 -14
111 -14 -19 -99 100 -78 -7 10
0 0 0 0 0 0 0 0
-86 -102 124 75 57 -23 71 -3
-12 96 91 -121 55 84 17 -54
92 70 -72 28 127 16 -67 -60
0 0 0 0 0 0 0 0
69 88 44 -74 112 32 -18 76
55 65 111 -116 25 -64 -59 -52
30 40 17 28 116 -100 -117 -35
0 0 0 0 0 0 0 0
-63 -24 0 -20 50 122 27 56
124 -49 -21 52 -112 -38 -51 -103
105 23 -68 71 19 102 -63 -21
0 0 0 0 0 0 0 0
62 40 -60 15 -107 -109 28 97
10 -104 25 53 -121 20 -29 87
62 62 78 15 4 -21 -28 94
0 0 0 0 0 0 0 0
-32 -25 106 -43 -13 1 50 -105
-64 -114 91 116 77 -91 -76 -30
76 2 -14 -31 119 78 17 105
0 0 0 0 0 0 0 0
-84 71 -101 23 -29 111 -63 -57
-71 119 -53 57 103 -118 -120 -114
93 -33 -102 -77 41 80 -87 119
0 0 0 0 0 0 0 0
125 -83 -33 26 117 -27 127 69
-51 -119 -107 -126 111 32 -60 -4
40 -122 65 -75 -10 -25 -76 -66
0 0 0 0 0 0 0 0
106 -65 -9 76 -70 45 -42 104
-52 -112 -61 86 127 -104 5 84
125 -118 -24 60 -39 -102 25 94
0 0 0 0 0 0 0 0
-103 -59 -101 64 -95 -126 73 78
61 -89 23 107 52 69 -94 95
2 -28 78 -101 27 64 -43 106
0 0 0 0 0 0 0 0
120 101 -111 -56 8 -83 -115 -108
-16 21 -41 1 38 110 -72 -53
24 119 -35 31 21 92 76 92
0 0 0 0 0 0 0 0
104 -63 -33 54 10 92 -80 -22
101 -107 75 115 4 124 102 -5
-20 78 53 99 120 55 103 42
0 0 0 0 0 0 0 0
120 -33 -85 -56 123 22 -89 40
-94 -93 116 100 52 95 126 59
36 -79 -110 53 13 -74 118 63
0 0 0 0 0 0 0 0
57 -81 11 107 114 85 64 -2
-6 41 17 17 125 33 -88 99
35 -94 -37 99 -13 -96 24 -5
0 0 0 0 0 0 0 0
-119 -37 45 26 -115 36 -86 124
-104 -80 -77 92 112 120 99 31
32 44 -38 8 -111 -17 22 29
0 0 0 0 0 0 0 0
-128 110 -122 79 21 -46 67 -11
-13 -105 -70 11 -74 -64 100 -104
68 -87 -94 66 8 35 106 4
0 0 0 0 0 0 0 0
67 36 -62 12 -65 -39 -4 -104
-95 47 48 -84 99 -72 99 9
47 4 -53 -24 -102 -119 -39 -5
0 0 0 0 0 0 0 0
-55 28 -39 109 -60 -98 -81 33
-11 -35 93 84 -75 120 119 -48
-33 38 65 -63 109 30 -87 127
0 0 0 0 0 0 0 0
116 37 -86 -127 62 -123 14 9
85 -61 -98 23 -47 10 -81 125
55 48 6 -58 -107 35 107 -101
0 0 0 0 0 0 0 0
16 -90 36 -121 -114 -91 68 -97
-56 35 -57 -41 -70 56 -61 -21
81 -24 -4 -75 27 -92 100 81
0 0 0 0 0 0 0 0
33 40 -19 40 83 -97 -14 -42
-125 -20 -128 -96 5 104 -121 69
15 -19 88 106 -53 64 122 -95
0 0 0 0 0 0 0 0
34 -96 -66 -82 56 -62 -72 -97
-48 70 -118 -106 54 14 35 52
-61 -22 -80 51 102 -22 -70 86
0 0 0 0 0 0 0 0
45 -83 118 101 -7 80 -31 20
126 39 -30 42 61 -74 -32 -31
113 -80 49 95 -43 0 -106 -65
0 0 0 0 0 0 0 0
-47 64 -91 -4 -83 118 -81 -120
118 48 -87 33 119 -43 -27 -32
80 -111 -102 -123 43 22 68 -72
0 0 0 0 0 0 0 0
-55 85 -85 21 -65 56 25 15
33 -14 88 69 -66 70 55 13
91 -116 2 -44 -66 118 -128 -109
0 0 0 0 0 0 0 0
35 -42 -109 121 -5 1 -98 119
109 99 60 76 -13 115 63 -103
-79 -111 -48 -113 118 -103 -49 -71
0 0 0 0 0 0 0 0
127 40 -101 -118 -120 113 88 126
20 108 79 94 51 -39 100 -72
126 9 -18 -33 35 73 9 -112
0 0 0 0 0 0 0 0
-25 -115 97 -16 -88 -31 -17 53
-21 45 19 -6 12 -119 -87 -112
-93 -59 101 33 -93 69 90 -35
0 0 0 0 0 0 0 0
-79 -96 123 46 -52 35 -21 -83
-124 -5 106 -123 41 -39 -39 54
-75 -125 -84 -101 -39 -84 49 41
0 0 0 0 0 0 0 0
82 74 59 -38 -44 96 -116 -47
-35 -55 69 66 65 56 -29 -109
103 20 -1 -91 118 -117 18 -9
0 0 0 0 0 0 0 0
-94 -74 25 -46 -22 43 45 48
9 116 -101 -105 -127 54 19 -6
-122 -100 -36 93 -33 -48 -79 -27
0 0 0 0 0 0 0 0
-17 -25 -28 43 -97 -63 122 24
-94 -3 -28 -86 75 91 113 95
40 -128 67 -62 -62 -83 81 -116
0 0 0 0 0 0 0 0
116 -25 105 -41 -122 -42 -68 -1
-77 -72 78 45 -64 -4 20 -92
-32 100 -110 50 35 -103 -34 95
0 0 0 0 0 0 0 0
126 59 125 -113 88 -106 -62 -105
33 -11 -22 -12 72 -23 47 -69
-19 56 79 -109 -50 -90 -91 -93
0 0 0 0 0 0 0 0
-117 -26 28 99 -86 95 45 81
-87 -50 -88 -14 35 62 37 95
-73 -94 110 -97 83 19 -71 -27
0 0 0 0 0 0 0 0
-105 -52 110 -48 -31 55 -98 -37
120 102 3 -42 1 -114 27 0
107 -119 -93 -50 -96 58 26 -116
0 0 0 0 0 0 0 0
-76 57 45 -50 -109 -35 115 -10
-5 -47 -58 111 33 77 86 -85
-128 -71 22 110 -114 -28 120 -59
0 0 0 0 0 0 0 0
-118 -61 -124 52 -68 -76 63 94
5 -117 -68 13 12 7 -72 5
-71 10 30 3 98 -6 -67 1
0 0 0 0 0 0 0 0
-85 16 39 17 -76 110 52 -6
-16 -121 18 21 22 -98 -60 -33
3 49 112 9 9 34 102 119
0 0 0 0 0 0 0 0
-34 -52 48 49 8 -1 119 110
-104 36 -9 -119 -122 -120 120 -47
-55 57 -6 1 36 -128 -70 -87
0 0 0 0 0 0 0 0
78 -74 91 -102 34 69 -2 -121
114 82 120 15 29 127 102 80
-67 -78 -125 49 69 101 -38 34
0 0 0 0 0 0 0 0
-31 88 53 -86 34 74 -62 -63
64 43 121 -117 -10 -57 35 17
-24 72 -91 -96 65 -23 -124 110
0 0 0 0 0 0 0 0
81 92 59 -33 81 36 64 109
-45 -103 -99 127 -121 -38 6 31
59 109 -61 -124 -127 -52 115 8
0 0 0 0 0 0 0 0
-65 -95 33 -9 -99 29 86 -65
25 -35 -72 67 -22 -37 -88 116
-20 -115 -38 44 -104 -30 48 25
0 0 0 0 0 0 0 0
60 37 119 -97 -113 86 97 11
102 102 17 -100 -85 -1 -108 -20
-92 -120 -81 -123 -98 60 51 47
0 0 0 0 0 0 0 0
-77 -126 84 -40 108 13 62 -45
-95 -90 92 -48 -109 36 -113 37
-10 -26 -118 105 118 -77 122 19
0 0 0 0 0 0 0 0
53 41 -6 106 -119 77 -55 29
-63 -5 -11 -73 -45 -32 34 -70
30 53 -92 26 40 0 17 -70
0 0 0 0 0 0 0 0
95 87 -96 -111 71 -121 -10 53
16 -1 -22 -98 -98 118 34 25
-46 73 82 20 57 76 -113 85
0 0 0 0 0 0 0 0
42 38 21 11 114 -59 -43 -10
86 -21 90 17 72 -111 21 -77
-126 -70 111 58 -80 112 -87 -99
0 0 0 0 0 0 0 0
89 83 -32 -52 -79 47 -11 -90
-84 -47 -1 29 -60 22 78 36
49 80 -49 31 17 -64 -113 66
0 0 0 0 0 0 0 0
-35 -25 45 58 -94 -2 -51 50
-5 94 67 -31 -74 -12 99 -69
-4 19 -124 75 50 37 -50 47
0 0 0 0 0 0 0 0
