0 120 23 -12 110 124 42 111
110 -21 71 119 114 113 126 17
23 123 67 127 46 8 108 32
73 -6 127 36 120 33 26 57
84 122 85 109 124 102 82 127
71 90 94 74 108 33 0 108
122 92 81 119 -7 79 114 127
92 114 -67 60 47 81 -19 98
72 119 83 116 121 123 3 62
56 44 66 97 120 28 107 124
63 124 125 106 40 3 109 121
103 -17 96 120 96 104 82 52
103 54 76 81 104 98 80 76
4 108 115 94 127 93 96 108
18 92 111 113 -1 -42 85 97
90 120 70 25 74 -37 102 12
61 93 46 121 27 54 97 122
73 111 -36 112 123 100 40 85
114 109 89 127 92 31 98 120
113 115 110 119 60 33 99 34
103 29 39 99 93 -9 117 66
76 26 112 79 51 68 22 125
7 -11 93 35 55 108 72 100
85 70 22 120 57 113 53 73
108 57 114 73 20 44 69 126
76 111 116 110 72 -41 55 101
68 109 -14 101 45 124 103 47
104 111 96 44 9 61 107 103
56 -16 7 119 105 47 37 55
42 44 67 103 122 59 116 81
81 104 -12 61 122 101 67 127
71 118 -1 29 81 72 95 123
57 108 114 83 89 69 123 88
97 114 91 101 124 83 35 116
89 115 81 75 113 120 43 59
126 26 91 127 116 110 119 64
98 120 127 88 40 31 83 -36
116 30 103 -13 91 86 -15 53
29 124 77 78 99 61 76 98
124 18 105 24 12 112 127 94
88 110 -58 69 117 69 62 47
52 13 -55 68 28 79 96 73
40 115 87 -2 127 76 100 33
103 121 127 105 34 84 90 11
86 1 72 120 45 108 21 69
113 40 126 89 110 43 122 9
124 108 126 28 118 84 30 79
124 102 70 93 113 66 5 49
101 106 72 32 117 95 14 99
80 116 82 -6 114 21 59 83
77 105 76 122 87 96 -20 112
29 26 83 46 51 115 117 48
22 95 113 9 -59 99 124 87
102 105 61 104 59 82 110 110
41 14 -68 -31 116 61 30 97
113 66 106 110 80 90 91 107
-20 111 126 95 49 33 92 117
72 122 121 120 108 36 117 67
119 106 114 65 110 47 109 63
87 73 87 110 36 97 109 107
116 48 121 28 70 112 -13 76
63 115 3 -26 92 125 114 68
38 79 63 69 93 -18 106 -20
105 105 52 114 124 16 1 115
106 115 115 123 93 51 96 44
105 63 52 50 60 121 101 94
85 91 47 94 59 16 102 103
25 83 124 116 88 98 125 -49
104 -4 102 78 124 105 108 112
121 83 95 112 7 113 78 113
111 104 100 90 88 124 112 76
96 111 84 17 92 28 127 -35
62 15 122 97 124 53 20 87
105 78 102 94 71 106 111 50
119 116 103 -30 93 -14 119 119
125 76 117 127 -51 86 127 84
125 65 -10 94 120 64 8 78
61 107 110 95 119 78 92 106
120 54 123 40 101 116 124 126
78 99 120 118 57 107 114 124
41 92 125 99 44 99 -13 29
110 79 21 67 47 48 99 100
68 66 35 106 116 109 62 33
85 93 120 125 55 65 109 127
40 40 83 68 35 -41 104 69
81 106 64 122 45 118 80 20
126 42 61 52 113 95 102 86
85 21 118 25 118 88 119 55
91 2 118 68 127 121 113 126
109 94 115 100 126 -18 118 9
-25 123 35 53 45 106 41 54
-59 101 69 90 82 59 96 48
116 69 65 19 103 93 118 18
116 105 -42 122 -3 78 91 113
100 67 35 95 126 125 95 81
33 -12 72 95 56 110 83 -27
57 110 55 115 120 111 77 86
107 110 58 120 16 52 110 94
5 21 22 5 49 112 98 119
78 91 69 119 114 120 127 120
57 49 101 34 92 59 81 109
64 127 -10 35 109 -61 65 115
60 119 86 97 102 67 -1 116
-20 44 60 51 53 106 108 62
-5 92 36 37 53 105 118 122
95 21 114 53 86 90 118 34
73 111 112 85 89 58 47 50
94 67 22 99 80 75 50 66
