7.151893377e-01 9.446688890e-01
6.458941102e-01 8.917729855e-01
9.636627436e-01 7.917250395e-01
9.255966544e-01 9.437480569e-01
8.326198459e-01 8.700121641e-01
9.786183238e-01 7.805292010e-01
9.767611027e-01 7.392635942e-01
9.883738160e-01 2.961401939e-01
6.531082988e-01 6.924721003e-01
5.666014552e-01 6.563295722e-01
9.292961955e-01 8.209932446e-01
8.379449248e-01 9.764594436e-01
7.252542973e-01 9.560836554e-01
6.778165102e-01 9.621885419e-01
6.601735353e-01 6.180154085e-01
9.527490139e-01 8.464086652e-01
6.994792819e-01 8.137978315e-01
8.965466022e-01 8.919233680e-01
8.061940074e-01 9.194825888e-01
9.988470078e-01 8.681260347e-01
9.280812740e-01 8.480082154e-01
8.073189855e-01 5.772286057e-01
9.342139959e-01 8.663823009e-01
9.755215049e-01 3.982210755e-01
9.443724155e-01 8.310484290e-01
8.726506829e-01 7.980468273e-01
9.527916312e-01 6.874882579e-01
9.473705888e-01 6.793927550e-01
8.966712952e-01 9.903389215e-01
6.630781889e-01 7.583786249e-01
8.638556004e-01 5.864101648e-01
7.168596983e-01 9.774951339e-01
9.615701437e-01 9.493188262e-01
9.413776994e-01 9.037197232e-01
8.489435315e-01 9.619363546e-01
3.472335041e-01 9.818294048e-01
6.394725442e-01 6.720477939e-01
8.221177459e-01 8.605511785e-01
8.621914983e-01 9.729194641e-01
9.065554738e-01 6.956254244e-01
4.072411656e-01 7.885454893e-01
7.255943418e-01 7.786954045e-01
9.039839506e-01 5.875996351e-01
8.820413947e-01 7.241676450e-01
9.040443897e-01 6.996220350e-01
9.594333172e-01 6.455702186e-01
9.591665864e-01 6.813924909e-01
8.577226400e-01 9.564056993e-01
9.088436961e-01 8.155238032e-01
6.288984418e-01 4.240322411e-01
8.490383029e-01 9.589827061e-01
9.903450012e-01 4.090541005e-01
9.292914271e-01 9.894098043e-01
8.694885373e-01 6.625045538e-01
6.897682548e-01 8.817201853e-01
5.546877980e-01 7.487882376e-01
8.286569118e-01 9.249669313e-01
8.391891122e-01 9.854914546e-01
9.689717293e-01 9.920112491e-01
9.679655433e-01 9.944007993e-01
9.241587520e-01 8.623185754e-01
6.041178107e-01 8.953858614e-01
9.677946568e-01 7.105283737e-01
8.967611790e-01 8.792347908e-01
5.436780453e-01 7.103368044e-01
3.730348647e-01 9.221114516e-01
5.199523568e-01 6.939564347e-01
6.222310662e-01 8.869608045e-01
6.952700019e-01 9.805801511e-01
9.223479629e-01 9.233060479e-01
9.682863951e-01 9.197828174e-01
5.098071694e-01 9.521427155e-01
8.863046765e-01 9.078755975e-01
6.611174941e-01 4.402637482e-01
6.964631677e-01 4.565199018e-01
9.704936743e-01 8.980623484e-01
6.725823283e-01 9.992780089e-01
7.214066386e-01 9.795269370e-01
9.762256742e-01 7.645619512e-01
3.354981840e-01 8.595808148e-01
5.219962597e-01 9.799623489e-01
8.571249247e-01 7.453980446e-01
9.358320832e-01 9.834262133e-01
7.137668729e-01 6.849344373e-01
6.145277023e-01 8.427768350e-01
7.263424397e-01 4.050356150e-01
4.053735733e-01 7.372542620e-01
8.562761545e-01 7.032175064e-01
9.591422677e-01 8.671671748e-01
5.349168777e-01 7.814795971e-01
9.272118211e-01 8.956912756e-01
9.663899541e-01 9.873487353e-01
9.308187366e-01 8.773987889e-01
3.719187379e-01 6.817399263e-01
8.587774634e-01 4.445872903e-01
9.707314372e-01 9.918903112e-01
9.661474228e-01 9.758838415e-01
3.917969465e-01 9.227566123e-01
6.397051215e-01 8.442349434e-01
8.093649745e-01 9.543338418e-01
8.975427747e-01 6.216654181e-01
8.743999004e-01 5.682175756e-01
4.181092083e-01 8.173391223e-01
8.822836876e-01 7.332891226e-01
9.323939681e-01 8.890599608e-01
8.028934002e-01 9.195073843e-01
7.278881669e-01 8.119385839e-01
9.371170402e-01 7.150526047e-01
9.631972909e-01 4.864104390e-01
8.735568523e-01 8.989610672e-01
8.667885661e-01 4.468769729e-01
8.108386397e-01 9.149707556e-01
9.185464382e-01 7.791794538e-01
7.955903411e-01 8.998667598e-01
9.804856777e-01 8.634706736e-01
3.679174781e-01 7.573641539e-01
6.573188901e-01 9.011621475e-01
8.268616199e-01 9.738187194e-01
7.731100321e-01 9.031496644e-01
5.221758485e-01 8.894479275e-01
9.222984910e-01 8.738321662e-01
7.712254524e-01 7.298276424e-01
8.791733384e-01 7.368531823e-01
9.391608834e-01 9.998085499e-01
5.928802490e-01 7.087703943e-01
9.217190742e-01 7.239413857e-01
9.649249315e-01 7.193890810e-01
4.567036331e-01 5.258089304e-01
4.894586205e-01 7.532401085e-01
6.204999089e-01 9.485403299e-01
9.692058563e-01 4.904198945e-01
9.958152771e-01 8.237176538e-01
7.912274599e-01 9.673377872e-01
8.611230254e-01 7.008556724e-01
9.132843614e-01 9.655166268e-01
8.850218654e-01 9.416677952e-01
9.670549035e-01 6.915081143e-01
9.750946760e-01 8.281466365e-01
9.851086736e-01 5.189899206e-01
9.561231732e-01 6.383901238e-01
9.478219151e-01 7.917613983e-01
5.220624208e-01 9.062314034e-01
8.518086076e-01 9.623950720e-01
9.979940057e-01 9.878891706e-01
3.895485103e-01 9.555683732e-01
9.253950119e-01 6.646655798e-01
7.510322928e-01 8.927071691e-01
9.279761910e-01 9.114508629e-01
9.234555364e-01 5.604506135e-01
6.682182550e-01 9.838538170e-01
9.421847463e-01 8.882650137e-01
6.529997587e-01 8.152250648e-01
8.010748625e-01 8.164210320e-01
8.075637817e-01 6.271607280e-01
2.781165242e-01 9.650949836e-01
9.829991460e-01 9.926670194e-01
9.717630744e-01 7.879157662e-01
9.554659128e-01 8.007985950e-01
7.815816998e-01 9.163403511e-01
9.829900861e-01 5.736097693e-01
9.792863131e-01 9.468071461e-01
8.877008557e-01 8.310311437e-01
6.605361700e-01 9.960712790e-01
8.671145439e-01 9.608125091e-01
9.378643632e-01 6.211403012e-01
9.824448824e-01 7.118704319e-01
7.681946754e-01 8.219038844e-01
9.665750861e-01 9.942330718e-01
7.932816744e-01 7.748797536e-01
9.440324903e-01 7.562872171e-01
8.103020787e-01 5.775901079e-01
7.018404603e-01 8.733194470e-01
7.672100663e-01 6.455442905e-01
7.396324873e-01 9.568705559e-01
9.580671787e-01 9.657343030e-01
9.853785634e-01 8.872831464e-01
3.655390143e-01 9.980227947e-01
9.903685451e-01 3.966101110e-01
8.986376524e-01 6.736532450e-01
9.351605177e-01 8.847648501e-01
7.690470219e-01 7.044015527e-01
8.429732919e-01 9.078984857e-01
8.980877399e-01 8.356460333e-01
9.164190292e-01 8.304763436e-01
5.379458070e-01 9.565441012e-01
9.834339619e-01 8.174532652e-01
6.012771726e-01 7.719308734e-01
9.003674388e-01 9.832748771e-01
8.809980750e-01 7.416031361e-01
9.082483649e-01 5.582834482e-01
9.296187162e-01 9.825738668e-01
9.804664850e-01 7.175595164e-01
9.064941406e-01 7.998654246e-01
7.017857432e-01 2.289076000e-01
4.810424447e-01 8.625592589e-01
8.488330245e-01 9.983548522e-01
8.473076820e-01 8.406409025e-01
8.565674424e-01 9.790109396e-01
8.988252282e-01 6.844985485e-01
9.985265732e-01 8.815672994e-01
9.290661812e-01 7.486060262e-01
7.137177587e-01 9.154076576e-01
9.191709757e-01 9.890884161e-01
9.906516671e-01 8.756922483e-01
9.596956372e-01 8.701821566e-01
6.383628845e-01 8.018158674e-01
5.551939011e-01 6.953464746e-01
9.605224133e-01 8.511984944e-01
8.049355745e-01 9.260265231e-01
6.143463254e-01 6.716898680e-01
8.284804821e-01 8.526890278e-01
9.454309940e-01 8.029753566e-01
8.450776339e-01 9.829264879e-01
8.996517062e-01 7.975263596e-01
9.270205498e-01 7.284739614e-01
9.006752372e-01 8.496899009e-01
7.034070492e-01 3.216976225e-01
9.585323334e-01 7.884683609e-01
8.871315718e-01 8.184221387e-01
9.738933444e-01 8.418157101e-01
8.907643557e-01 6.218823791e-01
7.594502568e-01 6.161829829e-01
5.469500422e-01 9.682043791e-01
7.716028094e-01 9.793245196e-01
8.742827773e-01 7.047321796e-01
9.582793117e-01 8.400167227e-01
8.109817505e-01 9.890880585e-01
8.181010485e-01 8.365471959e-01
9.670467973e-01 8.748423457e-01
4.835006595e-01 9.301263690e-01
8.618229628e-01 9.465571046e-01
9.178766012e-01 9.090927839e-01
9.703752995e-01 8.652114868e-01
9.550641179e-01 8.700997829e-01
8.019572496e-01 7.188789248e-01
8.256807923e-01 6.001844406e-01
8.373263478e-01 9.229142666e-01
9.371230006e-01 8.626660705e-01
6.659514308e-01 8.167256713e-01
9.574885368e-01 5.584100485e-01
6.090939045e-01 1.861301661e-01
9.427794218e-01 8.429211378e-01
9.832027555e-01 8.768206239e-01
9.981989264e-01 8.239901066e-01
9.642097354e-01 7.808851600e-01
9.444041252e-01 7.296113968e-01
9.634699821e-01 9.414392710e-01
7.211981416e-01 6.438640356e-01
8.115184903e-01 6.981163621e-01
9.417421222e-01 7.092337608e-01
7.319302559e-01 4.268195033e-01
9.004101753e-01 8.751996160e-01
7.262432575e-01 9.040508270e-01
9.438275695e-01 6.867833734e-01
8.527361751e-01 9.747744203e-01
9.334558845e-01 9.835554361e-01
7.491006255e-01 8.051275015e-01
7.692471147e-01 9.788569808e-01
8.408302665e-01 3.954107165e-01
9.482967257e-01 5.184323192e-01
6.651828289e-01 8.341762424e-01
5.955850482e-01 8.196898103e-01
9.747232199e-01 9.669559598e-01
7.399374843e-01 9.682117701e-01
7.240725160e-01 7.547838688e-01
8.204621673e-01 4.638946652e-01
7.083602548e-01 5.724502206e-01
9.082731009e-01 9.895250797e-01
8.810666203e-01 7.878494263e-01
9.219157696e-01 2.779353559e-01
8.490286469e-01 7.890359759e-01
8.429348469e-01 9.559122920e-01
9.674006104e-01 6.502003074e-01
9.874349833e-01 6.121808887e-01
7.569352984e-01 9.736415148e-01
9.156528115e-01 6.451385617e-01
9.409503341e-01 6.143674850e-01
9.522157907e-01 8.012734056e-01
9.160509109e-01 7.914537191e-01
6.238667369e-01 9.670055509e-01
9.620232582e-01 9.949018955e-01
9.514108300e-01 9.133921862e-01
8.435903788e-01 8.010587096e-01
6.380845904e-01 9.015628099e-01
9.101313949e-01 9.630938768e-01
7.243335843e-01 9.801590443e-01
8.948697448e-01 8.216719627e-01
8.057023287e-01 9.238783121e-01
8.794174790e-01 8.974333405e-01
9.107252359e-01 9.905391932e-01
7.328151464e-01 9.809793830e-01
7.105053067e-01 6.254175901e-01
9.354927540e-01 9.904533029e-01
5.345089436e-01 5.015914440e-01
9.444741607e-01 8.766818643e-01
9.747872353e-01 4.498615265e-01
7.763336897e-01 9.473085999e-01
5.751110911e-01 9.961004257e-01
7.503432035e-01 4.949716330e-01
8.878650069e-01 7.385922074e-01
8.866832256e-01 5.684190392e-01
9.615751505e-01 9.504860640e-01
9.338463545e-01 9.088765383e-01
7.748654485e-01 6.569389701e-01
4.849052727e-01 8.212376237e-01
9.622799158e-01 8.941724896e-01
9.667377472e-01 6.197720766e-01
8.675808311e-01 5.765950680e-01
8.762619495e-01 7.939083576e-01
5.890983343e-01 9.521098137e-01
8.776183724e-01 6.946108937e-01
9.787965417e-01 6.702389121e-01
7.243309617e-01 9.019236565e-01
8.513234258e-01 9.390783310e-01
9.551260471e-01 6.040269136e-01
7.568327785e-01 9.934052229e-01
8.618068099e-01 9.565715790e-01
6.832706928e-01 9.729335904e-01
6.154233813e-01 9.762734175e-01
9.442598224e-01 9.830668569e-01
8.838254213e-01 7.571297884e-01
9.863290787e-01 9.428394437e-01
8.584775925e-01 3.457458317e-01
5.006770492e-01 5.190989375e-01
8.897621632e-01 8.719683886e-01
6.114853024e-01 9.958299994e-01
9.143989086e-01 8.135817051e-01
7.312927842e-01 8.621662855e-01
7.748038769e-01 9.651163220e-01
5.587310195e-01 8.452379704e-01
9.537062049e-01 7.952528000e-01
7.850663662e-01 7.874664664e-01
9.662211537e-01 9.640203714e-01
9.539204836e-01 9.970463514e-01
9.529367685e-01 9.281017780e-01
9.180043936e-01 6.141750216e-01
7.457637191e-01 5.753965974e-01
7.530423999e-01 4.892255068e-01
6.091640592e-01 8.035452962e-01
7.583655119e-01 8.241047859e-01
9.828033447e-01 6.862910390e-01
7.567656040e-01 9.464154840e-01
5.938301086e-01 6.598040462e-01
6.030381322e-01 8.360176086e-01
2.916492522e-01 9.044850469e-01
9.999639988e-01 3.091918230e-01
7.711461186e-01 9.268024564e-01
3.575195968e-01 9.042874575e-01
6.325089931e-01 9.016110897e-01
9.869924784e-01 7.536801100e-01
8.666605949e-01 6.942914724e-01
8.182727695e-01 8.579785824e-01
7.932593226e-01 7.014763355e-01
9.798641205e-01 9.637488723e-01
9.499142766e-01 9.317764640e-01
9.999489784e-01 3.090495765e-01
8.658437729e-01 8.614059091e-01
7.907728553e-01 9.185266495e-01
6.906535625e-01 9.696234465e-01
3.486332297e-01 5.784515738e-01
9.621707797e-01 9.115462899e-01
7.839055061e-01 9.695823789e-01
7.422715425e-01 5.760767460e-01
9.702129364e-01 7.687722445e-01
9.668005705e-01 9.357995987e-01
5.890135169e-01 7.903403640e-01
4.851596355e-01 9.897655249e-01
8.676871657e-01 8.757651448e-01
9.016067386e-01 7.595363259e-01
8.100038767e-01 9.050007463e-01
9.585859179e-01 8.005974889e-01
6.644912362e-01 9.589616060e-01
8.175088167e-01 9.714355469e-01
8.164126873e-01 8.283895254e-01
6.986299753e-01 6.033475995e-01
7.743529677e-01 4.752140343e-01
9.635994434e-01 9.416870475e-01
9.561498165e-01 8.135449886e-01
9.529108405e-01 3.921798766e-01
9.368628263e-01 7.738629580e-01
7.464978099e-01 6.011605859e-01
7.362607718e-01 8.385086060e-01
7.835077643e-01 8.334788680e-01
7.475763559e-01 5.505788922e-01
7.890142202e-01 8.921133280e-01
7.972378731e-01 9.978579879e-01
7.991831899e-01 8.390292525e-01
9.689448476e-01 7.095910311e-01
9.233410954e-01 8.440937400e-01
9.782289267e-01 8.252822161e-01
9.389649034e-01 8.421680927e-01
8.588569164e-01 5.758383870e-01
6.188670397e-01 3.792357445e-01
8.313036561e-01 9.648820758e-01
8.906874061e-01 9.687912464e-01
7.997301221e-01 8.938676715e-01
9.286425114e-01 8.091995716e-01
9.508931041e-01 6.018679738e-01
8.658052683e-01 7.953362465e-01
3.045715392e-01 7.342962027e-01
7.169750929e-01 6.611487865e-01
4.322795868e-01 5.426010489e-01
5.219137073e-01 9.674940705e-01
7.473818064e-01 9.372935295e-01
9.335995913e-01 7.524914145e-01
9.843017459e-01 9.735187292e-01
9.109833241e-01 7.306790948e-01
9.586012959e-01 9.870849252e-01
9.557820559e-01 4.421293139e-01
9.623967409e-01 9.018411636e-01
9.245052338e-01 7.745664120e-01
6.484137177e-01 9.232318401e-01
6.186407804e-01 7.683611512e-01
5.592094064e-01 9.202335477e-01
9.923469424e-01 9.796643853e-01
9.666820168e-01 3.163353801e-01
9.567514062e-01 9.866223335e-01
9.879977107e-01 6.142243147e-01
9.360589981e-01 8.965112567e-01
7.314502597e-01 6.266367435e-01
8.726019263e-01 9.999311566e-01
8.601434827e-01 9.539157152e-01
7.080112696e-01 8.952968121e-01
5.387518406e-01 8.113770485e-01
9.758464098e-01 7.171852589e-01
8.121854067e-01 8.106963634e-01
6.849379539e-01 8.603830934e-01
8.621976376e-01 7.736776471e-01
9.097412825e-01 3.846298158e-01
9.146943092e-01 8.566662669e-01
3.214385808e-01 7.558082938e-01
9.549880624e-01 8.344984055e-01
