5.488135039273247529e-01 7.151893663724194772e-01
6.027633760716438749e-01 5.448831829968968643e-01
4.236547993389047084e-01 6.458941130666561170e-01
4.375872112626925103e-01 8.917730007820797722e-01
9.636627605010292807e-01 3.834415188257777052e-01
7.917250380826645895e-01 5.288949197529044799e-01
5.680445610939323098e-01 9.255966382926610336e-01
7.103605819788694209e-02 8.712929970154070780e-02
2.021839744032571939e-02 8.326198455479379978e-01
7.781567509498504842e-01 8.700121482468191614e-01
9.786183422327640047e-01 7.991585642167235992e-01
4.614793622529318462e-01 7.805291762864554617e-01
1.182744258689332195e-01 6.399210213275238202e-01
1.433532874090464038e-01 9.446689170495838894e-01
5.218483217500716753e-01 4.146619399905235870e-01
2.645556121046269693e-01 7.742336894342166653e-01
4.561503322165485486e-01 5.684339488686485087e-01
1.878980043635514185e-02 6.176354970758770602e-01
6.120957227224214092e-01 6.169339968747569181e-01
9.437480785146241669e-01 6.818202991034834071e-01
3.595079005737860101e-01 4.370319537993414549e-01
6.976311959272648577e-01 6.022547162926983333e-02
6.667667154456676792e-01 6.706378696181594101e-01
2.103825610738409013e-01 1.289262976548533057e-01
3.154283509241838646e-01 3.637107709426226076e-01
5.701967704178796392e-01 4.386015134623203471e-01
9.883738380592261841e-01 1.020448107480280697e-01
2.088767560948346924e-01 1.613095178849962563e-01
6.531083254653984316e-01 2.532916025397821125e-01
4.663107728563062881e-01 2.444255920016027428e-01
1.589695836455197187e-01 1.103751411643051350e-01
6.563295894652734219e-01 1.381829513486138028e-01
1.965823616800534968e-01 3.687251706609641078e-01
8.209932298479351021e-01 9.710127579306127021e-02
8.379449074988039037e-01 9.609840789396306704e-02
9.764594650133957554e-01 4.686512016477015763e-01
9.767610881903371345e-01 6.048455197450459675e-01
7.392635793983016734e-01 3.918779225432067470e-02
2.828069625764095818e-01 1.201965612131689065e-01
2.961401975221449323e-01 1.187277189542440547e-01
3.179831793939760232e-01 4.142629945146699688e-01
6.414749634878436080e-02 6.924721193700198452e-01
5.666014542065751503e-01 2.653894909394454160e-01
5.232480534666996697e-01 9.394051075844167542e-02
5.759464955561792721e-01 9.292961975762140669e-01
3.185689524513236615e-01 6.674103799636816881e-01
1.317978624043921743e-01 7.163272041185655414e-01
2.894060929472010990e-01 1.831913620071168314e-01
5.865129348100831530e-01 2.010754618749355238e-02
8.289400292173630946e-01 4.695476192547065608e-03
6.778165367962301069e-01 2.700079731921648518e-01
7.351940221225948813e-01 9.621885451174382320e-01
2.487531435199580310e-01 5.761573344178368972e-01
5.920419312718390170e-01 5.722519057908733719e-01
2.230816326406183103e-01 9.527490115169849894e-01
4.471253786176273559e-01 8.464086724711278320e-01
6.994792753175043121e-01 2.974369508551336638e-01
8.137978197024772209e-01 3.965057408469846445e-01
8.811031971111615846e-01 5.812728726358586950e-01
8.817353618548527949e-01 6.925315900777658795e-01
7.252542798196405238e-01 5.013243819267022561e-01
9.560836347232238852e-01 6.439901992296374056e-01
4.238550485581796812e-01 6.063932141279243515e-01
1.919319830933352566e-02 3.015748166745493286e-01
6.601735374926850364e-01 2.900776072104440662e-01
6.180154289988415428e-01 4.287687009457661347e-01
1.354740642224502301e-01 2.982823259560307694e-01
5.699649107012648708e-01 5.908727612481732283e-01
5.743252488495788066e-01 6.532008198571336299e-01
6.521032700016888839e-01 4.314184354339739569e-01
8.965465958510629996e-01 3.675618700478965328e-01
4.358649252656268125e-01 8.919233550156721035e-01
8.061939890460857461e-01 7.038885835403663194e-01
1.002268873123011161e-01 9.194826137446735492e-01
7.142412995491114192e-01 9.988470065678665133e-01
1.494483046579937469e-01 8.681260573682142434e-01
1.624929346763748228e-01 6.155595642838441739e-01
1.238199828494415122e-01 8.480082293222344081e-01
8.073189587250106936e-01 5.691007386145933156e-01
4.071832972259996630e-01 6.916699545513804726e-02
6.974287731445636407e-01 4.535426826780688536e-01
7.220555994703479197e-01 8.663823259286291822e-01
9.755215050028858137e-01 8.558033423926110217e-01
1.171408418500197168e-02 3.599780644783638905e-01
7.299905624240580204e-01 1.716296772614405164e-01
5.210366062041292823e-01 5.433798833925362892e-02
1.999965248964000741e-01 1.852179446061397172e-02
7.936977033574206253e-01 2.239246880603801282e-01
3.453516806969026964e-01 9.280812934655908730e-01
7.044144019235327736e-01 3.183892953130784687e-02
1.646941564979127470e-01 6.214784014997635220e-01
5.772285886041675917e-01 2.378928213745086229e-01
9.342139979247937598e-01 6.139659559658959820e-01
5.356328030249583039e-01 5.899099763545709862e-01
7.301220295167696328e-01 3.119449954796018609e-01
3.982210622160918811e-01 2.098437489751221463e-01
1.861930058803361598e-01 9.443723899839335800e-01
7.395507950492875571e-01 4.904588086175670769e-01
2.274146279733232356e-01 2.543564817703929393e-01
5.802916032387561707e-02 4.344166255581207725e-01
3.117958819941025750e-01 6.963434888154594882e-01
3.777518392924809065e-01 1.796036775596348001e-01
2.467872839133122831e-02 6.724963146324858254e-02
6.793927734985673039e-01 4.536968445560453089e-01
5.365792111087221983e-01 8.966712930403420989e-01
9.903389473967043610e-01 2.168969843984739354e-01
6.630782031001007937e-01 2.633223767371506430e-01
2.065099946572868106e-02 7.583786538361414475e-01
3.200171508224678441e-01 3.834638941718979677e-01
5.883171135536057195e-01 8.310484552361904198e-01
6.289818435911487260e-01 8.726506554473952848e-01
2.735420348156357706e-01 7.980468339125637023e-01
1.856359443059522052e-01 9.527916569719445672e-01
6.874882763878152891e-01 2.155076771135584490e-01
9.473705904889242468e-01 7.308558067701578231e-01
2.539416425950258294e-01 2.133119773674819752e-01
5.182007139306632482e-01 2.566271805453157473e-02
2.074700754411094028e-01 4.246854687515062565e-01
3.741699803342255493e-01 4.635754243648106954e-01
2.776287062947319084e-01 5.867843464581687929e-01
8.638556059232314066e-01 1.175318559620330827e-01
5.173791071541141706e-01 1.320681063451533133e-01
7.168596811925936896e-01 3.960597028072937453e-01
5.654213118585089681e-01 1.832798362140786175e-01
1.448477593433772359e-01 4.880562806489545657e-01
3.556127378499556180e-01 9.404319452528130396e-01
7.653252538069652555e-01 7.486636198505473017e-01
9.037197397459334480e-01 8.342243544201854988e-02
5.521924699224065591e-01 5.844760689557688682e-01
9.619363785472290207e-01 2.921475267925488506e-01
2.408287799154468223e-01 1.002939422654978152e-01
1.642962959147420410e-02 9.295293167921905297e-01
6.699165465909100448e-01 7.851529120231377501e-01
2.817301057539490783e-01 5.864101661863266868e-01
6.395526612098112462e-02 4.856275959346229021e-01
9.774951397444467949e-01 8.765052453165907975e-01
3.381589518368456337e-01 9.615701545414985230e-01
2.317016264712045137e-01 9.493188224156814403e-01
9.413777047064986192e-01 7.992025873523916912e-01
6.304479368667911254e-01 8.742879666249470105e-01
2.930202845077967133e-01 8.489435553129182077e-01
6.178766919175238126e-01 1.323685775889948957e-02
3.472335179322195708e-01 1.481408609481650318e-01
9.818293898182531843e-01 4.783703070399880630e-01
4.973913654986626964e-01 6.394725163987236005e-01
3.685846061296175202e-01 1.369002716855989288e-01
8.221177331942455258e-01 1.898479119027579598e-01
5.113189825464560245e-01 2.243170289747392632e-01
9.784448449403404524e-02 8.621915174216833178e-01
9.729194890231303017e-01 9.608346580630001688e-01
9.065554992211789509e-01 7.740473326986387903e-01
3.331451520286419221e-01 8.110138998799676369e-02
4.072411714138073346e-01 2.322341421709427367e-01
1.324876347579829750e-01 5.342718178682526187e-02
7.255943642105787683e-01 1.142745862503102838e-02
7.705807485027762471e-01 1.469466454003750533e-01
7.952208258675574903e-02 8.960303423860538352e-02
6.720478073539144503e-01 2.453672098528447698e-01
4.205394666800984504e-01 5.573687913239169234e-01
8.605511738287937584e-01 7.270442627113282708e-01
2.703279052387146386e-01 1.314827992911276056e-01
5.537432042119794229e-02 3.015986344809424846e-01
2.621181492396782442e-01 4.561405668004796521e-01
6.832813355476804462e-01 6.956254456388571983e-01
2.835188465821666393e-01 3.799269559001204888e-01
1.811509617369030378e-01 7.885455123065187033e-01
5.684807643324030213e-02 6.969972417249873375e-01
7.786953959411033743e-01 7.774075618487531480e-01
2.594225643453549335e-01 3.738131379325614345e-01
5.875996351963890252e-01 2.728219024244670221e-01
3.708527992178887178e-01 1.970542801856396409e-01
4.598558837560073886e-01 4.461230125411408398e-02
7.997958845706180098e-01 7.695644698663273164e-02
5.188351488315260385e-01 3.068100995451961133e-01
5.775429488313754689e-01 9.594333408334251301e-01
6.455702444560038611e-01 3.536243575549091744e-02
4.304024395080612297e-01 5.100168523182502245e-01
5.361774947034519956e-01 6.813925106038378754e-01
2.775960977317660783e-01 1.288605654663201872e-01
3.926756765470943433e-01 9.564057227959488205e-01
1.871308917508447411e-01 9.039839549282370212e-01
5.438059500773263499e-01 4.569114216457658140e-01
8.820414102298895775e-01 4.586039617685858660e-01
7.241676366115432639e-01 3.990253217031020094e-01
9.040443929009577273e-01 6.900250201912273562e-01
6.996220542505167117e-01 3.277204015571189011e-01
7.567786427368892177e-01 6.360610554471413103e-01
2.400202733797095478e-01 1.605388224852564161e-01
7.963914745173317211e-01 9.591666030352224981e-01
4.581388272600428468e-01 5.909841653236849179e-01
8.577226441935545953e-01 4.572234533538570567e-01
9.518744768327361827e-01 5.757511620448724221e-01
8.207671207013149672e-01 9.088437184127383661e-01
8.155238187685688311e-01 1.594144634489559342e-01
6.288984390617003983e-01 3.984342586196770730e-01
6.271295202334570273e-02 4.240322518898419490e-01
2.586840668894077044e-01 8.490383084285108017e-01
3.330462654669619216e-02 9.589827218634735528e-01
3.553688484719296214e-01 3.567068904025428866e-01
1.632850268370789060e-02 1.852323252361839367e-01
4.012595008036087263e-01 9.292914173027139180e-01
9.961493022127132502e-02 9.453015334790795254e-01
8.694885305466322212e-01 4.541623969075517797e-01
3.267008817682600652e-01 2.327441292790568550e-01
6.144647064768743450e-01 3.307459147550562140e-02
1.560606444682821614e-02 4.287957224982378301e-01
6.807407397472020616e-02 2.519409882460929007e-01
2.211609153460838417e-01 2.531911937228519260e-01
1.310552312152577503e-01 1.203622289765426956e-02
1.154842971387480821e-01 6.184802595127478764e-01
9.742562128180503045e-01 9.903450015608938894e-01
4.090540953730615881e-01 1.629544260466053718e-01
6.387617573665292925e-01 4.903053465487371421e-01
9.894097772844314687e-01 6.530420715178020252e-02
7.832344383138131194e-01 2.883984973314939193e-01
2.414186200765739976e-01 6.625045715326759455e-01
2.460631849909644675e-01 6.658591175591876965e-01
5.173085172022887646e-01 4.240889884358493012e-01
5.546878086614189796e-01 2.870515199196297385e-01
7.065747062729789141e-01 4.148568693335640267e-01
3.605455604858922580e-01 8.286569145557377558e-01
9.249669119531921391e-01 4.600731088729692608e-02
2.326269928297655110e-01 3.485193694925632357e-01
8.149664793702473542e-01 9.854914276432975573e-01
9.689717046703517633e-01 9.049483455499268691e-01
2.965562650640298781e-01 9.920112434144741087e-01
2.494200410564512138e-01 1.059061548822322063e-01
9.509526110553940814e-01 2.334202554680963049e-01
6.897682650777504643e-01 5.835635898058866289e-02
7.307090991274761693e-01 8.817202123338396813e-01
2.724368954659625031e-01 3.790568960774285401e-01
3.742961833209160760e-01 7.487882575401331176e-01
2.378072425390388434e-01 1.718530990476430098e-01
4.492916486877380766e-01 3.044684073773195054e-01
8.391891222586523869e-01 2.377418260156387575e-01
5.023894574892614484e-01 9.425835996979303744e-01
6.339976977446607487e-01 8.672894054624648019e-01
9.402096893547673417e-01 7.507648618863519419e-01
6.995750602247513550e-01 9.679655666042270568e-01
9.944007896476794173e-01 4.518216826697596389e-01
7.086977818420836517e-02 2.927940314405188538e-01
1.523547056877304628e-01 4.174863747960118054e-01
1.312893284732560284e-01 6.041178040208819988e-01
3.828080591578540970e-01 8.953858842882099767e-01
9.677946717985018710e-01 5.468849016694221632e-01
2.748235698675965955e-01 5.922304187618367965e-01
8.967611582244098267e-01 4.067333458357482723e-01
5.520782766919708484e-01 2.716527676061458729e-01
4.554441494500269805e-01 4.017135353795986408e-01
2.484134650829710189e-01 5.058663838253083522e-01
3.103808259798114255e-01 3.730348638807474693e-01
5.249704422542642579e-01 7.505950229289874986e-01
3.335074657912753260e-01 9.241587666207635721e-01
8.623185468359023664e-01 4.869029597552854138e-02
2.536425242568227656e-01 4.461355126592019271e-01
1.046278887424740844e-01 3.484759890334970800e-01
7.400975256176824946e-01 6.805144811428258667e-01
6.223844285660048437e-01 7.105284027223456311e-01
2.049236869597017563e-01 3.416981148647321165e-01
6.762424822774628641e-01 8.792347630313270823e-01
5.436780538280951980e-01 2.826996509455366180e-01
3.023525800598259039e-02 7.103368289742133523e-01
7.884103508440376551e-03 3.726790698209955233e-01
5.305372145627818004e-01 9.221114617671930525e-01
8.949454503290010798e-02 4.059423219682837258e-01
2.431319971015777348e-02 3.426109843415903189e-01
6.222310588397949038e-01 2.790679482285983726e-01
2.097499496556350929e-01 1.157032333270936464e-01
5.771402440203418083e-01 6.952700059046860170e-01
6.719571405958223442e-01 9.488610207205073754e-01
2.703213893502698362e-03 6.471966538940360225e-01
6.003922370976395584e-01 5.887396099702881802e-01
9.627703198402424167e-01 1.687167337003969703e-02
6.964824307014501059e-01 8.136786497018634323e-01
5.098071966215841355e-01 3.339648695968091552e-01
7.908401632274049131e-01 9.724292563242464826e-02
4.420356377299252681e-01 5.199523745708382050e-01
6.939564109345475185e-01 9.088573203240946086e-02
2.277595015378609533e-01 4.103015626901256319e-01
6.232946730201306407e-01 8.869607812174175043e-01
6.188261682413764841e-01 1.334614709349344341e-01
9.805801327872823991e-01 8.717857347554929248e-01
5.027207611453240466e-01 9.223479817966330208e-01
5.413807937571357698e-01 9.233060678891631401e-01
8.298973686033431774e-01 9.682864102942972950e-01
9.197828107781583773e-01 3.603381742856948122e-02
1.747720041609399644e-01 3.891346771011857664e-01
9.521426972954207812e-01 3.000289194759295786e-01
1.604676438876010414e-01 8.863046660865598891e-01
4.463944154832029110e-01 9.078755943543260765e-01
1.602304663201432611e-01 6.611175115080994980e-01
4.402637528294918168e-01 7.648676903028539531e-02
6.964631446525005876e-01 2.473987555391536919e-01
3.961552257951772571e-02 5.994429824957325792e-02
6.107853706678734174e-02 9.077329574850394600e-01
7.398839178291010121e-01 8.980623572137350630e-01
6.725823112965213513e-01 5.289399290308831603e-01
3.044463643473782621e-01 9.979622513286734442e-01
3.621890589393893523e-01 4.706489492139095399e-01
3.782451749234617688e-01 9.795269293354585960e-01
1.746583853950057774e-01 3.279880009080796688e-01
6.803486660150015464e-01 6.320761833863064449e-02
6.072493740115409988e-01 4.776465028764160792e-01
2.839999767621010918e-01 2.384132809240580020e-01
5.145127432987567362e-01 3.679275805370413321e-01
4.565198912626553529e-01 3.374773817642399143e-01
9.704936935959775912e-01 1.334394317456040202e-01
9.680395317837420244e-02 3.433917287909160621e-01
5.910269008704912563e-01 6.591764718500282560e-01
3.972567471680420459e-01 9.992779939221710928e-01
3.518929961930425954e-01 7.214066679599524523e-01
6.375826945307928595e-01 8.130538632474606509e-01
9.762256634538200029e-01 8.897936564455402042e-01
7.645619743577085625e-01 6.982484778182905805e-01
3.354981696758996268e-01 1.476855782067073575e-01
6.263600305980976390e-02 2.419017042014848240e-01
4.322814811812986102e-01 5.219962736299824657e-01
7.730835540548716134e-01 9.587409230565929752e-01
1.173204803848110211e-01 1.070041401937915637e-01
5.896947230135507478e-01 7.453980739472929606e-01
8.481503803469848668e-01 9.358320802167885422e-01
9.834262422606420140e-01 3.998016922245258842e-01
3.803351835275731174e-01 1.478086766972723787e-01
6.849344386835594101e-01 6.567619584408370681e-01
8.620625958512072584e-01 9.725799478764063366e-02
4.977769078253417856e-01 5.810819296720630689e-01
2.415570400399184026e-01 1.690254061291612819e-01
8.595808364196214635e-01 5.853492223555878393e-02
4.706209039180728748e-01 1.158340013008852809e-01
4.570587613313673581e-01 9.799623263423092867e-01
4.237063534554728061e-01 8.571249175045673185e-01
1.173155641831938878e-01 2.712520767618641360e-01
4.037927406673345043e-01 3.998121400093307409e-01
6.713834786701531332e-01 3.447181273755076658e-01
7.137668684100163530e-01 6.391868992253925130e-01
3.991611452547730865e-01 4.317601276543192590e-01
6.145276998103207378e-01 7.004219014464463378e-02
8.224067383556903366e-01 6.534211611136369058e-01
7.263424644178352318e-01 5.369230010823904387e-01
1.104771109917447314e-01 4.050356132969499257e-01
4.053735828485560688e-01 3.210429900432169026e-01
2.995032490474935916e-02 7.372542425964773161e-01
1.097844580625007005e-01 6.063081330450851292e-01
7.032174964672157635e-01 6.347863229336947466e-01
9.591422519779749800e-01 1.032981550851386210e-01
8.671671591051991479e-01 2.919023484891325460e-02
5.349168549270839623e-01 4.042436179392587814e-01
5.241838603937581942e-01 3.650998770600097920e-01
1.905669149400680551e-01 1.912289744868977959e-02
5.181498137911743074e-01 8.427768626848423095e-01
3.732159557447941589e-01 2.228638180149802306e-01
8.053200347184408248e-02 8.531092311870336342e-02
2.213964462927722199e-01 1.000140609215551812e-01
2.650396983644820459e-01 6.614946211695471590e-02
6.560486720992564358e-02 8.562761796227819078e-01
1.621202607088332304e-01 5.596824058234479704e-01
7.734555444490305298e-01 4.564095653390666252e-01
1.533688778593457203e-01 1.995961421201143393e-01
4.329842062811807279e-01 5.282340891785357595e-01
3.494402920485348840e-01 7.814796002346613424e-01
7.510216488563984383e-01 9.272118073731179244e-01
2.895254902696053900e-02 8.956912912102034108e-01
3.925687884621510415e-01 8.783724953799940671e-01
6.907847761565295563e-01 9.873487570739681862e-01
7.592824517166680831e-01 3.645446259967866087e-01
5.010631728347521019e-01 3.763891551943512326e-01
3.649118360212381118e-01 2.609044993810597513e-01
4.959702953734695940e-01 6.817399450693611973e-01
2.773402713052435242e-01 5.243798110772199816e-01
1.173802941705571756e-01 1.598452868541913041e-01
4.680635471218874688e-02 9.707314427706328352e-01
3.860351510261095243e-03 1.785799680576563020e-01
6.128667531169923466e-01 8.136959885330530273e-02
8.818965030968323182e-01 7.196201578422881662e-01
9.663899714378934025e-01 5.076355472407648728e-01
3.004036831584872003e-01 5.495005727952714247e-01
9.308187172979731638e-01 5.207614372418605253e-01
2.672070318623186447e-01 8.773987891741196199e-01
3.719187485124613168e-01 1.383349998999139352e-03
2.476850224923159427e-01 3.182335091770623903e-01
8.587774682319021524e-01 4.585031670664450054e-01
4.445872878113007465e-01 3.361022663998873838e-01
8.806781230470795974e-01 9.450267769403913887e-01
9.918903291546293799e-01 3.767412669609867537e-01
9.661474456271713640e-01 7.918795696309013366e-01
6.756891476442667965e-01 2.448894794200994207e-01
2.164572609442098061e-01 1.660478245212456683e-01
9.227566102253653701e-01 2.940766623831660986e-01
4.530942454488784410e-01 4.939578339872234825e-01
7.781715954502541610e-01 8.442349615530241325e-01
1.390727011486128095e-01 4.269043602110736968e-01
8.428548878354571450e-01 8.180333057558384358e-01
1.024137584524164035e-01 1.563833488679630124e-01
3.041986915994078222e-01 7.535906908334033538e-02
4.246630028405928847e-01 1.076177051495819104e-01
5.682175936698450336e-01 2.465569398111561172e-01
5.964330653496227042e-01 1.175256429036376504e-01
9.758838684185333623e-01 9.325612038573404261e-01
3.917969385646657976e-01 2.421785941260854447e-01
2.503982128535727769e-01 4.833935352023920329e-01
3.999280190071696772e-02 6.397051060751269835e-01
4.083029083397448078e-01 3.774065725888873235e-01
8.093649714891983926e-01 7.090354601832900006e-01
9.543338153926920198e-01 3.519362404956907220e-01
8.975427646494055223e-01 7.699671862500888642e-01
3.574246515947130387e-01 6.216654364532577803e-01
2.885699576516955744e-01 8.743999170748423255e-01
1.124273172123112507e-01 2.124343612940410297e-01
1.830332920799211394e-01 4.030260024042886524e-01
7.452329600321291325e-01 5.269074490521803433e-01
4.876763235382075568e-01 5.459648969956543141e-04
4.254017253550547162e-01 6.355377483615842760e-02
2.082532521214838228e-01 9.323939389604943839e-01
2.153982043432381976e-01 8.583376386342624897e-01
8.028933715613342237e-01 1.591462369422428358e-01
6.057119572702788224e-01 1.156618719050133137e-01
7.278881583695114843e-01 6.374622773722066205e-01
8.119385616910193004e-01 4.793845493891880638e-01
9.148630878333828820e-01 4.934894678843970706e-02
2.928885650270146579e-01 7.150525974651670280e-01
4.181092117480008641e-01 1.729513542711563767e-01
1.072107454285460282e-01 8.173391114616214148e-01
4.731429784656442372e-01 8.822836719191073929e-01
7.332891343167260434e-01 4.097262056307435785e-01
3.735110141556836627e-01 5.156383466512517444e-01
8.890599531897286356e-01 7.372785797141678810e-01
5.152964269023230237e-03 6.941578513691255559e-01
9.195074069058206678e-01 7.104557595044915796e-01
1.770057815674959123e-01 4.835181274274586993e-01
1.403160179234194116e-01 3.589952783396320735e-01
9.371170419405177032e-01 9.233053075587083214e-01
2.828368521760828980e-01 3.396310441661991586e-01
6.002128681312939307e-01 9.631972952603800042e-01
1.478013340653904217e-01 2.569166436866691106e-01
8.735568272907714427e-01 4.918922317083445073e-01
8.989610922270316884e-01 1.855178975231762672e-01
5.326685874713606994e-01 3.262696326493723653e-01
3.165425598924760386e-01 4.468769639461991350e-01
4.330774491012684413e-01 3.573468796779544210e-01
9.149707703156185756e-01 7.317441854328927686e-01
7.275469913315296688e-01 2.899134495919554189e-01
5.777094243168403587e-01 7.791794333018340346e-01
7.955903685432130779e-01 3.445304607543122621e-01
7.708727565686478433e-01 7.358938968077329834e-01
1.415064856219002687e-01 8.659454685664772500e-01
4.413214701804107909e-01 4.864104488886654698e-01
4.483691788979973225e-01 5.678460014775075226e-01
6.211692473670546999e-01 4.981795657629434215e-01
8.667885432590956007e-01 6.277347561952844046e-01
4.014279493055199488e-01 4.166917569087109641e-01
8.108386151289513899e-01 3.481919427465201000e-01
2.114547957824135516e-01 5.938318800578923362e-02
8.760268479205741698e-01 9.185464511903499440e-01
1.201201821634759748e-01 3.344737414961148625e-01
1.753720695152438669e-01 1.158984688258797302e-01
8.998667430000302225e-01 5.687725914535546323e-02
9.804856634690067851e-01 9.645086069738417756e-02
8.634706491935857375e-01 5.665061069891627055e-01
3.679174878178733676e-01 3.423423766251578737e-01
7.573641432377087312e-01 3.145732950042872123e-01
6.573189166171418130e-01 5.173260835160801152e-01
4.849656451580705019e-01 9.011621706491615980e-01
5.546450586202595900e-01 8.268616030486949375e-01
7.255735341014893924e-01 3.855724605899835122e-02
7.731100525054191985e-01 2.168702500910406616e-01
9.031496468515715081e-01 4.292419060883201354e-02
3.330720344743187677e-01 9.973294723475401025e-02
4.755891170848437488e-01 8.200224358697517646e-01
2.981873596630640888e-01 1.509348973110415937e-01
3.302670356968991916e-01 8.138801419206359578e-01
1.403839577993468701e-01 2.273624490775018048e-01
6.885196449337394053e-02 7.057100439896076827e-01
3.952332435363368202e-01 3.108399771433160153e-01
7.186263903411519438e-01 3.359775423402552308e-01
7.277712732144180352e-01 8.151993953143135130e-01
2.176628434577384530e-01 9.738186968459833226e-01
1.623579479126667779e-01 2.908409066567425594e-01
1.797952908335416211e-01 3.455056563563344563e-01
4.800608878207556218e-01 5.221758690021190974e-01
8.536060422962720162e-01 8.894479088158665503e-01
2.201038607809063796e-01 6.228940321857524554e-01
1.114960572987155896e-01 4.589698601820683121e-01
3.223335380466181288e-01 3.165007454536064024e-01
4.825842417121010142e-01 7.298276355292675488e-01
6.918265879238949534e-02 8.791733376874044659e-01
7.348137746305610785e-01 1.764993888890601381e-01
9.391609090873703769e-01 5.063122240233886018e-01
9.998085781169653297e-01 1.972594743007376472e-01
5.349081983832013609e-01 2.902480425599284208e-01
3.041735573892465627e-01 5.910653808339901838e-01
9.217190668708332701e-01 8.052638555791750141e-01
7.239413985013258834e-01 5.591737821017022103e-01
9.222985036674477000e-01 4.923614066908841291e-01
8.738321783347181571e-01 8.339816438766317619e-01
2.138353468015865566e-01 7.712254629659102134e-01
1.217115694325876518e-02 3.228295375480875196e-01
2.295674446919497846e-01 5.068629584873134419e-01
7.368531616807855178e-01 9.767636744772412172e-02
5.149222019367684089e-01 9.384120216943856452e-01
2.286465509829455067e-01 6.771411441114241203e-01
5.928802707811575701e-01 1.006369565609332994e-02
4.758261958572227446e-01 7.087703909410486558e-01
4.397543202409059937e-02 8.795214830237301218e-01
5.200814166356730883e-01 3.066104832571792116e-02
2.244136119208401947e-01 9.536756964273129800e-01
5.823197330520553106e-01 1.074725677688045389e-01
2.875445022805614981e-01 4.567036258604841858e-01
2.095006926773046452e-02 4.116155136137588100e-01
4.894586354346981416e-01 2.436778752812321924e-01
5.886390002919865694e-01 7.532401195921768489e-01
2.358342241056354815e-01 6.204999002799876928e-01
6.396222429637415940e-01 9.485403011288410235e-01
7.782761672964437771e-01 8.483452697900060180e-01
4.904199084362751426e-01 1.853485869793828344e-01
9.958152929596350011e-01 1.293557610386996126e-01
4.714573193542653806e-01 6.809309924210660281e-02
9.438508573508195276e-01 9.649249408484396051e-01
7.193890620039735673e-01 3.499928436301689150e-01
2.543824011176243349e-01 2.653033245370474136e-01
1.272940254200747301e-01 5.258089530767229292e-01
1.418172757014775076e-01 3.167306665534562748e-01
6.267064759591048917e-01 7.275436095907498180e-01
2.427270462206121415e-02 4.301159843767399238e-01
6.521245948421390271e-01 8.532459761585128311e-01
4.753247822120824084e-01 9.692058717176852412e-01
2.656325475414472725e-01 1.350870662671888045e-02
4.837528647017361738e-01 2.561137950200179647e-01
8.237176720231693672e-01 2.327726721811120836e-01
3.106292182913062971e-01 7.912274310191123039e-01
7.151432520253599989e-01 5.580512366572625282e-01
7.049480619227594946e-01 4.186368635700264962e-01
5.310047614667801064e-03 1.135512851219255825e-02
5.112217875736866368e-01 8.329097971899923625e-02
5.107548016925678169e-02 9.655166391374733204e-01
8.590026396580585644e-01 1.520272272095695154e-01
6.642185902044905887e-04 9.416677953897564235e-01
2.783252983201143227e-01 1.858976028554975013e-01
6.915081078315352681e-01 1.089037388413262031e-01
2.646495980028003014e-01 9.750946802120464829e-01
6.394627744740102315e-01 5.206777914825535536e-01
3.979186148349377339e-01 7.745009548842020086e-01
1.409574765236937255e-01 9.673378020369821639e-01
8.611230080657866770e-01 6.176569825692432847e-01
4.290619040255816419e-02 7.008556494477377052e-01
9.132843408854808276e-01 5.245770674786259802e-01
3.542248218272627813e-01 1.202773449794696248e-01
7.549011041375682796e-01 8.850218512118062097e-01
1.002517440758485812e-01 7.589845547523419445e-01
1.706048625909750704e-02 9.670549180772195497e-01
6.150580206350961809e-01 5.524390589916331473e-01
2.959498335889277909e-01 9.292916715697834285e-01
2.659056273367910173e-01 8.281466132166949157e-01
9.851086793371319761e-01 7.833966455148058117e-01
5.189899203864317689e-01 6.607426385167192162e-02
4.724137891710730175e-01 4.382559469717035583e-01
2.027960411869952351e-01 4.235876367143044385e-01
3.577578840803387061e-01 1.636842611516484691e-01
4.413741433324861463e-01 2.627999563244890480e-01
5.220624206822643831e-01 3.516005971619418080e-02
9.062314197872841648e-01 8.163643055198560594e-01
5.525813325105045637e-01 8.518085827572431379e-01
9.623950738108004721e-01 1.105222940526605635e-01
6.308318084098037959e-01 9.979940009356585984e-01
9.878891693335261071e-01 6.033229922907445975e-01
1.280208704508166706e-01 5.831928309905282104e-01
2.064635574421713748e-03 1.989113346668596183e-01
9.561231595599599675e-01 3.304405726028438739e-01
6.383901057769485465e-01 2.808594946322426900e-01
9.478218871115895450e-01 7.285587299494867830e-01
3.296511575814126127e-01 7.917614211803708502e-01
1.081655244763376489e-01 3.923189400654594206e-01
2.212181277315923289e-01 6.837264472760462564e-01
1.024462817719303809e-01 3.970258322826740738e-01
2.766497302091895927e-01 5.063429193238041526e-01
3.498976805038789273e-01 7.064105776670109860e-01
2.457702430696606655e-02 6.339869213059075026e-01
2.305712896938200140e-01 2.687090287568493219e-01
8.002556035835235448e-01 9.555683939804208160e-01
3.165502100270866093e-01 8.268052703690756955e-01
1.039908379712330966e-01 6.339816530073831835e-01
7.510322995349187902e-01 1.559779280344565366e-01
4.260023876695605560e-01 8.927071642489815551e-01
1.035784634483721822e-01 1.809635820147514895e-02
5.905853790479337340e-01 4.355315405309334587e-01
7.986892488839026916e-01 9.234555382041066407e-01
2.991536445438160996e-01 3.884041171691052785e-01
4.862720863293148454e-01 5.881514604352993114e-01
9.838538296816167206e-01 6.973302508300515123e-01
3.895485073455687841e-01 2.637676864504621133e-01
9.446257184221240610e-01 1.355484331085063943e-01
7.202658525047580529e-01 9.253950252924406650e-01
6.646655865344386349e-01 4.230544401661211484e-01
1.989909399254840006e-01 3.674753222519272500e-01
7.068718094201220659e-01 6.495342241752968260e-01
9.279761665983579100e-01 8.668609136593748987e-01
8.161507522663683512e-01 9.114508753507623018e-01
2.763371527370493963e-01 3.695235401396494979e-01
3.798939037860173951e-01 5.604505887097802619e-01
6.682182295427709917e-01 2.867166830403943267e-01
1.946246730930034641e-02 3.992223836579092966e-01
3.085279595544004883e-01 9.421847190180479004e-01
8.882650405440435382e-01 8.603106783434195659e-01
6.529997609452430352e-01 3.442891646989388876e-01
5.488492673993047299e-01 8.152250407163726953e-01
9.861036872281103705e-02 8.010748802553047110e-01
4.117979132812166210e-02 8.164210312143557191e-01
8.075638041598734995e-01 5.100730882875581518e-02
6.271607114618582557e-01 5.024530743128972077e-01
1.698195031717146808e-01 1.483789376773756441e-01
7.732591260670231836e-01 5.676927488368440633e-01
9.829991349165324577e-01 9.822477772883441149e-01
9.926669934642663451e-01 1.186155183657658929e-01
9.382561369639622617e-01 2.445696090205627948e-01
4.582122597586120172e-01 7.574065558217258909e-01
2.036209320772319753e-01 5.663116055543299110e-01
1.858167482259956982e-01 1.047361066812932950e-01
1.165586124295985293e-01 3.576390348482187953e-01
4.654836837183484732e-03 4.248539212016895217e-01
6.641971050811490418e-01 4.016881850039887292e-01
8.579460051983511804e-02 6.268886202364054583e-02
2.781165127648617119e-01 1.693126905436007634e-01
9.650949732179694429e-01 1.512302249740850035e-01
8.054624374049965674e-01 5.861079417411447778e-01
5.692869199842943706e-01 5.120807159237845685e-01
9.717630761139510742e-01 3.638447750916378176e-01
7.879157509538762261e-01 5.552941074669596189e-01
3.956336676257261598e-01 9.554659333057808901e-01
5.983159693646871169e-01 1.189169421460135601e-01
4.175392009968565965e-01 7.815817276816076076e-01
6.937470232392137781e-01 9.163403298365742078e-01
2.593773841415202286e-01 7.581937163538238211e-01
4.598752073945209240e-01 5.736097469668154369e-01
9.550466810062829826e-01 9.792863199891773673e-01
8.615909639255635577e-01 3.590970877302962494e-01
8.877008357273198369e-01 6.386091776414130061e-01
4.299967804707131025e-01 3.574268250048373563e-02
7.701281241915821640e-01 5.021055807241130431e-01
7.861884994650607528e-01 7.480227993432698730e-01
7.935673680483519288e-01 3.006511586967668404e-01
8.007985990676309562e-01 5.488463284661673214e-01
4.733262004491431973e-01 6.751259138207569288e-01
2.135868293834830567e-02 1.023168158875942257e-01
2.921773651675220185e-01 9.829901099578396417e-01
1.397457788649549837e-01 3.305963007592103153e-01
5.105306469192361085e-02 3.312688802927262754e-01
3.203262865108316149e-01 9.468071709445221584e-01
8.451540869957203661e-01 3.827642192427714862e-01
2.476905803924867033e-02 8.310311139953782122e-01
6.605361771445401597e-01 1.523644836513097234e-01
9.960712710101872203e-01 1.002334374241230508e-01
8.671145415936628575e-01 2.942661641296889785e-01
4.353534663251570347e-01 7.954565267763146208e-01
6.775083559940102695e-01 9.378643744440391394e-01
6.211403254603832247e-01 9.781016147905274849e-02
8.843603632419503313e-01 7.691555249885910772e-01
7.118704508933220154e-01 5.373354735373536695e-02
3.962227446617440085e-01 1.674358194595392257e-01
8.219039084078689772e-01 7.005286228178627672e-01
8.830775973191352657e-01 9.665751069241639293e-01
7.747476141924986015e-01 9.942330832207620928e-01
6.147698861442988383e-01 3.712960389144781548e-02
1.425151515029587923e-02 3.421038752037887098e-01
8.234717190675371334e-01 8.661347063247309963e-01
9.608125288226778693e-01 6.512146854881839531e-02
4.457111098766408652e-02 9.132835963670337120e-01
3.050466983628615791e-01 5.579874006096326999e-01
9.824448830007098676e-01 4.004485347359233449e-01
6.658713983098398792e-01 4.008795636319852917e-01
7.681946644627797305e-01 5.277147255728658060e-01
2.375231379863497194e-01 2.713061012584662146e-01
2.580592125384072455e-01 5.323203282585607932e-01
7.031890160156643033e-01 9.492799000431421108e-01
6.940873750829799071e-01 7.811928439623906373e-01
1.689261158645656291e-01 3.740626250073256776e-01
4.137802198582660740e-01 6.863802300004729906e-01
2.958919763768735889e-01 3.032919214196660995e-01
3.558891546408681217e-01 8.103020815432322443e-01
5.775900900433487140e-01 7.527727983273446721e-02
7.824609969046880664e-02 3.712869442824993094e-01
7.665910506061582863e-01 6.886834264786805271e-01
7.079823546511866406e-01 7.672100660540969175e-01
2.871527128863293754e-01 5.482562819420879752e-01
5.433526403167695529e-01 7.396325011799492755e-01
9.568705691056463847e-01 2.779899447954659042e-01
7.932816727570481952e-01 6.599705485232624236e-01
5.802378708634601256e-01 7.748797793474019313e-01
9.440324664280993483e-01 3.669141786941298999e-02
1.474001025132206655e-01 7.562872315011157642e-01
8.379135291008454889e-02 5.161237007410930389e-01
2.198607766416069698e-01 2.742957038427514815e-01
7.018404829444162552e-01 3.019277326871161460e-02
8.733194279019036443e-01 4.444789553522699999e-01
5.023932939071010795e-01 5.400479636936919015e-01
6.455442945794939158e-01 3.448565866227480958e-01
1.011074905634913312e-01 3.183789366661765596e-01
1.681421180228203083e-01 5.561331794504739134e-01
3.180286309603864714e-01 9.580671779934348820e-01
9.657342779802806643e-01 6.201258805682414721e-01
6.174972676672859651e-01 9.853785645671059301e-01
8.872831512351859740e-01 7.650699491581399725e-01
3.135906117427011974e-01 3.655390281180763701e-01
2.012667657608654403e-01 4.871481269173746353e-01
9.903685221395795990e-01 9.121509530115887721e-01
1.183494340194690686e-01 2.519028929050615151e-02
8.986376684082661992e-01 5.371701279487074432e-01
2.001898882084561793e-01 6.736532695846353391e-01
6.442231779298199790e-01 1.220856068364671865e-01
2.596002334976195147e-01 6.007796431325795883e-02
2.098604738701419503e-01 1.323056748530628823e-01
1.932362924745560928e-01 6.854671459131169708e-01
4.949974426106773517e-02 1.018546152482164846e-01
1.341736380782876381e-01 3.165411209581340257e-01
2.987503108519409256e-01 2.550637853166394242e-01
7.505366534324162675e-01 9.980227877581006046e-01
5.339779236287958142e-01 9.442027179139420578e-01
3.966101121260646734e-01 1.066824468027134376e-01
4.087738294698373132e-01 2.961277734146933183e-01
4.934069622891781304e-01 6.570436769164231805e-01
4.610502191524081805e-01 9.351605120778255786e-01
8.847648222993799161e-01 7.019775951661971769e-01
4.896849123645491408e-01 1.316872818144568802e-01
3.970136667776333894e-01 7.044015394011736708e-01
2.848855205537311752e-01 1.039880775434204319e-01
9.078984575106281429e-01 7.090508098155445804e-01
6.152764266350971845e-01 7.924989056089165596e-01
8.356460375834756649e-01 4.834589981710233353e-01
8.811882514094400154e-01 9.164190107011054298e-01
2.715510954247813968e-01 6.075453597907942704e-01
5.265840288204691744e-01 5.379457791519024479e-01
9.376630939645620444e-01 3.051887026930290014e-01
9.834339782345762337e-01 9.021312148042320844e-01
4.587228886135026329e-01 8.174532636181661704e-01
7.690469943201405645e-01 6.778949696185212481e-01
3.198338893831542684e-01 1.964509918209539352e-01
6.715276967657581864e-01 8.429732964010842045e-01
1.625278867736967836e-02 6.428033753085120594e-01
4.428730246222124523e-01 8.980877551269835779e-01
3.214729308542052522e-01 4.741848122636217466e-01
5.147671040351863292e-01 1.404395213710529777e-01
7.128923026989063549e-01 8.304763451209595804e-01
5.790927689626024222e-02 2.913888205369027373e-01
3.804468153505791150e-02 9.565441046882423581e-01
6.671688207038235507e-01 9.642004194547815210e-01
5.314942783313078012e-01 8.020685238956138940e-01
3.744139838797400088e-01 3.538190325726409124e-01
3.782678171051326865e-01 6.578621337264282110e-01
3.594531510216522063e-01 9.003674516042255993e-01
9.832748650501552667e-01 3.042651533700591049e-02
1.936232904024964840e-01 1.122499925873859938e-01
4.236404709144325764e-02 2.277409933472864800e-01
4.467933203690811483e-01 8.369903652886837575e-01
2.218240305099961063e-01 4.939452556622012658e-01
9.296187394467544385e-01 6.672147067866749381e-01
7.980790197559974875e-01 5.509939701854862371e-01
9.804664588406299952e-01 5.886621546814742034e-01
4.551071396259154245e-02 1.979827999397948401e-01
4.047736289571479684e-01 6.012771725737763306e-01
7.719308674089598865e-01 4.130861259038862698e-01
7.100583050156886733e-01 7.898695031091249596e-01
3.172601972499827783e-01 9.792702400358185288e-01
6.496564952358355738e-01 8.809980607861311874e-01
5.559376888086067225e-01 7.416031071523236928e-01
7.705440616163653500e-01 9.082483792345790174e-01
1.503497568713703103e-01 5.582834241692484767e-01
4.283785131058562845e-01 9.231590211737402685e-01
1.050946942489991986e-01 9.825738886809127770e-01
8.754513240932962903e-01 7.382628156424853039e-02
4.909663855404744481e-01 7.175595002125259025e-01
7.381515456910564543e-01 9.064941252379208336e-01
7.998654355823109352e-01 3.109303803440894853e-01
4.984347858624523786e-01 7.017857629358540406e-01
1.384368413643514151e-01 1.939907976001973289e-01
4.810424481098726224e-01 2.982457987055127102e-01
8.625592497840949280e-01 5.862773215206179556e-01
3.486651977183676809e-01 8.488330256044100963e-01
8.048784485542388456e-01 9.983548770992695109e-01
8.473076883337348209e-01 4.144565348056796772e-01
1.274988817699884702e-01 8.406409082004778766e-01
5.975791796039398029e-02 3.502712073448541741e-01
9.197379807712737776e-01 9.607664734451006883e-01
6.405645935212184172e-01 6.886483169837135376e-01
4.245448872552248787e-02 5.144803410895478768e-01
5.468681788063411986e-01 3.401007461241111196e-01
6.859683475388433926e-02 2.289075997243940064e-01
3.579839368611963391e-01 4.351419865163296263e-01
5.909267255335691749e-01 7.223915186982363679e-01
3.176318732739461526e-01 3.289537599189831241e-01
1.969164272370371727e-02 4.087486009401830600e-02
2.578216943085364088e-01 7.402449976749566618e-01
6.283138303739121966e-01 7.697890206778347233e-01
7.689194362148217277e-01 8.565674676693012524e-01
7.203192659868835612e-01 9.790109190008228213e-01
8.988252193018173575e-01 5.867171662232342211e-01
5.881576704911717357e-01 3.426704035222949418e-02
9.985265777083542904e-01 1.315759973661417837e-01
7.403471966315919861e-01 8.210151951243088719e-01
3.730545293052032196e-01 1.968520546653137471e-01
9.875988679055502928e-02 7.486060058295778141e-01
4.526535292056956816e-01 7.137177590011356543e-01
9.154076488518005927e-01 1.465837361510566872e-01
9.191710007237996471e-01 4.116264595084366817e-01
3.052670098972890544e-01 9.430622606027790900e-01
9.906516926063994033e-01 1.988922177674481429e-01
6.568383469519832873e-01 1.064953137710603626e-01
6.509140038575057519e-01 8.273132277758497022e-01
6.844985465240676081e-01 4.173331420625957522e-01
3.830663595637695540e-01 3.931224152234170655e-01
5.897118179929231596e-01 8.815672700724955790e-01
9.290661572687678449e-01 5.352962020731810711e-02
1.816223946456883009e-01 1.122243158282885123e-01
1.933346407669139788e-01 3.466078106091717848e-01
5.065316826226238245e-01 6.294612270091521911e-01
7.321422191397014556e-01 8.901115413858070591e-01
9.890884372297907845e-01 6.628564785571198215e-01
8.453645186677629653e-01 7.780388469246989347e-01
3.075320392187119722e-01 8.756922702349230203e-01
4.276313794779884603e-02 3.673437514578603569e-04
2.737326293884642103e-01 4.620975296274498767e-01
6.383628950006773328e-01 1.017702665445447963e-01
6.730101338348399853e-01 8.018158670596945425e-01
1.853129195793667972e-01 4.151252548317938551e-01
5.199849899533097730e-01 4.518070180844806494e-01
7.998299308884706527e-01 9.605223981193308225e-01
7.989531640081799502e-01 7.799281787582457159e-02
8.049355721591271440e-01 6.659633223555116999e-02
2.359703852415699910e-01 1.530968968357228066e-01
1.975191068460854238e-01 5.283151270573506197e-01
6.716898576108536467e-01 4.703212823360409800e-01
9.596956390292435968e-01 2.402923200301666506e-01
7.631402302547929395e-01 8.701821785071485182e-01
5.620661107547191282e-01 4.562225019615531174e-01
5.961844467792436486e-01 4.288097701603429401e-01
5.551938823233694142e-01 4.169339521288015771e-01
4.004697102941340292e-01 6.953464681395298275e-01
9.285121306796795260e-02 1.665420727288208225e-01
8.511984717150039570e-01 7.710773468151880250e-01
2.814537272943937740e-01 3.772689326657602260e-01
9.260265066284805169e-01 8.180772251738612777e-01
6.143462999796308610e-01 2.214901788029577379e-01
4.425197131526958927e-02 4.312578468418981625e-01
6.726271392574618702e-01 8.284804905178515533e-01
8.526890057422693570e-01 3.277590129336338531e-02
2.441570338368793669e-01 3.390945884774030361e-01
1.887322109593858599e-01 8.029753783638378106e-01
7.674657630849425205e-01 5.168330403809707763e-01
9.829264779958555298e-01 1.440585410908422626e-01
8.996517033276688613e-01 1.164632541619161632e-01
1.631817055141207007e-01 6.962192002506187860e-01
1.095696920416893150e-01 5.658450954187108639e-01
4.202335364726536016e-01 7.284739655410148451e-01
9.006752388088651307e-01 7.698715146690553457e-01
8.496898764211883170e-01 3.294544853123237971e-02
3.101954982442031161e-01 5.154330866863323646e-01
4.159533146297794692e-01 2.312549529796884551e-01
3.078740979600232963e-01 9.454309703916057295e-01
2.941808798713515527e-01 3.539041101797857358e-01
3.709773750018685590e-03 8.450776272778744991e-01
1.548407034015766293e-01 2.041442755137260479e-01
2.552645170920255779e-01 8.846220568448426302e-01
2.064514112463147200e-01 7.975263608679399319e-01
8.080493403229045413e-01 9.270205687863958266e-01
1.155613136003139640e-01 2.172789723378313331e-01
7.428982920807213342e-01 1.960007542807390424e-01
2.863295468734490257e-01 1.667415801113626417e-01
1.726966861550492949e-01 4.815533546282056987e-01
1.096830621129585293e-01 3.216976184636222147e-01
4.265939095988789953e-01 2.454811652397759225e-02
3.883331664744525957e-01 9.412243608551695839e-02
4.935785311461766689e-01 8.257381885570963531e-01
8.184221621817872050e-01 8.044851553740051120e-02
6.012277576745201912e-01 8.345863819712364684e-01
2.379725429346353227e-01 7.619265114495991087e-01
8.907643464500932806e-01 8.061241514404441366e-01
1.073010315155045191e-01 9.059999522384898363e-03
1.917241099218456313e-01 2.704773409466232348e-01
6.161829906159594916e-01 3.842731752423184099e-01
7.034070306614734758e-01 3.530749605216085829e-01
1.544254246546002962e-01 3.126898434860351239e-01
8.843242263891349930e-01 9.585323442450648379e-01
2.075127340673684762e-01 7.884683870244413306e-01
2.733487365398706848e-01 8.871315434314075432e-01
1.655456127962554591e-01 6.659599186940569071e-01
8.421126471318252094e-02 9.738933239738695180e-01
7.006333446405428322e-01 8.418157394050852504e-01
5.666693393630345410e-01 4.768013639288601890e-01
6.218823913943650750e-01 5.287415116994480524e-01
4.693843551451529761e-01 7.594502514576427776e-01
1.782009549392681302e-01 1.711720481551585182e-01
4.318426506497061723e-01 3.207479160449460132e-01
7.412451791302410165e-02 8.444704924187343975e-01
7.716028066943497743e-01 5.439214998029847647e-01
9.793245372643689661e-01 7.260006654760531308e-02
7.666693010278750053e-01 2.663703916090968127e-01
3.685989199435754093e-01 2.192793852030675561e-01
7.890378914618652040e-01 1.442401020215660079e-01
8.400166977352779840e-01 6.615776482298338923e-01
5.902324526911473246e-02 8.109817316001534104e-01
6.277557161629794269e-01 9.049823195783415208e-01
7.487223064086382385e-01 5.611209274297748184e-01
8.365471806191977500e-01 2.780502383012221079e-01
5.469500618445636286e-01 2.936168198034101451e-01
9.682043910905087092e-01 2.261963008420063703e-01
1.573823967046250605e-02 3.258548420037962190e-01
5.025093969698046781e-01 2.836293423007507641e-02
5.592483000339073529e-01 8.742827749512301905e-01
7.047321944166701213e-01 6.229683229783042897e-01
9.559617507082512899e-01 9.582793338421058404e-01
8.242664697032285881e-01 6.077418473858510195e-01
4.877645594977066956e-01 1.331611324646730932e-02
6.062619062265414138e-01 9.890880753568537243e-01
8.181010500240289973e-01 3.406046438843519653e-01
1.520470250444220239e-01 7.840586144671540803e-01
7.439378206317415199e-01 9.670467919793230838e-01
8.748423619393388417e-01 5.556626252724073955e-01
1.012842469647421417e-01 4.835006583839600580e-01
3.136950540223170103e-01 5.124084820248397953e-01
3.017015746396531917e-01 8.618229919755957535e-01
8.443270139828221721e-01 3.154651571670559207e-01
5.995813463739949611e-01 4.301808576390541150e-01
9.090927570285631809e-01 1.873609014263227790e-01
6.977284017849593178e-01 9.703753278372165836e-01
1.752755195630901763e-01 2.019664284242032037e-01
6.937233386722279072e-01 7.791539245249139434e-01
4.905490547939327373e-01 6.096864651471213259e-01
2.126824088118287603e-01 4.766142285673260481e-01
1.120718808749151529e-01 3.214219252756647105e-01
2.847797050309542888e-01 4.446253601024200419e-01
9.301263622436969358e-01 1.812676621478424011e-01
4.013882466247205016e-01 6.155972191096447110e-01
9.465570860740016856e-01 1.331481915357681789e-01
9.178766169931135144e-01 8.105378863406154100e-02
4.807413971602644276e-01 4.545898672304827803e-01
2.096027288771955543e-01 3.474596681158474976e-01
4.541652683483980990e-01 8.652114629106292254e-01
9.550641453735597697e-01 5.189256786371652108e-01
8.700997902944218598e-01 6.081715856767794248e-01
3.490873419876754369e-01 1.941942076134690609e-01
4.131347717827648092e-01 5.228242829238477496e-01
4.444338825955618244e-02 1.458411658708507197e-01
6.001844239814400073e-01 2.250015946771620756e-01
8.373263760812974521e-01 3.269422497741906186e-01
1.048342072532508773e-01 8.353058855531703131e-02
9.371230205317796491e-01 1.180203112418791722e-01
1.409097641620600250e-01 8.626660579327529721e-01
2.542881302773439822e-01 6.659514107544161066e-01
8.167256870298913451e-01 6.071806401301921285e-01
9.574885434478493940e-01 7.088828992608413593e-01
1.127515099036583424e-01 5.584100265458799006e-01
7.181865260891838743e-01 8.019572403734451793e-01
2.632133528409152934e-02 7.188789152714244457e-01
8.256808210194495068e-01 7.468338109353565013e-01
5.123491456555980816e-01 4.580209630888029126e-01
5.494185832998158547e-01 7.046436988266020496e-01
9.229142906324854234e-01 6.170352106411249871e-01
8.878343062834695987e-01 7.012568474457273604e-01
6.833637743884757310e-02 5.008281900016218202e-01
2.864863483152423340e-01 2.851749281325722807e-01
3.559275512159841837e-01 3.147327720004757801e-01
5.786099801171001866e-01 6.836015003535570456e-01
2.687493870767354576e-01 1.297626225683813361e-01
5.880872093446209981e-02 5.757528450305522405e-01
1.861301663330023892e-01 9.247994223699373961e-03
9.277530793237040996e-01 5.371404190832406167e-01
9.244818024697276648e-02 8.429211121274853280e-01
9.832027382901180612e-01 4.486006620177172000e-01
4.248960823815817189e-02 1.175459407560635050e-01
3.816537466454321681e-01 8.855226374488770480e-01
1.480386792777620419e-01 8.239900940026955167e-01
1.497626021901943272e-02 4.573886987858110098e-01
6.443971409505681036e-01 6.037948202559639821e-02
6.147627506164866640e-01 9.444041214695561015e-01
1.602599201365950687e-01 7.296113830353527785e-01
6.090938979435434053e-01 1.851163888792305423e-01
6.203414709366028568e-03 9.284450505927077657e-03
5.320924091720286020e-01 9.427794095611935488e-01
6.442986274656123946e-01 7.142998462937436566e-01
4.938654869205371112e-01 5.818889426345698057e-01
1.263675253306034696e-01 8.768206204006308013e-01
7.607926286668018623e-01 9.981989528446095772e-01
2.977229475556213423e-01 2.270177717960578656e-01
1.251616579613429314e-01 9.642097566160447997e-01
7.808851846280235875e-01 1.663246137196386920e-01
5.526864711082138948e-01 4.137682080672767659e-01
1.514860078061928128e-01 1.620729850299654773e-01
9.634699947451856872e-01 3.049641829577222074e-01
9.414392916839432468e-01 7.561067306508439945e-02
4.608030422931905790e-01 1.296190485167600936e-01
4.787385241172170680e-03 5.537660737060765559e-01
1.138941048113634169e-01 7.220245309336796868e-01
6.981163757068995501e-01 1.763329074644891525e-01
9.417421432655166402e-01 7.210434084324895965e-01
2.979702641569299537e-01 7.092337639507906299e-01
7.319302776815359568e-01 3.422263312509605804e-01
3.755885624614592189e-01 3.591065076533000999e-01
6.166184435520740692e-01 9.004101465401793680e-01
1.731932362285876215e-01 8.751996098363183929e-01
2.765315650534250214e-02 6.603385959782224202e-01
4.144388731896941902e-01 7.912815522324937456e-01
7.211981129309029681e-01 4.801078071451839735e-01
6.438640367225967331e-01 5.017731306999452245e-01
8.115184706218832034e-01 4.760839859682319819e-01
5.231559899920757983e-01 2.505205864171785590e-01
6.050430168104723450e-01 3.029048086698350462e-01
5.772840145429820602e-01 1.696781155740698654e-01
1.594690923411588024e-01 4.170297411919935415e-01
4.268195151105408369e-01 2.681092649125390581e-01
1.315968503666899991e-01 3.921053921389705543e-02
2.523182728781614426e-02 2.715502900064756808e-01
4.618534421619371333e-01 7.262432813061270309e-01
4.748717007140089708e-01 9.040508194352817606e-01
3.521980457540707654e-02 1.806606215406343363e-01
3.385144927701426720e-01 5.774961880651224844e-01
8.527361578939424147e-01 3.502019519565764405e-01
2.679886825044200949e-01 6.188916884289574760e-02
8.213034776981040785e-01 3.796664432066789718e-01
5.715501954169343035e-01 9.835554181712203858e-01
1.594570604294576199e-03 1.454501406988659706e-01
7.791109940193554628e-01 8.051274852078378341e-01
7.692471190327554442e-01 5.369988910428292739e-01
9.788569810230560719e-01 3.961845599953205399e-01
6.019436981131123243e-01 6.336900454884830669e-02
4.098574499073387445e-01 7.225000875099220066e-01
2.387388407706992899e-01 9.438275890731484541e-01
6.867833676432890666e-01 2.875753828575714488e-01
7.689989227058563470e-01 8.316477180810910586e-02
9.747744225104565396e-01 4.928525907355851832e-02
9.334558911487182975e-01 2.528538777482611799e-01
7.578241076908904805e-01 7.369943310608917386e-05
2.542400891795997264e-01 7.491006066497198912e-01
5.323360708973222666e-01 1.149521496371148643e-01
3.936297458372752800e-01 3.755493550845425688e-01
5.681622441809498492e-01 6.679770724602177578e-01
8.408302424122500174e-01 4.972313969773726194e-01
3.920217173051701032e-01 1.439765340953816919e-01
8.048229649897222782e-01 7.133704054145599827e-01
4.086773974546853427e-01 5.184323099426694226e-01
6.651828444118887962e-01 1.648055898475377923e-01
2.719779440792025049e-02 3.175036991866854175e-01
5.955850196361630600e-01 4.866060912814587081e-01
6.925546268631270763e-01 8.196898055745351908e-01
4.884424667302759149e-01 1.342670237178248405e-01
8.506279997989658614e-01 5.749903272741143656e-01
7.399374807828706935e-01 7.046646536082915580e-01
9.682117713312416996e-01 2.953073223358139154e-01
7.053067727792620145e-01 3.656763331259182959e-01
3.954107209186417116e-01 2.305946366587214857e-01
3.440101756508538999e-01 9.482967516582631040e-01
2.925708469476009377e-01 2.459906059565867276e-01
5.831379784738219829e-01 2.580359567417546129e-01
4.733857255942950371e-01 8.341762565562369502e-01
2.304003143071755577e-01 4.266914121839200380e-01
6.104897350200318984e-01 5.456289245734854410e-01
9.747232374152372536e-01 6.803702543951950510e-01
7.399462420484398395e-01 9.669559479667332313e-01
4.144380252285210231e-01 3.553798150610512074e-01
4.386242976638254909e-02 1.842043065188271322e-01
2.371896320516758694e-01 1.835044670713384951e-01
7.547838931965644704e-01 5.358829812761116695e-01
6.676338014584672909e-01 8.204621608393736221e-01
2.307739412858946793e-01 3.259239398214991423e-01
7.083602670365968246e-01 3.927589459044728004e-01
2.927094010104414057e-02 4.349552190268779484e-01
9.082730864154142658e-01 4.090215115928746981e-01
3.322489164427470110e-01 9.895250829450271679e-01
6.444155642370131831e-01 3.659980264711808484e-01
1.020195313638073698e-01 7.878494449464211735e-01
7.080749334877576295e-01 9.219157992485649267e-01
2.172756300280083153e-01 1.149243499882319774e-01
7.240725264090636104e-01 2.033958419986956478e-01
1.761038377894961204e-01 3.198073353960720899e-01
8.168251414784376552e-01 5.395366051096307514e-01
4.585035510228097078e-02 4.638946746593172188e-01
6.839796113664752264e-01 5.383684384690157199e-01
5.724502181565559455e-01 2.247773283926646215e-01
8.477393315953480890e-01 5.613987175911241412e-01
7.132460130406765852e-01 9.818642170133025093e-01
4.281986576745321349e-01 8.810666126765085426e-01
7.281013941125014099e-03 3.340729261512009884e-02
5.902799217288169364e-01 3.114493955422006355e-01
2.482765670197002450e-01 2.779353572089585667e-01
3.184029346105875513e-01 7.289476961434229185e-01
5.691959722309445358e-01 7.890359725593334428e-01
8.301965798350519066e-01 8.429348593012820912e-01
4.146441491748875663e-01 4.212733963164108086e-01
9.262658801405839748e-01 6.617635946044104767e-01
8.046718397913876775e-02 5.421869540924683095e-01
3.560072596349069807e-01 9.874349897163631207e-01
1.365540646229257415e-02 6.121808730705580182e-01
7.236230943988580799e-01 2.889067713573552076e-01
9.736415182565321125e-01 8.595366270217112969e-01
9.156528409858124551e-01 1.923205935154848056e-02
5.698721513148089501e-01 2.946502419545466989e-01
8.490286349356629403e-01 6.328496569149624218e-01
5.388770043211097427e-01 1.145881696756057000e-01
5.402228047861907800e-01 6.319041463564266659e-01
9.559123093102045443e-01 5.850510104238695330e-01
9.674006017456544537e-01 9.616061156066620930e-01
6.502003358335974870e-01 5.059079841180886827e-01
4.660217438260493283e-01 8.903785611157826185e-01
2.825668297175676358e-02 1.138081980235715607e-01
1.020717291191518550e-01 7.569353251210547695e-01
3.396510238525347614e-01 6.379685447407009713e-01
6.037829038425656103e-01 3.858279697425316401e-01
5.315677222423985659e-01 6.451385335716600666e-01
9.409503298781383140e-01 5.756340728609814494e-01
6.143675117683142783e-01 6.785581770377546729e-02
9.522158147601119671e-01 5.280819279093862395e-01
8.012734198599218427e-01 5.029106314738907013e-02
4.209101357370910179e-01 2.569754591527015908e-01
2.669758986885899521e-01 7.914537299609294418e-01
6.238667252688535614e-01 4.397453118428480412e-01
1.058573958639341672e-02 9.649279429455298596e-01
9.620232533557238064e-01 2.175522102800384605e-01
4.134637231655668987e-02 5.301993630119021805e-01
9.514108146164075297e-01 9.103958457649349301e-01
5.846628638893965890e-01 3.035488506537071807e-01
3.299608837691959673e-01 8.979135514860275835e-01
4.917840356355769327e-01 1.311162289671455872e-01
2.484254759736073126e-01 2.767949014674990771e-01
1.235466849319093452e-01 4.630443815212913483e-01
9.160509082749910270e-01 6.687825429922609199e-01
7.247392424885612527e-02 5.494817809162722000e-03
2.762476674692543321e-01 3.626929347939403803e-01
7.767496690467757814e-01 9.670055239303666506e-01
3.875671734235436316e-01 6.866900298168611139e-01
9.949019073529632440e-01 7.456665838750143882e-01
6.361895490858444635e-01 7.807485417830428709e-02
3.232152011947302395e-01 9.133921584571569330e-01
2.010054816809057066e-01 8.435903592732081346e-01
6.963236850805054612e-01 3.663243708307546420e-01
5.291742697126565753e-01 5.428064687528135757e-01
7.140537850738862824e-01 5.165559410991961142e-01
1.330759901841662707e-01 7.734546715219126067e-01
4.062724969061187741e-01 9.630938902119272615e-01
2.835137822930343665e-01 2.630787802965846023e-01
3.335073956751826163e-01 5.723170159586254968e-01
8.948697402009823110e-01 1.762816401400147948e-01
2.796787975992202080e-01 5.816798431478618081e-01
4.543342421615150784e-01 4.473228872557253322e-01
8.207342620964065416e-01 9.238783025113611602e-01
4.813069660698818808e-01 6.873517954472737612e-01
8.010587110273938993e-01 5.183664103871639117e-01
2.943164089537353423e-01 6.380845977222837639e-01
5.851091003060592266e-01 9.015628197396103882e-01
5.240703676985603021e-02 9.101313871334667516e-01
5.344320281653596183e-01 1.567611604991392404e-02
3.447021787677880811e-01 7.243335638753197747e-01
4.884330879358329547e-01 9.801590374409924200e-01
4.226100738310485383e-01 3.266352296260077726e-01
8.216719344295680960e-01 5.479066993580313794e-01
6.823265790625588911e-01 8.057023380386775235e-01
6.714275461256202782e-01 4.224074947686645709e-01
1.247964478943006661e-01 5.802481665713005166e-01
8.974333267292595728e-01 4.188924265184149620e-01
9.107252348428405142e-01 5.035278197824020197e-01
6.208415624424765689e-01 8.329884760556428569e-01
5.645971096407215173e-01 9.096933929556350051e-02
9.809794008003951404e-01 2.458493019128337176e-01
7.105053286301985516e-01 5.051134386177387192e-01
4.787726368177080971e-01 2.439408188668914512e-01
7.221507657001040581e-01 1.127882648309872504e-01
9.904533093614852346e-01 8.453735371072038651e-01
5.345089400057920770e-01 4.245529560580094675e-01
2.864646324598676408e-01 5.015914709407675032e-01
8.794174620241680396e-01 2.750064007006836064e-01
5.005374588031359373e-01 2.345499020670308576e-01
3.371491136649514830e-01 1.902605089233324609e-01
9.905391939211878327e-01 5.714974464624555939e-01
7.328151240366954644e-01 9.824991345203670789e-02
3.661175500743157896e-01 8.926398030473214895e-01
8.443832642394788479e-02 1.654832283396131531e-01
6.254176103511686069e-01 6.227889941042251687e-01
8.382270444539295928e-01 9.354927638714214400e-01
1.419864754252637695e-01 2.593738185269994778e-01
4.274614056932558581e-01 9.032855212496304631e-04
6.981430295969492938e-02 2.264912779410216404e-01
4.811019640158117339e-01 2.515227381686128139e-01
8.766818922230480426e-01 3.242728755420111186e-01
9.246228121426286473e-01 9.747872607347100038e-01
4.498615339075787700e-01 2.271288168993236267e-01
2.916661334230032931e-01 7.763336816594461620e-01
2.733497077925910457e-01 3.805828679202846176e-01
4.785758584818498029e-01 5.751111164699841405e-01
9.961004403012381214e-01 2.322097551635923240e-01
3.534237032481688523e-01 2.628911770105110124e-01
3.611134366437103171e-01 1.008045168946205550e-01
3.598097672410471848e-01 8.878650314643884434e-01
2.985898478464490413e-01 3.719347798490688639e-01
9.444741644379346379e-01 7.283789963268682000e-01
5.167387148180483392e-01 7.771927284034405581e-01
1.231796488545039425e-01 4.644903532208423114e-01
1.182361287358663082e-01 2.336181450195800036e-01
1.418672597402586000e-01 3.618012391691393104e-01
3.816393203959258518e-01 9.473085818332408481e-01
2.641257311875292446e-01 4.724288453165168544e-01
8.113794039634867339e-01 8.156175864366617123e-01
7.503431870350202315e-01 2.878337621400729462e-01
4.949716194113570333e-01 1.862115951867232555e-01
1.883995227828042518e-01 4.358412131383109234e-01
7.385922212429411049e-01 5.265842599978378669e-01
8.866832208474523247e-01 8.309087977775758693e-01
3.160544282040556041e-02 5.684190428662160288e-01
6.091612643556431061e-01 9.615751443000815080e-01
2.323662670886172954e-02 5.311037709686289299e-01
2.047813619358523907e-01 5.366290629158909642e-02
5.874885247317233050e-01 7.726041436328024981e-01
7.748654492251878523e-01 3.028841015590677532e-02
4.069464002715893480e-01 4.450962714862050085e-02
2.478386469907697398e-01 1.928807027579483302e-01
2.151825792421572237e-01 3.391184140345285813e-01
2.774180418359982747e-01 9.622799113275982696e-01
3.524071200093821243e-01 8.941725152929719256e-01
1.810416715209250960e-01 7.637468671882142734e-01
6.134553602464276612e-02 4.627612294693412842e-01
5.510440235525937425e-03 8.102907630694360375e-01
9.504860360377839212e-01 3.510737082714565638e-02
9.338463614733144569e-01 7.738538914913529743e-01
3.588615787927953438e-01 9.088765512228051957e-01
2.962572712509009554e-01 4.092953122347620099e-01
9.671126219202164087e-02 6.569389619001440028e-01
2.960082874227187855e-02 4.849052751990372556e-01
6.831918502525338166e-01 8.212376009491109130e-01
1.499413896216621467e-01 7.540903662487173920e-01
7.190770235550295597e-01 5.595705341197841909e-01
5.846445977878640399e-01 9.127072085677812030e-02
6.004710432403802534e-01 3.815222070708322866e-01
8.675808513416469747e-01 3.130988817359902088e-01
5.765950773635246662e-01 4.265713997011943981e-01
8.762619382503130661e-01 2.539166669891890216e-01
7.880236030946041748e-02 7.486557209831395943e-01
4.128966169083214677e-01 5.890983591262914931e-01
2.638933171335111627e-02 9.521097913974020388e-01
8.776183773849765002e-01 6.238679005772774788e-01
1.702984211261804326e-02 3.779764739828765929e-01
9.787965377421489199e-01 6.813303587402346206e-01
1.609878613134191339e-01 4.605967486545006206e-01
9.667377438434859860e-01 5.347081744165933515e-01
2.461452802982455612e-02 6.197720842759777415e-01
2.712165309311598271e-01 9.884595187690436990e-02
4.029084447318930229e-01 5.585230974322448194e-01
1.704071804780271648e-02 5.590468086359474675e-01
5.112031468396374123e-01 7.939083830987601065e-01
4.235498168153971621e-01 5.534504296698862236e-01
7.420093040571262843e-01 8.971458717819454920e-01
3.800345760236875092e-01 6.016334957831465102e-01
6.946109034163817642e-01 4.327067644219617648e-02
8.007605084861347811e-01 3.774301852153938430e-01
6.702389414436098480e-01 4.716640662049490507e-01
7.023391426917072744e-01 7.243309792357789378e-01
1.915710134864673231e-01 6.621742342864505027e-01
8.513234378820871973e-01 2.355672005049748163e-01
7.581834698938778594e-01 6.338251131552236073e-01
9.551260344725638340e-01 2.602465772917608167e-01
1.542777776580035454e-01 3.121210152816998873e-01
2.579587781979186811e-01 7.568327604735128888e-01
7.331093038467982881e-01 6.696849008553338312e-01
2.163791144584877868e-01 8.618068074390896616e-01
9.565715558589277245e-01 5.316058181086444900e-01
6.493727306293858303e-01 5.006920990205621091e-01
2.835577151026038578e-01 2.861476039966042162e-01
3.134205227349131651e-01 1.908500041641539857e-01
9.019236326293176287e-01 8.583981340466858567e-01
4.616393613188367606e-01 3.672514125601704649e-01
9.390783565470985916e-01 2.223734692328100948e-01
5.535419594668016252e-01 5.449815554216264069e-02
1.912021970174490049e-01 6.040269333595097434e-01
6.621836528441696901e-01 5.809958186732396834e-01
8.696014159992897508e-01 9.934052208227469594e-01
7.638618421529111968e-01 4.650917841437588462e-01
8.339346694541026617e-01 1.203873941660016378e-01
6.832706964459297483e-01 5.183377874534339513e-01
1.780658862557183975e-01 9.729336172802139915e-01
3.384374197787475280e-01 6.154234059633834075e-01
8.785942375249520264e-01 5.066888439148206080e-01
1.151378501764318552e-01 8.187390843472899249e-01
3.532137670588004763e-01 9.830668688918388076e-01
8.838254464445580716e-01 8.534493333489572287e-01
3.562531775378994237e-01 7.571297778090656516e-01
9.863290630015888460e-01 5.263216119513313140e-01
4.707321549552315743e-01 1.466582097207080881e-02
7.002037687349362827e-01 8.584775686018540908e-01
2.474571860818299829e-01 3.150245771146568119e-01
5.006770213261564351e-01 7.208015736151685005e-02
8.964247609873698952e-02 4.211107588880808050e-01
2.612189527034216585e-01 4.060373025327684848e-01
4.543862980999380241e-01 9.762733967391181711e-01
9.442598201028372662e-01 1.397301515397660898e-01
8.825859737322464538e-01 8.020666233007855972e-02
5.076354697177540842e-01 1.639099001097653607e-01
3.658921453569340398e-01 7.433402256486646431e-01
4.245054793568499019e-01 8.069512875713337197e-01
7.188157110375418268e-01 9.428394462110162300e-01
5.341560205858773003e-01 8.021479539877952591e-01
3.229071063370518857e-01 3.457458450898646118e-01
4.005104635815054381e-01 4.109157342980890304e-01
1.032532206659745322e-01 5.190989393318635736e-01
9.680321926902557550e-02 8.897621358197640440e-01
6.184478322329312050e-02 4.496944303093087791e-01
2.846940663904304891e-01 1.548694156544790923e-01
7.838366908422123025e-01 7.149323989195256468e-01
1.459478901815131069e-01 6.327656411063101727e-01
7.925551673304460643e-01 7.733322203698869135e-01
9.227959766336157887e-02 6.855127190457762643e-01
7.160239208835770253e-01 8.621662670420272567e-01
5.080443388649866776e-01 4.610940003033573431e-01
9.651163249194698590e-01 7.965122557387535052e-01
5.587309908064890251e-01 3.306170713112794868e-01
8.452379960035106832e-01 4.554363894644046784e-01
9.268519215816062307e-02 4.549042727134398056e-01
8.719683961501463187e-01 4.482821468944454546e-01
1.434914774035012108e-02 6.114853239164695919e-01
9.958300034113987120e-01 8.172485840405118163e-01
6.172379466181479035e-01 9.143988867978849466e-01
8.135816816510619276e-01 4.986393527400404535e-01
5.912202854073818070e-01 7.312928092030198668e-01
8.464261639788647207e-01 5.817640237671140024e-02
7.748038571611510772e-01 4.475034399782019667e-01
6.607985603015407161e-01 7.646330109588500568e-01
5.395019250274483147e-01 1.585148505803990471e-01
4.095268315182660768e-01 7.687299375237977017e-02
6.893006911552638227e-01 9.537061819630834325e-01
7.952528122241869779e-01 3.897864227871187248e-01
5.842914960054943485e-01 3.042006758468691618e-01
5.410455995549650066e-01 3.007269057846402305e-01
7.383247567986099824e-01 2.593415079870254880e-01
9.640203904338944252e-01 6.619487321735314511e-01
6.877784768384376246e-02 1.077776350569314978e-02
9.970463442051004099e-01 2.205055782157935296e-01
3.125627484571775749e-01 2.084140142021083664e-01
9.281017724711823069e-01 6.520128596686141087e-01
5.043863235561107938e-01 5.576508144925703681e-01
3.178728472991873000e-01 6.141750023638413714e-01
4.196003634549319017e-01 1.992281464241791866e-01
6.566050997098814568e-01 3.738405692592120522e-01
7.850663791171615946e-01 4.153949575095270408e-01
5.082713750461963498e-01 7.874664791808962949e-01
4.478780929197311300e-01 9.662211351241645207e-01
7.930286671951116695e-01 8.264304053149785778e-01
9.539204667037276542e-01 3.888506288432074243e-01
5.800802641821708461e-01 6.935917407956034841e-01
6.734584835406307590e-01 9.529367945610195401e-01
2.883486338783345371e-01 2.913615286259919612e-01
9.180044020391466830e-01 7.993056417265596014e-01
2.033566240695977578e-01 5.700468780927676615e-01
7.457637340963282346e-01 3.530363904475091186e-01
4.343822512213900700e-01 5.753966116608929537e-01
4.671085575482105678e-01 7.530423900690328409e-01
5.938753683069730727e-03 4.346325243910504899e-01
3.375813753288715580e-01 6.091640528298268853e-01
7.759584418813596507e-01 7.614516220153022541e-02
1.580597336011924092e-01 6.650816241420333119e-01
7.384024410154169660e-01 5.882017770788353639e-01
9.828033489679264267e-01 4.994614891065746187e-01
1.362923350976436021e-01 6.862910603710800084e-01
6.020755221947980962e-01 5.904214750302634318e-01
5.458536352463981833e-01 9.390957095495389151e-01
1.291563968265579954e-01 7.319729852497836031e-02
1.541171693773197848e-01 2.449902099049504622e-01
5.929463194364691381e-01 6.124252490967343476e-01
2.326018774570842718e-01 4.892254993109375061e-01
4.820618527677348331e-01 4.531107662852249529e-01
8.035452949126581368e-01 4.716930698756318652e-01
7.583654959561659803e-01 1.664811318047980659e-01
5.319673440731680358e-01 8.241047760631955432e-01
1.777165839162576644e-01 4.649221686976623413e-01
6.090793160357167446e-01 1.847745748372873198e-01
7.567656059114030720e-01 7.899624779631742033e-02
9.464155089077187499e-01 4.682214942181357475e-01
3.361230863654764978e-01 1.168070071626403639e-01
4.325966430678647168e-01 6.598040293907717624e-01
9.448727914238408410e-02 3.062690951677485840e-01
8.360175827727110986e-01 6.461810255983272411e-01
2.063730118576239114e-01 1.609097957930891720e-01
9.044850262008998776e-01 2.870202213409843717e-01
1.795001688986302968e-01 9.999640185426024175e-01
3.091918277779058810e-01 1.247401878093636896e-01
4.617576297529470963e-01 4.343451101984820983e-01
9.268024758303310406e-01 1.342049474763047368e-01
9.113640612930684615e-02 9.297867090668010537e-02
9.042874658222364026e-01 4.493691779610771153e-01
1.506065281552256829e-01 5.938300983792905718e-01
5.376233556508320799e-01 1.984067477488993259e-01
6.030381394263709671e-01 3.402312343169455744e-01
2.383707677308699591e-01 5.104006108990281065e-01
2.916492615163875923e-01 2.221399217612132215e-01
8.797224082996741856e-01 1.557625765734172996e-01
2.805899772848324814e-01 3.861383798498256859e-01
2.736383103000228356e-01 2.107106425777696135e-01
7.711460970545880311e-01 3.290161587235814755e-01
1.125129576993384450e-01 5.408951624566957772e-01
1.254884972364103124e-01 3.575196074409279223e-01
8.818267622722838484e-01 3.691611951062196972e-01
6.325089742882500365e-01 5.146255360086312569e-01
1.377248457779756130e-01 6.490695977908351733e-01
8.560349969338062470e-01 9.321247404534405145e-02
7.536800891297915639e-01 6.902112815189781481e-01
8.666605749971458827e-01 1.040919321334670133e-01
3.056953793966787902e-01 6.942914872263741266e-01
2.201797888665024683e-02 7.340756777304886516e-01
8.579785790011209556e-01 4.533040523767575269e-01
4.343299034266521197e-01 2.784689620693659995e-01
5.051870005087333304e-03 1.863035166663560283e-01
9.798641184223711997e-01 8.672860771213566355e-01
2.665046387489213853e-01 9.637488571210464094e-01
3.677126159532858596e-01 2.975853747511800762e-01
1.528076354498851819e-01 9.016110695106740458e-01
9.869924910668592677e-01 3.274114040526824310e-01
7.034304233584268706e-01 3.353034098095546423e-01
1.049907393054552163e-01 3.926923068823239271e-01
5.515699607611760369e-01 1.230167591764942392e-01
8.182727747897611259e-01 4.973631168932894919e-01
2.343829525045729723e-01 5.927595785429433661e-01
7.932593060544020913e-01 3.276243490519757939e-01
7.014763244005943754e-01 4.278591799806873430e-01
9.640511688456009365e-01 7.709400866027316113e-01
3.563509025220209514e-01 1.774795906176207527e-02
6.575198953804279878e-01 1.978721585848522979e-01
1.218791756491327538e-01 9.317764513967937701e-01
9.999489702149167991e-01 2.698888205643851235e-01
3.017685521659380088e-01 1.649889392381687081e-01
4.576847759296237550e-01 8.658437598357475729e-01
7.015059521248777630e-01 8.463315580765876645e-01
2.284816556735804749e-01 7.304560674084801253e-01
9.185266283960602518e-01 2.814161142143903893e-01
6.906535435911851373e-01 4.006574116898544702e-01
2.902266451589226026e-01 9.696234687543494601e-01
3.486332299682927127e-01 1.078496812606872801e-01
3.885892096203356072e-01 4.476782909599823501e-01
7.522108254992379006e-01 9.499142669470027611e-01
8.170569837942126545e-01 9.309413112551060410e-01
4.750601299749310780e-01 7.193165682364341951e-01
3.090495850124024280e-01 6.958710851901794836e-02
3.654735253259935313e-01 6.979152283282976654e-01
2.746221102480437271e-01 8.614058956415209245e-01
7.907728499829018709e-01 1.940425491846029526e-01
3.308367624908067350e-01 8.253026175490917327e-01
2.439377895112994077e-01 3.316021456671306433e-01
3.430669324230867234e-01 8.010420278257667226e-01
3.703026560501676556e-02 7.378698312141429572e-02
5.784515481629375344e-01 3.971119909960666439e-01
6.328853196107075973e-01 2.664612761793828666e-01
9.095826774815607418e-01 7.609418871744560997e-01
6.774622055039603019e-02 7.839054772850341246e-01
9.695823723122513060e-01 9.424356205874729886e-01
7.354837980254477214e-01 1.235937534812155958e-01
5.760767658404540859e-01 2.842327288404887797e-01
9.702129436362472159e-01 7.174857253616093722e-01
6.107655897874192386e-01 6.950880426047262306e-01
4.379791291096805095e-01 3.727367514376066504e-01
9.357995794399641687e-01 3.319271347926866511e-01
4.143613173271931682e-02 4.008401541544573954e-01
7.903403526216722375e-01 6.484683580489194465e-01
9.621707754778746624e-01 1.062018676191376354e-01
9.115463022293833761e-01 3.688491939140621234e-01
4.740025854219123147e-01 4.284821544892344347e-01
1.164522810924414342e-01 2.477964557251887134e-01
7.422715692297919832e-01 2.300754184569520078e-02
1.338877743862745273e-01 2.521016879135007382e-02
8.573880573235491687e-01 6.173248277817796614e-01
1.699286621185588375e-01 7.687722230537535895e-01
9.668005974515537781e-01 9.345603745300181675e-01
9.215475478121653019e-01 7.810215405743226036e-03
5.890134889852784994e-01 2.566326166390292540e-01
5.646472143098587582e-01 3.180302891605546467e-01
1.536665427726126021e-01 4.444937233583466929e-01
4.950963271763734186e-01 9.897655068476245432e-01
4.238788413854011061e-02 3.011551988972765992e-01
8.518938450883226654e-01 6.596954981260427786e-01
8.266830318458958660e-01 6.602909185597778396e-01
7.595363091461329041e-01 4.929217499970572902e-01
2.048776928975974965e-01 8.100038608371998849e-01
5.678206546639691377e-01 1.395051937868296843e-01
8.048940268708660861e-01 9.585859103625782307e-01
3.461638726284658185e-01 2.935122520864434925e-01
8.177517820756607936e-02 6.644912264494156062e-01
9.589616184964967482e-01 1.359926899916076293e-01
4.851596313193154986e-01 9.823818465324785087e-02
3.410990370981581421e-02 6.645010506676454209e-01
8.676871753434979295e-01 3.375705361260297188e-01
8.757651744100992675e-01 1.170530991510319030e-01
2.379606819174762133e-01 9.016067269067185030e-01
5.085098936906702338e-01 6.081923837970241165e-01
3.801823254250791262e-02 1.283899101478889193e-01
5.579081250085315968e-02 9.050007399496692306e-01
1.347949638709470266e-01 8.496728266087545389e-01
3.510346993724531295e-01 8.005974963657800370e-01
3.650435474567473859e-01 2.676840396928764632e-01
9.366070118905722719e-02 2.807065905741337186e-01
4.714797167172799508e-01 8.175087988967955077e-01
4.525149547686978524e-01 9.714355749376174520e-01
5.416330108548229605e-01 2.494562981144343716e-02
4.153673001912724372e-01 6.888991073865137205e-01
2.342916462498247920e-01 6.986299508481587095e-01
5.036973051815162306e-01 2.573777558311529656e-02
7.743529494802057211e-01 5.603737038140751414e-01
8.249350308109337782e-02 4.752140334622729778e-01
2.872928817747466557e-01 8.796815425879330741e-01
2.849270528072487263e-01 9.416870709741989032e-01
5.461327493471125338e-01 3.236137095467213065e-01
8.135450174175773430e-01 6.974003783657658495e-01
4.139624956958795066e-01 6.296183027065931359e-01
7.785842640282812921e-01 8.515577942834893221e-01
8.164127137140636536e-01 1.660770885934179653e-01
8.283895525035855911e-01 5.862905888377212271e-02
2.001706815505686077e-01 6.229267200659891479e-01
1.146925254469043365e-01 6.033475950562000589e-01
3.079656913635637761e-01 4.294665851546483060e-01
3.151515034454780428e-01 7.017356786490447362e-02
5.007587529219609257e-01 9.635994443948874277e-01
6.117833481601271384e-01 3.000318716171253008e-01
9.561498341240191046e-01 3.892372519522273588e-01
6.975177338688435258e-01 6.341128049224442620e-01
9.529108480388515101e-01 9.146026944948369986e-01
1.480040563500312212e-01 8.568587472942246208e-02
8.096423277988296086e-01 9.049432132968230347e-01
4.929736039228994615e-01 6.907612738337750580e-01
6.978828017841820497e-02 2.198043978564718781e-01
1.493761946567211396e-01 6.011605835500339889e-01
1.975398937661071441e-01 5.984631555085062615e-02
3.022072827360107183e-01 6.772124291139527408e-01
5.778637242618545056e-01 3.307249654946358142e-01
8.334788758433764322e-01 2.762691080120895926e-01
2.605476383656826211e-01 5.599474107895882069e-01
4.782156398457756419e-01 4.459726606003606708e-01
1.557856189540671732e-01 5.046461916329910702e-01
2.590189172754442382e-01 3.921798826190153742e-01
7.335704476706063071e-01 9.368628255593556275e-01
7.738629651893242922e-01 4.056338946232637133e-01
5.930331393287638919e-01 7.464978158757039628e-01
4.142210500958914965e-01 3.602481588123011003e-01
1.352432959558632630e-01 7.362608014758755814e-01
8.385085908076248540e-01 3.165844110299528280e-01
7.835077656425353254e-01 6.102130583369874683e-01
7.840830464032439995e-01 4.113373831496643929e-01
7.475763636496066677e-01 4.085091178976260062e-01
8.875798541945290054e-02 5.505789181349440842e-01
4.543287263886456318e-01 2.528798872015771693e-01
8.921133349667691448e-01 3.828533055360011650e-01
3.912611143228139632e-02 3.821357402025903349e-01
4.245098079003697400e-01 8.616377231941598769e-01
7.991832081050435077e-01 1.999665859079242658e-01
8.390292259588708612e-01 2.479272282536651995e-01
3.419341481642930169e-01 7.681845397749131887e-02
5.535631313436384371e-02 6.808601208111374481e-01
9.233410845217330243e-01 4.930168542378287055e-01
8.440937119585830706e-01 7.937512496926533156e-01
6.646787233813292728e-01 9.782289311177785329e-01
8.021879208763860181e-01 2.748443942142614338e-01
7.890142462211079399e-01 6.926616462839035870e-01
3.995204466363516671e-01 7.679747022711502780e-02
2.143595296180996757e-01 7.972378916433550122e-01
2.484852881360491983e-01 9.978579830233480497e-01
6.939881399885445834e-01 4.772224807176078665e-01
5.704366902119271110e-01 6.108727235414361800e-01
9.689448200326232774e-01 1.617411946315194804e-01
2.723958026607545824e-01 7.095910479712436159e-01
2.398579831435655452e-01 8.712971622020502238e-01
3.465341756581186150e-01 1.808393999158190990e-01
4.762076084981847757e-02 5.955950403179499641e-01
8.252821895545516817e-01 2.737931111487912350e-01
9.175394862588203138e-01 7.577342701180047602e-01
6.130068249878473097e-02 5.726329966747498723e-01
5.674409403252657080e-01 2.023723049359802406e-01
3.345443786657215091e-01 4.582788935837622812e-01
4.807782123741843883e-02 1.497764092858878682e-01
1.640043891105587015e-01 3.792357544563909055e-01
7.473574586765804328e-01 8.313036590972588957e-01
1.628490460170388676e-01 7.519060360067698623e-01
6.707099583881693805e-01 8.906873919138783569e-01
9.687912539451718485e-01 1.244606088099410313e-01
8.067386142081667266e-02 7.997301289520093448e-01
1.621708730858584246e-01 1.945745242572068934e-01
8.820359225258268543e-01 9.389648971025249535e-01
3.184712439229739900e-01 8.421681004379939495e-01
8.588569095636510164e-01 6.053904805020362545e-01
5.660884480631449556e-01 5.758384092456096948e-01
3.012891876427228333e-01 6.188670389389907545e-01
2.435802711085700567e-01 1.776322900756087675e-01
4.129504544240063524e-01 7.057804229844352184e-01
6.214276873514642530e-01 9.648820793397024920e-01
6.464559113657224465e-01 1.413140497959204378e-01
1.612182132925180644e-01 9.306714007783212228e-02
1.911737649970129960e-01 5.979509006791210446e-01
8.382864750148153465e-01 8.938676520674573300e-01
4.000438866850485331e-01 5.585830285872317447e-01
8.091995921508133849e-01 3.120705211951690927e-01
5.956690044386950822e-01 1.740825110536656783e-01
4.765403405180946850e-01 1.730722603634683443e-01
4.624263902991455621e-01 3.968196917675795854e-01
4.332648235004933346e-01 2.437122261065179929e-01
1.360433423785061269e-01 2.756653279198856277e-01
2.395800392439091375e-01 7.342962025844497198e-01
7.169750729815460577e-01 5.844829937642723738e-01
9.133379816877518209e-02 5.662618542800329502e-01
7.923702594059778281e-02 1.817301927623782287e-02
3.525961151376557634e-01 2.405449190638994095e-01
5.946476814330425853e-01 9.286424880696136919e-01
7.198520277711920601e-01 7.673608619709870737e-01
9.508931103706227406e-01 6.340910808965676271e-01
5.777309414098256157e-01 6.018679759527084672e-01
8.658052565674658752e-01 3.880990352069850768e-01
7.953362253880039701e-01 6.522569349771614178e-01
3.045715507819634071e-01 1.368841098409168122e-02
2.099199900869199720e-01 6.999887646268611041e-01
5.796903097452348330e-01 2.745946998202860589e-01
4.343024714010239595e-01 6.611487655814131115e-01
1.270861404898969704e-01 4.322795808512164273e-01
4.166242149819794349e-01 5.426010201202405847e-01
5.219136802184950463e-01 3.677266850678495569e-01
7.627336288125462493e-01 6.722903999121376817e-02
3.553847253434605502e-02 4.202593395983753588e-01
8.966942501708142776e-01 2.775693505296691344e-01
1.723093246976531434e-01 9.282083943293761852e-01
1.682232545825702585e-01 3.748405367135255739e-01
7.290155103364921452e-01 2.609240084776017765e-01
2.298495277936812853e-01 3.976672339315541205e-01
7.873648145968251688e-01 9.109833531625063374e-01
3.129252790977377074e-02 1.651081273719202658e-01
9.586012891469075647e-01 5.927912915489683687e-01
5.514102691538197432e-01 8.135436792839946252e-01
3.978329802844482455e-02 1.383625117297482277e-02
9.674940497015918073e-01 8.285706855726810982e-01
7.473817815582686208e-01 1.557007701448667181e-01
4.766039230432600471e-01 9.372935385658475171e-01
9.335995956239546700e-01 9.247106979528796344e-03
7.524914090061574079e-01 6.237766446710368839e-03
9.843017276705565699e-01 4.169672019956984776e-01
9.735187579800996804e-01 3.677468090306375004e-01
2.931872905734214108e-01 3.162919638346048945e-01
7.306790666385900579e-01 1.996728339301969690e-01
8.640576917926506839e-01 5.905726936267423621e-01
9.699110259492697006e-01 9.870849034861486349e-01
1.851820013021453493e-01 9.557820535760177538e-01
4.653848637918367448e-02 2.786372412310567093e-02
9.438645773285518903e-01 9.623967374499934335e-01
1.472476726719896822e-01 4.424158153889981016e-01
4.940925279881824839e-01 8.602812365183044596e-01
6.279172431961690393e-01 7.745664242016154777e-01
4.850968454312909461e-01 6.484137022418282603e-01
7.354093600258586605e-01 7.378812839173013449e-01
1.737826784672380498e-03 9.990807373006060921e-02
3.636604411044159768e-01 6.119744710354180217e-02
3.829897023677170109e-01 3.895668484721922509e-01
9.202335372777397104e-01 5.670718548946909188e-01
7.063512805336582545e-01 8.871986820862284295e-01
4.421293206493173145e-01 1.962144597382198263e-03
2.853360246254137422e-01 8.141587000374869154e-01
9.018411698000747823e-01 3.515095811182210594e-01
2.939912529790483786e-01 9.245052110687334013e-01
3.510737359827800219e-01 6.522451880766583221e-01
2.803092350505633767e-01 9.791879879074150139e-02
5.012363117860134665e-01 9.232318371181675865e-01
6.186407539273049982e-01 2.088266247837343714e-01
6.824295733676130071e-01 7.683611440976325646e-01
3.207605619149588305e-01 5.592094014310385885e-01
6.819531314673225042e-01 1.603531453804881712e-01
9.641009397724624730e-01 4.512519614498419207e-01
9.796643904720663265e-01 1.895738658444950930e-01
4.837735463096444199e-01 1.658536536758377089e-01
1.018082238393869243e-02 2.378751725752027424e-01
4.031873370680834068e-01 4.311307377242357131e-01
8.865051551042045785e-01 6.356772638808418918e-01
4.344416552185301761e-01 9.879976996098127628e-01
6.142243316266856601e-01 3.226629649849716008e-01
6.913108812107946477e-01 4.956999226830051120e-01
8.811676940681721915e-01 8.965112620633212126e-01
3.673504001211695957e-01 5.623390508601441296e-01
2.657734440463054293e-01 6.266367517425499578e-01
9.923469623196747857e-01 8.325885178221839045e-01
3.664099003028252755e-01 9.538035199349248483e-02
9.666819873735141844e-01 3.895847786777202337e-01
2.933808932668151570e-01 3.163353929055675584e-01
4.899233666388467245e-01 9.567513987490006144e-01
9.866223213334913700e-01 2.961267273523955357e-01
3.514687077474850652e-01 5.118065600660369752e-01
8.187288629735944845e-03 1.748365632441091222e-01
9.360590205048063828e-01 2.943523706136119689e-02
1.009762797205437934e-01 4.206470170337187620e-01
7.314502491590120226e-01 2.688782303903485271e-01
3.059655905538909426e-01 3.054729801243867282e-01
8.726019267536064827e-01 2.260976062274179244e-01
5.624018260131903313e-01 9.999311470188161355e-01
7.284654948930181506e-01 3.363506552969259822e-01
7.654589703324095051e-01 9.539157073856089353e-01
3.735378071525843335e-01 7.080112400693305830e-01
7.580426311938914807e-02 8.952968367541417338e-01
9.625672462431200671e-02 3.729250962615946463e-01
5.425058428622356876e-01 2.635776424502188631e-01
6.492693259871775702e-01 5.544287273924114468e-01
7.171852402981060415e-01 3.541393651221608208e-01
5.460138896526733898e-01 8.121854001812289781e-01
8.106963460014556810e-01 7.142399748518815095e-01
5.419358896149794047e-01 6.732611007744953024e-01
8.688029011205078422e-02 4.713172007107325756e-01
8.601435003046490335e-01 6.073648217266423011e-01
9.416831058250899611e-01 2.621785212940809240e-01
9.630180211077543628e-02 6.266134356038866038e-01
9.092592982038039118e-02 7.821353634244159192e-01
2.567424081490572441e-01 5.387518584436565838e-01
8.113770403016125066e-01 7.880353687002999985e-01
4.959750270792085969e-01 9.758464133154727271e-01
4.976331570908406610e-01 2.787914166910554492e-01
3.024312445516867953e-01 7.436427238772701509e-01
4.371070388905936577e-01 4.187884847854902448e-01
2.048659526993446001e-02 3.052781604210492716e-01
8.603830798416067793e-01 8.035044982271468683e-01
7.465108599826600910e-01 2.312838667571992524e-02
2.699029143169318079e-02 3.114649593908825898e-01
4.744532722181332707e-01 9.097412679862697527e-01
3.846298160055393600e-01 2.885250028628927321e-01
5.711529683047126271e-01 9.146942995496945006e-01
7.386387114622500194e-01 8.566662819793104955e-01
1.821976449230329198e-01 1.256644453137923945e-01
5.440711336888929273e-01 6.973708257172499536e-01
9.549880481625317996e-01 3.715344084564788929e-01
3.465568522036965859e-01 5.158542979015846575e-01
6.849379367067088831e-01 5.660237771153031616e-01
7.230306933325960639e-01 3.803149371124904254e-01
8.621976301852416480e-01 1.829755935839597614e-01
3.159046428283279750e-01 7.736776637703174364e-01
3.356722539793957072e-01 6.681546023700152270e-01
2.877976092729607194e-01 1.871043424332927696e-01
3.007325639531537309e-01 8.869932970378799908e-01
4.608831286917119963e-01 2.254151537382285131e-01
3.214385891650439753e-01 2.770956625681941787e-03
7.558082877570286850e-01 2.256774524328019060e-01
5.979210402705024130e-01 2.510953817714312031e-02
8.344984319735174738e-01 1.874447536363551547e-01
