-51 -83 -81 -80 -78 -77 -75 -73
-72 -70 -69 -67 -66 -64 -63 -61
-59 -58 -56 -55 -53 -52 -50 -48
-47 -45 -44 -21 -54 -87 -84 -82
-80 -78 -76 -74 -72 -70 -68 -65
-63 -61 -59 -57 -55 -53 -51 -49
-47 -44 -42 -40 -38 -36 -34 -15
-13 -28 -25 -23 -21 -19 -17 -15
-13 -11 -9 -6 -4 -2 0 2
4 6 8 10 12 15 17 19
21 23 25 23 28 31 34 36
38 40 42 44 46 48 50 52
55 57 59 49 40 33 35 37
39 41 43 45 48 50 52 41
45 58 60 62 64 67 69 71
73 75 77 79 81 83 86 80
76 73 76 78 80 82 84 86
88 90 92 68 22 25 27 29
31 33 35 38 40 42 44 46
48 50 52 51 52 54 56 58
60 62 65 67 69 71 73 56
16 19 22 24 26 28 30 32
34 36 38 1 -36 -71 -68 -66
-64 -62 -60 -58 -56 -54 -52 -49
-47 -45 -43 -20 -53 -83 -81 -79
-77 -74 -72 -70 -68 -66 -64 -97
-128 -128 -128 -128 -128 -128 -128 -128
-128 -128 -128 -128 -128 -128 -128 -77
-82 -125 -123 -121 -119 -117 -115 -113
-111 -108 -106 -128 -128 -128 -128 -128
-128 -128 -128 -128 -128 -128 -128 -128
-128 -128 -128 -96 -101 -128 -128 -128
-128 -128 -128 -128 -128 -128 -128 -128
-128 -128 -127 -124 -122 -120 -118 -116
-114 -112 -110 -108 -105 -103 -101 -58
-60 -95 -93 -91 -89 -87 -84 -82
-80 -78 -76 -74 -72 -70 -68 -65
-63 -61 -59 -57 -55 -53 -51 -49
-47 -44 -42 -20 -19 -36 -34 -32
-30 -28 -25 -23 -21 -19 -17 -15
-13 -11 -9 -6 -4 -2 0 2
4 6 8 10 12 15 17 17
22 23 25 27 29 31 34 36
38 40 42 44 46 48 50 52
55 57 59 49 40 33 35 37
39 41 43 35 40 50 52 54
56 58 60 62 64 67 69 71
73 75 77 79 81 83 86 80
76 73 76 78 80 82 84 62
67 90 92 68 46 25 27 29
31 33 35 38 40 42 44 46
48 50 52 51 52 54 56 58
60 62 65 51 52 71 73 54
36 19 22 24 26 28 30 32
34 36 38 1 -36 -71 -68 -66
-64 -62 -60 -58 -56 -54 -52 -25
-27 -45 -43 -58 -71 -83 -81 -79
-77 -74 -72 -70 -68 -66 -64 -97
-128 -128 -128 -128 -128 -128 -128 -128
-128 -128 -128 -82 -87 -128 -128 -128
-127 -125 -123 -121 -119 -117 -115 -113
-111 -108 -106 -128 -128 -128 -128 -128
-128 -128 -128 -128 -128 -128 -128 -101
-107 -128 -128 -128 -128 -128 -128 -128
-128 -128 -128 -128 -128 -128 -128 -128
-128 -128 -127 -124 -122 -120 -118 -116
-114 -112 -110 -64 -66 -103 -101 -99
-97 -95 -93 -91 -89 -87 -84 -82
-80 -78 -76 -74 -72 -70 -68 -65
-63 -61 -59 -57 -55 -53 -51 -26
-25 -44 -42 -40 -38 -36 -34 -32
-30 -28 -25 -23 -21 -19 -17 -15
-13 -11 -9 -6 -4 -2 0 2
4 6 8 12 16 15 17 19
21 23 25 27 29 31 34 36
38 40 42 44 46 48 50 52
55 57 59 49 40 33 35 30
34 41 43 45 48 50 52 54
56 58 60 62 64 67 69 71
73 75 77 79 81 83 86 80
76 73 76 57 61 82 84 86
88 90 92 68 46 25 27 29
31 33 35 38 40 42 44 46
48 50 52 51 52 54 56 46
46 62 65 67 69 71 73 54
36 19 22 24 26 28 30 32
34 36 38 1 -36 -71 -68 -66
-64 -62 -60 -30 38 49 50 52
53 54 55 40 26 13 14 15
17 18 19 20 22 23 24 -10
-43 -74 -72 -71 -70 -69 -67 -35
-128 -128 -128 -128 -128 -128 -128 -128
-128 -128 -128 -128 -128 -128 -128 -128
-128 -128 -128 -128 -128 -128 -128 -128
-125 -120 -116 -68 -128 -128 -128 -128
-128 -128 -128 -128 -128 -128 -128 -128
-128 -128 -128 -128 -128 -128 -128 -126
-120 -113 -107 -100 -94 -87 -81 -45
-37 -62 -55 -49 -42 -36 -29 -23
-16 -10 -3 3 10 16 23 29
36 42 49 55 62 68 75 81
87 94 100 75 85 120 126 127
127 127 127 127 127 127 127 127
127 127 127 127 111 67 73 80
86 93 99 106 112 119 125 91
102 127 127 127 127 127 127 127
127 127 127 127 127 127 127 127
127 105 112 118 125 127 127 127
127 127 127 117 -6 -15 -8 -2
5 11 18 24 30 37 43 50
56 63 69 31 -5 -40 -34 -27
-21 -14 -8 -1 5 12 18 22
-95 -128 -128 -128 -127 -121 -114 -108
-101 -95 -88 -128 -128 -128 -128 -128
-128 -128 -128 -128 -128 -128 -128 -128
-128 -128 -128 -128 -128 -128 -128 -128
-128 -128 -128 -128 -128 -128 -128 -128
-128 -128 -128 -128 -128 -128 -128 -128
-128 -128 -128 -128 -128 -128 -128 -128
-128 -128 -128 -128 -128 -128 -128 -128
-128 -128 -128 -128 -128 -128 -128 -128
-128 -128 -128 -128 -128 -128 -128 -128
-128 -128 -128 -128 -128 -128 -128 -128
-128 -128 -128 -128 -128 -128 -128 -128
-128 -128 -128 -128 -128 -128 -128 -128
-128 -128 -128 -128 -128 -128 -128 -128
-128 -128 -128 -128 -128 -128 -128 -128
-128 -128 -128 -128 -128 -128 -128 -128
-128 -128 -128 -128 -128 -128 -128 -126
-120 -113 -107 -62 -55 -87 -81 -75
-68 -62 -55 -49 -42 -36 -29 -23
-16 -10 -3 3 10 16 23 29
36 42 49 55 62 68 75 58
68 94 100 107 113 120 126 127
127 127 127 127 127 127 127 127
127 127 127 127 111 67 73 80
86 93 99 74 84 119 125 127
127 127 127 127 127 127 127 127
127 127 127 127 127 127 127 127
127 105 112 118 125 127 127 100
110 127 127 103 43 -15 -8 -2
5 11 18 24 30 37 43 50
56 63 69 31 -5 -40 -34 -27
-21 -14 -8 4 11 12 18 -38
-93 -128 -128 -128 -127 -121 -114 -108
-101 -95 -88 -128 -128 -128 -128 -128
-128 -128 -128 -128 -128 -128 -128 -128
-128 -128 -128 -128 -128 -128 -128 -128
-128 -128 -128 -128 -128 -128 -128 -128
-128 -128 -128 -128 -128 -128 -128 -128
-128 -128 -128 -128 -128 -128 -128 -128
-128 -128 -128 -128 -128 -128 -128 -128
-128 -128 -128 -128 -128 -128 -128 -128
-128 -128 -128 -128 -128 -128 -128 -128
-128 -128 -128 -128 -128 -128 -128 -128
-128 -128 -128 -128 -128 -128 -128 -128
-128 -128 -128 -128 -128 -128 -128 -128
-128 -128 -128 -128 -128 -128 -128 -128
-128 -128 -128 -128 -128 -128 -128 -128
-128 -128 -128 -128 -128 -128 -128 -128
-128 -128 -128 -128 -128 -128 -128 -79
-72 -113 -107 -100 -94 -87 -81 -75
-68 -62 -55 -49 -42 -36 -29 -23
-16 -10 -3 3 10 16 23 29
36 42 49 41 50 68 75 81
87 94 100 107 113 120 126 127
127 127 127 127 127 127 127 127
127 127 127 127 111 67 73 57
67 93 99 106 112 119 125 127
127 127 127 127 127 127 127 127
127 127 127 127 127 127 127 127
127 105 112 83 93 127 127 127
127 127 127 103 43 -15 -8 -2
5 11 18 24 30 37 43 50
56 63 69 31 -5 -40 -34 -13
-6 -14 -8 -1 5 12 18 -38
-93 -128 -128 -128 -127 -121 -114 -108
-101 -95 -88 -128 -128 -128 -128 -128
-128 -128 -128 -128 3 -2 2 6
10 14 18 -36 -88 -128 -128 -128
-127 -123 -119 -115 -111 -106 -102 -128
-128 -128 -128 -128 -128 -128 -128 -128
-128 -128 -128 -128 -128 -128 -128 -128
-128 -128 -128 -128 -128 -128 -128 -128
-128 -128 -128 -128 -128 -128 -128 -128
-128 -128 -128 -115 -128 -128 -128 -128
-128 -128 -128 -128 -128 -128 -128 -128
-128 -128 -128 -128 -128 -128 -128 -128
-128 -128 -128 -128 -128 -128 -128 -74
-61 -96 -85 -74 -63 -52 -41 -30
-20 -9 2 13 24 35 46 56
67 78 89 100 111 122 127 127
127 127 127 127 127 127 127 127
127 127 127 127 127 127 127 127
127 127 127 127 127 101 112 123
127 127 127 127 127 127 127 127
127 127 127 127 127 127 127 127
127 127 127 127 127 127 127 127
127 127 127 127 127 127 127 127
127 127 127 127 -34 -55 -44 -33
-22 -11 0 10 21 32 43 54
65 76 86 11 -62 -128 -124 -113
-102 -91 -80 -69 -59 -48 -37 -13
-128 -128 -128 -128 -128 -128 -128 -128
-128 -128 -128 -128 -128 -128 -128 -128
-128 -128 -128 -128 -128 -128 -128 -128
-128 -128 -128 -128 -128 -128 -128 -128
-128 -128 -128 -128 -128 -128 -128 -128
-128 -128 -128 -128 -128 -128 -128 -128
-128 -128 -128 -128 -128 -128 -128 -128
-128 -128 -128 -128 -128 -128 -128 -128
-128 -128 -128 -128 -128 -128 -128 -128
-128 -128 -128 -128 -128 -128 -128 -128
-128 -128 -128 -128 -128 -128 -128 -128
-128 -128 -128 -128 -128 -128 -128 -128
-128 -128 -128 -128 -128 -128 -128 -128
-128 -128 -128 -128 -128 -128 -128 -128
-128 -128 -128 -128 -128 -128 -128 -128
-128 -128 -128 -128 -128 -128 -128 -128
-128 -128 -128 -128 -128 -128 -128 -128
-128 -128 -128 -103 -90 -128 -128 -117
-106 -96 -85 -74 -63 -52 -41 -30
-20 -9 2 13 24 35 46 56
67 78 89 100 111 122 127 98
114 127 127 127 127 127 127 127
127 127 127 127 127 127 127 127
127 127 127 127 127 101 112 123
127 127 127 113 127 127 127 127
127 127 127 127 127 127 127 127
127 127 127 127 127 127 127 127
127 127 127 127 127 127 127 127
127 127 127 127 40 -55 -44 -33
-22 -11 0 10 21 32 43 54
65 76 86 11 -62 -128 -124 -113
-102 -91 -80 -42 -29 -48 -37 -128
-128 -128 -128 -128 -128 -128 -128 -128
-128 -128 -128 -128 -128 -128 -128 -128
-128 -128 -128 -128 -128 -128 -128 -128
-128 -128 -128 -128 -128 -128 -128 -128
-128 -128 -128 -128 -128 -128 -128 -128
-128 -128 -128 -128 -128 -128 -128 -128
-128 -128 -128 -128 -128 -128 -128 -128
-128 -128 -128 -128 -128 -128 -128 -128
-128 -128 -128 -128 -128 -128 -128 -128
-128 -128 -128 -128 -128 -128 -128 -128
-128 -128 -128 -128 -128 -128 -128 -128
-128 -128 -128 -128 -128 -128 -128 -128
-128 -128 -128 -128 -128 -128 -128 -128
-128 -128 -128 -128 -128 -128 -128 -128
-128 -128 -128 -128 -128 -128 -128 -128
-128 -128 -128 -128 -128 -128 -128 -128
-128 -128 -128 -128 -128 -128 -128 -128
-119 -128 -128 -128 -128 -128 -128 -117
-106 -96 -85 -74 -63 -52 -41 -30
-20 -9 2 13 24 35 46 56
67 78 89 69 85 122 127 127
127 127 127 127 127 127 127 127
127 127 127 127 127 127 127 127
127 127 127 127 127 101 112 85
100 127 127 127 127 127 127 127
127 127 127 127 127 127 127 127
127 127 127 127 127 127 127 127
127 127 127 109 125 127 127 127
127 127 127 127 40 -55 -44 -33
-22 -11 0 10 21 32 43 54
65 76 86 11 -62 -128 -124 -71
-58 -91 -80 -69 -59 -48 -37 -128
-128 -128 -128 -128 -128 -128 -128 -128
-128 -128 -128 -128 -128 -128 -128 -128
-128 -128 -128 -128 -32 -54 -47 -40
-33 -26 -19 -111 -128 -128 -128 -128
-128 -128 -128 -128 -128 -128 -128 -128
-128 -128 -128 -128 -128 -128 -128 -128
-128 -128 -128 -128 -128 -128 -128 -128
-128 -128 -128 -128 -128 -128 -128 -128
-128 -128 -128 -128 -128 -128 -128 -128
-128 -128 -128 -128 -128 -128 -128 -128
-128 -128 -128 -128 -128 -128 -128 -128
-128 -128 -128 -128 -128 -128 -128 -128
-128 -128 -128 -128 -128 -128 -128 -104
-85 -128 -114 -99 -84 -69 -53 -38
-23 -8 8 23 38 53 68 84
99 114 127 127 127 127 127 127
127 127 127 127 127 127 127 127
127 127 127 127 127 127 127 127
127 127 127 127 127 127 127 127
127 127 127 127 127 127 127 127
127 127 127 127 127 127 127 127
127 127 127 127 127 127 127 127
127 127 127 127 127 127 127 127
127 127 127 127 -61 -95 -79 -64
-49 -34 -18 -3 12 27 43 58
73 88 103 -9 -120 -128 -128 -128
-128 -128 -128 -128 -122 -107 -92 -48
-128 -128 -128 -128 -128 -128 -128 -128
-128 -128 -128 -128 -128 -128 -128 -128
-128 -128 -128 -128 -128 -128 -128 -128
-128 -128 -128 -128 -128 -128 -128 -128
-128 -128 -128 -128 -128 -128 -128 -128
-128 -128 -128 -128 -128 -128 -128 -128
-128 -128 -128 -128 -128 -128 -128 -128
-128 -128 -128 -128 -128 -128 -128 -128
-128 -128 -128 -128 -128 -128 -128 -128
-128 -128 -128 -128 -128 -128 -128 -128
-128 -128 -128 -128 -128 -128 -128 -128
-128 -128 -128 -128 -128 -128 -128 -128
-128 -128 -128 -128 -128 -128 -128 -128
-128 -128 -128 -128 -128 -128 -128 -128
-128 -128 -128 -128 -128 -128 -128 -128
-128 -128 -128 -128 -128 -128 -128 -128
-128 -128 -128 -128 -128 -128 -128 -128
-128 -128 -128 -128 -125 -128 -128 -128
-128 -128 -114 -99 -84 -69 -53 -38
-23 -8 8 23 38 53 68 84
99 114 127 127 127 127 127 127
127 127 127 127 127 127 127 127
127 127 127 127 127 127 127 127
127 127 127 127 127 127 127 127
127 127 127 127 127 127 127 127
127 127 127 127 127 127 127 127
127 127 127 127 127 127 127 127
127 127 127 127 127 127 127 127
127 127 127 127 38 -95 -79 -64
-49 -34 -18 -3 12 27 43 58
73 88 103 -9 -120 -128 -128 -128
-128 -128 -128 -88 -70 -107 -92 -128
-128 -128 -128 -128 -128 -128 -128 -128
-128 -128 -128 -128 -128 -128 -128 -128
-128 -128 -128 -128 -128 -128 -128 -128
-128 -128 -128 -128 -128 -128 -128 -128
-128 -128 -128 -128 -128 -128 -128 -128
-128 -128 -128 -128 -128 -128 -128 -128
-128 -128 -128 -128 -128 -128 -128 -128
-128 -128 -128 -128 -128 -128 -128 -128
-128 -128 -128 -128 -128 -128 -128 -128
-128 -128 -128 -128 -128 -128 -128 -128
-128 -128 -128 -128 -128 -128 -128 -128
-128 -128 -128 -128 -128 -128 -128 -128
-128 -128 -128 -128 -128 -128 -128 -128
-128 -128 -128 -128 -128 -128 -128 -128
-128 -128 -128 -128 -128 -128 -128 -128
-128 -128 -128 -128 -128 -128 -128 -128
-128 -128 -128 -128 -128 -128 -128 -128
-128 -128 -128 -128 -128 -128 -128 -128
-128 -128 -114 -99 -84 -69 -53 -38
-23 -8 8 23 38 53 68 84
99 114 127 98 120 127 127 127
127 127 127 127 127 127 127 127
127 127 127 127 127 127 127 127
127 127 127 127 127 127 127 112
127 127 127 127 127 127 127 127
127 127 127 127 127 127 127 127
127 127 127 127 127 127 127 127
127 127 127 127 127 127 127 127
127 127 127 127 38 -95 -79 -64
-49 -34 -18 -3 12 27 43 58
73 88 103 -9 -120 -128 -128 -128
-111 -128 -128 -128 -122 -107 -92 -128
-128 -128 -128 -128 -128 -128 -128 -128
-128 -128 -128 -128 -128 -128 -128 -128
-128 -128 -128 -128 -67 -105 -95 -85
-75 -65 -55 -128 -128 -128 -128 -128
-128 -128 -128 -128 -128 -128 -128 -128
-128 -128 -128 -128 -128 -128 -128 -128
