19 19 19 19 19 19 19 19
19 19 19 19 19 19 19 19
19 19 19 19 19 19 19 19
19 19 19 19 19 19 19 19
19 19 19 19 19 19 19 19
19 19 19 19 19 19 19 19
19 19 19 19 19 19 19 19
19 19 19 19 19 19 19 19
19 19 19 19 19 19 19 19
19 19 19 19 19 19 19 19
19 19 19 19 19 19 19 19
19 19 19 19 19 19 19 19
19 19 19 19 19 19 19 19
19 19 19 19 19 19 19 19
19 19 19 19 19 19 19 19
19 19 19 19 19 19 19 19
19 19 19 19 19 19 19 19
19 19 19 19 19 19 19 19
19 19 19 19 19 19 19 19
19 19 19 19 19 19 19 19
19 19 19 19 19 19 19 19
19 19 19 19 19 19 19 19
19 19 19 19 19 19 20 20
20 20 20 20 20 20 20 20
20 20 20 20 20 20 20 20
20 20 20 20 20 20 20 20
20 20 21 21 21 21 21 21
21 21 19 19 19 19 19 19
19 19 19 19 19 19 19 19
19 19 19 19 19 19 20 20
20 20 20 20 20 20 20 20
20 20 20 20 20 20 20 20
20 20 20 20 20 20 20 20
20 20 20 20 20 20 20 20
20 20 20 20 20 20 20 20
19 19 19 19 19 19 19 19
19 19 19 19 19 19 19 19
19 19 20 20 20 20 20 20
20 20 20 20 20 20 20 20
20 20 20 20 20 20 20 20
20 20 20 20 20 20 20 20
20 20 20 20 20 20 20 20
20 20 20 21 21 21 21 21
21 21 21 21 19 19 19 19
19 19 19 19 19 19 19 19
19 19 19 19 21 21 21 21
21 21 21 21 21 21 21 21
21 21 21 21 21 21 21 21
22 22 22 22 22 22 22 22
22 22 22 22 22 22 22 22
19 19 19 19 19 19 20 20
20 20 20 20 20 20 20 20
20 20 20 20 20 20 20 20
20 20 20 20 21 21 21 21
21 21 21 21 21 21 21 21
21 21 21 21 21 21 21 21
22 22 22 22 22 22 22 22
22 22 22 22 22 22 19 19
19 19 19 19 19 19 19 19
19 20 20 20 20 20 20 20
20 20 20 20 20 20 20 20
20 20 21 21 21 21 21 21
21 21 21 21 21 21 21 21
21 21 21 21 21 21 21 21
21 21 22 22 22 22 22 22
22 22 22 22 22 22 22 22
22 22 19 19 20 20 20 20
20 20 20 20 20 20 20 20
20 20 22 22 22 22 22 22
22 22 22 22 22 22 22 22
23 23 23 23 23 23 23 23
23 23 23 23 23 23 24 24
24 24 24 24 24 24 19 19
19 19 19 19 20 20 20 20
20 20 20 20 20 20 20 20
20 20 21 21 21 21 21 21
21 21 21 21 21 21 21 21
22 22 22 22 22 22 22 22
22 22 22 22 22 22 23 23
23 23 23 23 23 23 23 23
23 23 23 23 19 19 19 19
20 20 20 20 20 20 20 20
20 20 20 20 20 21 21 21
21 21 21 21 21 21 21 21
21 21 21 22 22 22 22 22
22 22 22 22 22 22 22 22
22 23 23 23 23 23 23 23
23 23 23 23 23 23 23 24
24 24 24 24 24 24 24 24
19 19 20 20 20 20 20 20
20 20 20 20 20 20 20 20
22 22 22 23 23 23 23 23
23 23 23 23 23 23 24 24
24 24 24 24 24 24 24 24
24 24 24 24 25 25 25 25
25 25 25 25 19 19 19 19
20 20 20 20 20 20 20 21
21 21 21 21 21 21 21 21
22 22 22 22 22 22 22 22
22 22 22 22 22 22 23 23
23 23 23 23 23 23 23 23
23 24 24 24 24 24 24 24
25 25 25 25 25 25 25 25
25 25 20 20 20 20 20 20
20 20 20 20 20 20 20 20
21 21 21 21 21 21 21 21
21 21 21 21 21 21 22 22
22 22 22 22 22 23 23 23
23 23 23 23 24 24 24 24
24 24 24 24 24 24 24 24
24 24 25 25 25 25 25 25
25 25 25 25 25 25 19 19
20 20 20 20 20 20 20 20
20 21 21 21 21 21 23 23
23 23 23 24 24 24 24 24
24 24 24 24 25 25 25 25
25 25 25 25 25 25 26 26
26 26 27 27 27 27 27 27
27 27 19 19 20 20 20 20
21 21 21 21 21 21 21 21
21 21 21 21 21 21 22 22
22 22 23 23 23 23 23 23
23 23 23 23 24 24 24 24
24 24 24 24 24 25 25 25
25 25 26 26 26 26 26 26
26 26 26 26 26 26 26 26
20 20 20 20 20 20 20 20
20 20 20 20 20 20 21 21
21 22 22 22 22 22 22 22
22 22 22 22 23 23 23 23
23 23 23 23 23 24 24 24
24 24 25 25 25 25 25 25
25 25 25 25 25 25 25 25
26 26 26 27 27 27 27 27
27 27 27 27 19 19 20 20
20 21 21 21 21 21 21 21
21 21 21 21 24 24 24 24
24 24 25 25 25 25 25 25
25 25 26 26 26 26 26 26
27 27 27 27 27 27 27 27
28 28 28 28 28 28 29 29
19 20 20 20 20 20 21 21
21 21 21 21 21 21 22 22
22 22 22 22 23 23 23 23
23 23 23 23 24 24 24 24
24 24 25 25 25 25 25 25
25 25 26 26 26 26 26 26
27 27 27 27 27 27 27 27
28 28 28 28 28 28 20 20
20 20 20 20 20 20 20 20
21 21 21 21 22 22 22 22
22 22 22 22 22 22 23 23
23 23 24 24 24 24 24 24
24 24 24 24 25 25 25 25
26 26 26 26 26 26 26 26
26 26 27 27 27 27 28 28
28 28 28 28 28 28 28 28
29 29 19 20 21 21 21 21
21 21 21 21 21 21 21 21
22 22 25 25 25 25 25 25
25 26 26 26 26 26 26 26
27 27 27 28 28 28 28 28
28 28 28 28 28 28 30 30
30 30 30 30 30 30 20 20
20 20 20 20 21 21 21 22
22 22 22 22 22 22 22 22
22 22 24 24 24 24 24 24
24 24 24 24 24 25 25 25
26 26 26 26 26 26 26 27
27 27 27 27 27 27 28 28
28 29 29 29 29 29 29 29
29 29 29 29 20 20 20 20
20 20 20 20 21 21 21 21
21 21 22 22 22 23 23 23
23 23 23 23 23 23 23 23
25 25 25 25 25 25 25 25
25 25 25 26 26 26 27 27
27 27 27 27 27 28 28 28
28 28 28 28 29 29 29 30
30 30 30 30 30 30 30 30
20 20 21 21 21 21 21 21
21 22 22 22 22 22 22 22
