-128 -128 -128 -128 -128 -128 -128 -128
-128 -128 -128 -128 -128 -128 -128 -128
-128 -128 -128 -128 -128 -128 -128 -128
-128 -128 -128 -128 -128 -128 -128 -128
-128 -128 -128 -128 -128 -128 -128 -128
-128 -128 -128 -128 -128 -128 -128 -128
-128 -128 -128 -128 -128 -128 -94 -62
-128 -128 -128 -128 -128 -128 -128 -128
-128 -128 -128 -121 -104 -88 -108 -126
-128 -128 -128 -128 -128 -123 -107 -90
-73 -57 -35 -17 14 19 27 43
60 77 93 110 126 127 127 127
127 127 127 127 127 127 127 127
127 127 127 127 127 127 127 127
-3 -3 1 18 35 51 68 85
101 118 127 127 127 127 127 127
127 127 127 127 127 127 127 127
127 127 127 127 26 37 53 69
86 103 119 127 127 127 72 -23
-117 -128 -128 -128 -128 -128 -128 -128
-128 -128 -128 -128 -128 -128 -123 -80
-128 -128 -128 -128 -128 -128 -128 -128
-128 -128 -128 -128 -128 -128 -128 -128
-128 -128 -128 -128 -128 -128 -128 -128
-128 -128 -128 -128 -128 -128 -128 -128
-128 -128 -128 -128 -128 -128 -128 -128
-128 -128 -128 -128 -128 -128 -128 -128
-128 -128 -128 -128 -128 -128 -128 -128
-128 -128 -128 -128 -128 -128 -128 -128
-128 -128 -128 -128 -128 -128 -128 -128
-128 -128 -128 -128 -128 -128 -128 -128
-128 -128 -128 -128 -128 -128 -128 -128
-128 -128 -128 -128 -128 -128 -128 -128
-128 -128 -128 -128 -128 -128 -128 -128
-128 -128 -128 -128 -128 -128 -128 -128
-128 -128 -128 -128 -128 -128 -128 -128
-128 -128 -128 -128 -128 -128 -128 -128
-128 -128 -128 -128 -128 -128 -128 -128
-128 -128 -128 -128 -128 -128 -128 -128
-128 -128 -128 -128 -128 -128 -128 -128
-128 -128 -128 -121 -104 -88 -108 -126
-128 -128 -128 -128 -128 -123 -88 -56
-27 -35 -40 -23 -7 10 27 43
60 77 93 110 126 127 127 127
127 127 127 127 127 127 127 127
127 127 127 127 127 127 127 127
108 54 1 18 35 51 68 85
101 118 127 127 127 127 127 127
127 127 127 127 127 127 127 127
127 127 127 127 127 98 53 69
86 103 119 127 127 127 72 -23
-117 -128 -128 -128 -128 -128 -128 -128
-128 -128 -128 -119 -101 -128 -128 -128
-128 -128 -128 -128 -128 -128 -128 -128
-128 -128 -128 -128 -128 -128 -128 -128
-128 -128 -128 -128 -128 -128 -128 -128
-128 -128 -128 -128 -128 -128 -128 -128
-128 -128 -128 -128 -128 -128 -128 -128
-128 -128 -128 -128 -128 -128 -128 -128
-128 -128 -128 -128 -128 -128 -128 -128
-128 -128 -128 -128 -128 -128 -128 -128
-128 -128 -128 -128 -128 -128 -128 -128
-128 -128 -128 -128 -128 -128 -128 -128
-128 -128 -128 -128 -128 -128 -128 -128
-128 -128 -128 -128 -128 -128 -128 -128
-128 -128 -128 -128 -128 -128 -128 -128
-128 -128 -128 -128 -128 -128 -128 -128
-128 -128 -128 -128 -128 -128 -128 -128
-128 -128 -128 -128 -128 -128 -128 -128
-128 -128 -128 -128 -128 -128 -128 -128
-128 -128 -128 -128 -128 -128 -128 -128
-128 -128 -128 -128 -128 -128 -128 -128
-128 -128 -128 -121 -104 -88 -108 -126
-128 -128 -128 -95 -68 -89 -107 -90
-73 -57 -40 -23 -7 10 27 43
60 77 93 110 126 127 127 127
127 127 127 127 127 127 126 104
127 127 127 127 127 127 127 127
108 54 1 18 35 51 68 85
101 118 127 127 127 127 127 127
127 127 127 113 127 127 127 127
127 127 127 127 127 98 53 69
86 103 119 127 127 127 72 -23
-117 -128 -128 -128 -128 -128 -128 -128
127 127 127 127 127 127 127 127
127 127 90 102 115 127 127 127
127 127 83 -9 -99 -128 -128 -128
-128 -128 -128 -128 127 127 127 127
127 127 127 127 127 118 81 89
98 107 115 124 127 127 52 -37
-123 -128 -128 -128 -128 -128 -128 -128
127 127 127 127 127 127 127 127
127 127 127 127 127 127 127 127
127 127 127 127 127 127 127 127
127 127 127 127 127 127 127 127
127 127 127 127 127 127 127 127
127 127 127 127 127 127 127 127
127 127 127 127 127 127 127 127
127 127 127 127 127 127 127 127
127 127 127 127 127 127 127 127
127 127 127 127 127 127 127 127
127 127 127 127 127 127 127 127
127 127 127 127 127 127 127 127
127 127 127 127 127 127 99 116
127 127 127 127 127 127 127 53
-128 -128 -128 -128 -128 -128 -128 -128
-128 -128 -128 -128 -128 -128 -128 -128
-128 -128 -128 -128 -128 -128 -128 -128
-128 -128 -128 -128 -128 -128 -128 -128
-128 -128 -128 -128 -128 -128 -128 -128
-128 -128 -128 -128 -128 -128 -128 -128
-128 -128 -128 -128 -128 -128 -128 -128
-128 -128 -128 -128 -128 -128 -128 -128
-128 -128 -128 -128 -128 -128 -128 -128
-128 -128 -128 -128 -128 -128 -128 -128
-128 -128 -128 -128 -128 -128 -128 -128
-128 -128 -128 -128 -128 -128 -128 -128
-128 -128 -128 -128 -128 -128 -128 -128
-128 -128 -128 -128 -128 -128 -128 -128
-128 -128 -128 -128 -128 -128 -128 -128
-128 -128 -128 -128 -128 -128 -128 -128
-128 -128 -128 -128 -128 -128 -121 -104
-88 -71 46 127 -121 -59 12 29
45 62 79 95 112 127 127 127
127 127 22 39 56 72 89 106
122 127 127 127 127 127 55 -101
127 127 127 127 127 127 127 127
127 127 127 127 127 127 127 127
127 127 127 127 127 127 127 127
127 127 127 127 127 127 127 127
127 127 127 127 127 127 127 127
127 127 127 127 127 127 127 127
127 127 127 127 127 127 127 103
127 127 127 127 127 127 127 127
127 127 127 127 127 127 127 127
127 127 127 127 127 127 99 116
127 127 78 6 127 127 41 -128
-128 -128 -128 -128 -128 -128 -128 -128
-128 -128 -128 -128 -128 -128 -128 -128
-128 -128 -128 -128 -128 -128 -128 -128
-128 -128 -128 -128 -128 -128 -128 -128
-128 -128 -128 -128 -128 -128 -128 -128
-128 -128 -128 -128 -128 -128 -128 -128
-128 -128 -128 -128 -128 -128 -128 -128
-128 -128 -128 -128 -128 -128 -128 -128
-128 -128 -128 -128 -128 -128 -128 -128
-128 -128 -128 -128 -128 -128 -128 -128
-128 -128 -128 -128 -128 -128 -128 -128
-128 -128 -128 -128 -128 -128 -128 -128
-128 -128 -128 -128 -128 -128 -128 -128
-128 -128 -128 -128 -128 -128 -128 -128
-128 -128 -128 -128 -128 -128 -128 -128
-128 -128 -128 -128 -128 -128 -128 -128
-128 -128 -128 -128 -128 -128 -10 110
-128 -110 -54 -38 -21 -4 12 29
45 62 79 95 112 127 127 127
127 127 22 39 56 72 89 106
122 127 -1 -128 127 127 127 127
127 127 127 127 127 127 127 127
127 127 127 127 127 127 127 127
127 127 127 127 127 127 127 127
127 127 127 127 127 127 127 127
127 127 127 127 127 127 127 127
127 127 127 127 127 127 127 127
127 127 127 56 127 127 127 127
127 127 127 127 127 127 127 127
127 127 127 127 127 127 127 127
127 127 127 127 127 127 22 -40
127 127 127 127 127 127 41 -128
-128 -128 -128 -128 -128 -128 -128 -128
-128 -128 -128 -128 -128 -128 -128 -128
-128 -128 -128 -128 -128 -128 -128 -128
-128 -128 -128 -128 -128 -128 -128 -128
-128 -128 -128 -128 -128 -128 -128 -128
-128 -128 -128 -128 -128 -128 -128 -128
-128 -128 -128 -128 -128 -128 -128 -128
-128 -128 -128 -128 -128 -128 -128 -128
-128 -128 -128 -128 -128 -128 -128 -128
-128 -128 -128 -128 -128 -128 -128 -128
-128 -128 -128 -128 -128 -128 -128 -128
-128 -128 -128 -128 -128 -128 -128 -128
-128 -128 -128 -128 -128 -128 -128 -128
127 127 127 127 127 127 127 127
127 127 127 127 127 127 127 127
127 127 127 127 127 127 126 109
91 74 58 44 127 127 127 127
127 127 127 127 127 127 127 127
108 84 60 36 12 -12 -36 -60
-83 -107 -128 -128 -128 -128 -128 -128
64 67 65 34 3 -28 -59 -90
-121 -128 -128 -128 -128 -128 -128 -85
13 113 127 127 127 120 89 58
27 -4 -11 -13 -68 -110 -128 -128
-128 -128 -128 -128 -128 -128 -128 -128
-128 -128 -128 -128 -128 -81 28 -3
-34 -65 -97 -128 -128 -128 -128 -127
91 102 108 77 46 15 -16 -47
-78 -109 -128 -128 -128 -128 -123 -11
102 127 127 127 127 127 127 127
127 116 84 58 127 127 127 127
127 127 127 127 127 127 127 127
127 127 127 127 127 127 127 127
127 127 127 127 127 127 127 127
127 127 127 127 127 127 127 127
127 127 127 127 127 127 127 127
127 127 127 127 127 127 127 127
127 127 127 127 127 127 127 127
127 127 127 127 127 127 127 127
127 127 127 127 127 127 127 127
127 127 127 127 127 127 127 127
127 127 127 127 127 127 127 127
127 127 127 127 127 127 127 127
127 127 127 127 127 127 127 127
127 127 127 127 127 127 127 127
127 127 127 127 127 127 127 127
127 127 127 127 127 127 127 127
127 127 127 127 127 127 127 127
127 127 127 127 127 127 127 127
127 127 127 127 127 127 127 127
127 127 127 127 127 127 127 127
127 127 127 127 127 127 127 127
127 96 65 34 3 -28 -59 -90
-121 -128 -128 -128 -128 -128 -128 -85
13 113 127 127 127 120 89 63
5 -12 -35 -66 -97 -128 -128 -128
-128 -128 -128 -128 -128 -128 -128 -128
-128 -128 -128 -128 -128 -81 28 -3
-34 -65 -62 -52 -103 -128 -128 -75
-16 46 108 77 46 15 -16 -47
-78 -109 -128 -128 -128 -128 -123 -11
102 127 127 127 127 127 127 127
79 85 127 127 127 127 127 127
127 127 127 127 127 127 127 127
127 127 127 127 127 127 127 127
127 127 127 127 127 127 127 127
127 127 127 127 127 127 127 127
127 127 127 127 127 127 127 127
127 127 127 127 127 127 127 127
127 127 127 127 127 127 127 127
127 127 127 127 127 127 127 127
127 127 127 127 127 127 127 127
127 127 127 127 127 127 127 127
127 127 127 127 127 127 127 127
127 127 127 127 127 127 127 127
127 127 127 127 127 127 127 127
127 127 127 127 127 127 127 127
127 127 127 127 127 127 127 127
127 127 127 127 127 127 127 127
127 127 127 127 127 127 127 127
127 127 127 127 127 127 127 127
127 127 127 127 127 127 127 127
127 127 127 127 127 127 127 127
127 127 127 127 127 127 127 127
127 96 65 34 3 -28 -59 -90
-121 -128 -128 -128 -128 -128 -128 -85
13 113 127 127 79 87 89 58
27 -4 -35 -66 -97 -128 -128 -128
-128 -128 -128 -128 -128 -128 -128 -128
-128 -128 -128 -128 -128 -81 38 24
-30 -60 -97 -128 -128 -128 -128 -75
-16 46 108 77 46 15 -16 -47
-78 -109 -128 -128 -128 -128 -123 -11
102 127 127 127 127 127 127 127
127 116 127 127 127 127 127 127
127 127 127 127 127 127 127 127
127 127 127 127 127 127 127 127
127 127 127 127 127 127 127 127
127 127 127 127 127 127 127 127
127 127 127 127 127 127 127 127
127 127 127 127 127 127 127 127
127 127 127 127 127 127 127 127
127 127 127 127 127 127 127 127
127 127 127 127 127 127 127 127
-128 -128 -128 -128 -128 -128 -128 -128
-128 -128 -128 -128 -128 -128 -128 -128
-128 -128 -128 -128 -128 -128 -128 -128
-128 -128 -128 -89 -128 -128 -128 -128
-128 -128 -128 -128 -128 -128 -128 -128
-128 -128 -128 -128 -128 -128 -128 -128
-128 -128 -128 -128 -128 -128 -113 -79
-97 -128 -128 -128 -128 -128 -128 -128
-128 -128 -128 -128 -128 -128 -127 -112
-95 -77 -58 -55 -52 -50 -47 -44
-41 -39 -26 -13 -8 -17 -25 -23
-20 -17 -14 -12 -9 -6 -4 -1
2 4 26 48 72 98 125 127
127 127 127 127 127 127 119 94
27 31 35 38 40 43 46 48
51 54 57 59 62 65 93 124
127 127 127 127 127 127 127 127
127 127 127 127 108 127 127 127
127 127 127 127 127 127 127 66
5 -53 -77 -39 1 42 85 87
90 93 95 98 101 104 91 77
41 54 71 74 76 79 82 84
87 90 34 -20 -73 -124 -128 -86
-39 10 60 63 66 69 71 74
77 79 76 69 43 61 85 88
91 93 96 99 101 104 56 10
-35 -79 -121 -118 -115 -112 -110 -107
-104 -102 -99 -96 -94 -91 -59 -32
-38 -45 -47 -44 -41 -39 -36 -33
-30 -28 -68 -107 -128 -128 -128 -128
-128 -128 -128 -128 -128 -128 -128 -128
-128 -128 -128 -86 -109 -128 -128 -128
-128 -128 -128 -128 -128 -128 -128 -128
-128 -128 -128 -128 -128 -128 -128 -128
-128 -128 -128 -128 -128 -128 -128 -128
-128 -128 -128 -128 -128 -128 -128 -128
-128 -128 -128 -128 -128 -128 -128 -128
-128 -128 -128 -128 -128 -128 -128 -128
-128 -128 -128 -102 -105 -128 -128 -128
-128 -128 -128 -128 -128 -128 -128 -128
-128 -128 -128 -128 -128 -128 -127 -112
-95 -77 -58 -55 -52 -50 -34 -19
-15 -26 -36 -33 -31 -28 -25 -23
-20 -17 -14 -12 -9 -6 -4 -1
2 4 26 48 72 98 125 127
127 127 111 88 98 123 119 96
74 54 35 38 40 43 46 48
51 54 57 59 62 65 93 124
127 127 127 127 127 127 127 127
127 127 127 127 127 127 127 127
127 127 127 127 127 127 127 66
5 -53 -77 -39 1 42 85 87
90 93 84 72 65 85 94 86
79 74 71 74 76 79 82 84
87 90 34 -20 -73 -124 -128 -86
-39 10 60 63 66 69 68 63
45 61 77 77 78 81 85 88
91 93 96 99 101 104 56 10
-35 -79 -121 -118 -115 -112 -110 -107
-104 -102 -67 -37 -59 -76 -85 -78
-69 -59 -47 -44 -41 -39 -36 -33
-30 -28 -68 -107 -128 -128 -128 -128
-128 -128 -128 -128 -128 -128 -128 -91
-117 -128 -128 -128 -128 -128 -128 -128
-128 -128 -128 -128 -128 -128 -128 -128
-128 -128 -128 -128 -128 -128 -128 -128
-128 -128 -128 -128 -128 -128 -128 -128
-128 -128 -128 -128 -128 -128 -128 -128
-128 -128 -128 -128 -128 -128 -128 -128
-128 -128 -128 -128 -128 -128 -128 -108
-112 -128 -128 -128 -128 -128 -128 -128
-128 -128 -128 -128 -128 -128 -128 -128
-128 -128 -128 -128 -128 -128 -127 -112
-95 -77 -42 -24 -23 -35 -47 -44
-41 -39 -36 -33 -31 -28 -25 -23
-20 -17 -14 -12 -9 -6 -4 -1
2 4 26 48 72 98 103 83
90 113 127 127 127 127 119 96
74 54 35 38 40 43 46 48
51 54 57 59 62 65 93 124
127 127 127 127 127 127 127 127
127 127 127 127 127 127 127 127
127 127 127 127 127 127 127 66
5 -53 -77 -39 1 42 76 66
127 127 127 127 127 127 127 127
127 127 127 127 127 127 127 127
127 127 127 127 110 57 48 92
127 127 127 127 127 127 127 127
127 127 127 127 127 127 127 127
127 127 127 127 127 127 127 127
127 127 127 127 127 127 127 114
