121 123 124 126 127 127 127 127
127 127 127 127 105 72 40 9
-19 -18 -16 -14 -12 -10 -9 -7
19 19 19 19 19 19 19 19
2 4 6 8 9 11 13 15
17 18 20 22 -5 -31 -56 -78
-100 -98 -96 -94 -92 -91 -89 -87
19 19 19 19 19 19 19 19
-78 -76 -74 -73 -71 -69 -67 -65
-64 -62 -60 -58 -78 -96 -113 -128
-128 -128 -128 -128 -128 -128 -128 -128
19 19 19 19 19 19 19 19
-120 -118 -116 -114 -113 -111 -109 -107
-105 -104 -102 -100 -112 -122 -128 -128
-128 -128 -128 -128 -128 -128 -128 -128
19 19 19 19 19 19 19 19
-123 -121 -120 -118 -116 -114 -112 -111
-109 -107 -105 -103 -108 -110 -112 -112
-110 -108 -106 -104 -103 -101 -99 -97
19 19 19 19 19 19 19 19
-88 -86 -85 -83 -81 -79 -77 -76
-74 -72 -70 -68 -67 -65 -63 -61
-59 -58 -56 -54 -52 -50 -49 -47
19 19 19 19 19 19 19 19
-38 -36 -34 -32 -31 -29 -27 -25
-23 -22 -20 -18 -16 -14 -13 -11
-9 -7 -5 -4 -2 0 2 4
19 19 19 19 19 19 19 19
13 14 16 18 20 22 24 25
27 29 31 33 34 36 38 40
42 43 45 47 49 51 52 54
19 19 19 19 19 19 19 19
63 65 67 69 70 72 74 76
78 79 81 83 85 87 88 90
92 94 96 97 99 101 103 105
19 19 19 19 19 19 19 19
114 115 117 119 121 123 124 126
127 127 127 127 127 127 127 127
105 72 40 9 -19 -18 -16 -14
19 19 19 19 19 19 19 19
-5 -3 -1 0 2 4 6 8
9 11 13 15 17 18 20 22
-5 -31 -56 -78 -100 -98 -96 -94
19 19 19 19 19 19 19 19
-85 -83 -82 -80 -78 -76 -74 -73
-71 -69 -67 -65 -64 -62 -60 -58
-78 -96 -113 -128 -128 -128 -128 -128
19 19 19 19 19 19 19 19
-127 -125 -123 -122 -120 -118 -116 -114
-113 -111 -109 -107 -105 -104 -102 -100
-112 -122 -128 -128 -128 -128 -128 -128
19 19 19 19 19 19 19 19
-128 -128 -127 -125 -123 -121 -120 -118
-116 -114 -112 -111 -109 -107 -105 -103
-108 -110 -112 -112 -110 -108 -106 -104
19 19 19 19 19 19 19 19
-95 -94 -92 -90 -88 -86 -85 -83
-81 -79 -77 -76 -74 -72 -70 -68
-67 -65 -63 -61 -59 -58 -56 -54
19 19 19 19 19 19 19 19
-45 -43 -41 -40 -38 -36 -34 -32
-31 -29 -27 -25 -23 -22 -20 -18
-16 -14 -13 -11 -9 -7 -5 -4
19 19 19 19 19 19 19 19
5 7 9 11 13 14 16 18
20 22 24 25 27 29 31 33
34 36 38 40 42 43 45 47
19 19 19 19 19 19 19 19
56 58 60 61 63 65 67 69
70 72 74 76 78 79 81 83
85 87 88 90 92 94 96 97
19 19 19 19 19 19 19 19
106 108 110 112 114 115 117 119
121 123 124 126 127 127 127 127
127 127 127 127 105 72 40 9
19 19 19 19 19 19 19 19
-12 -10 -9 -7 -5 -3 -1 0
2 4 6 8 9 11 13 15
17 18 20 22 -5 -31 -56 -78
19 19 19 19 19 19 19 19
-92 -91 -89 -87 -85 -83 -82 -80
-78 -76 -74 -73 -71 -69 -67 -65
-64 -62 -60 -58 -78 -96 -113 -128
19 19 19 19 19 19 19 19
-128 -128 -128 -128 -127 -125 -123 -122
-120 -118 -116 -114 -113 -111 -109 -107
-105 -104 -102 -100 -112 -122 -128 -128
19 19 19 19 19 19 19 19
-128 -128 -128 -128 -128 -128 -127 -125
-123 -121 -120 -118 -116 -114 -112 -111
-109 -107 -105 -103 -108 -110 -112 -112
19 19 19 19 19 19 19 19
-103 -101 -99 -97 -95 -94 -92 -90
-88 -86 -85 -83 -81 -79 -77 -76
-74 -72 -70 -68 -67 -65 -63 -61
19 19 19 19 19 19 19 19
127 127 127 127 127 127 127 127
127 127 127 127 127 127 102 37
-27 -21 -16 -10 -5 1 7 12
19 19 19 19 19 19 19 19
40 45 51 57 62 68 73 79
84 90 95 101 39 -22 -81 -128
-128 -128 -128 -128 -128 -128 -128 -128
19 19 19 19 19 19 19 19
-127 -122 -116 -111 -105 -100 -94 -88
-83 -77 -72 -66 -121 -128 -128 -128
-128 -128 -128 -128 -128 -128 -128 -128
19 19 19 19 19 19 19 19
-128 -128 -128 -128 -128 -128 -128 -128
-128 -128 -128 -128 -128 -128 -128 -128
-128 -128 -128 -128 -128 -128 -128 -128
19 19 19 19 19 19 19 19
-128 -128 -128 -128 -128 -128 -128 -128
-128 -128 -128 -128 -128 -128 -128 -128
-128 -128 -128 -128 -128 -128 -128 -128
19 19 19 19 19 19 19 19
-128 -128 -128 -128 -128 -128 -128 -128
-128 -128 -128 -128 -128 -128 -128 -128
-128 -128 -128 -128 -128 -128 -128 -128
19 19 19 19 19 19 19 19
-128 -128 -128 -128 -128 -128 -128 -128
-128 -128 -128 -128 -128 -128 -128 -128
-128 -128 -128 -128 -128 -126 -121 -115
19 19 19 19 19 19 19 19
-88 -82 -76 -71 -65 -60 -54 -49
-43 -38 -32 -27 -21 -15 -10 -4
1 7 12 18 23 29 35 40
19 19 19 19 19 19 19 19
68 73 79 84 90 96 101 107
112 118 123 127 127 127 127 127
127 127 127 127 127 127 127 127
19 19 19 19 19 19 19 19
127 127 127 127 127 127 127 127
127 127 127 127 127 127 127 127
127 127 102 37 -27 -21 -16 -10
19 19 19 19 19 19 19 19
18 23 29 34 40 45 51 57
62 68 73 79 84 90 95 101
39 -22 -81 -128 -128 -128 -128 -128
19 19 19 19 19 19 19 19
-128 -128 -128 -128 -127 -122 -116 -111
-105 -100 -94 -88 -83 -77 -72 -66
-121 -128 -128 -128 -128 -128 -128 -128
19 19 19 19 19 19 19 19
-128 -128 -128 -128 -128 -128 -128 -128
-128 -128 -128 -128 -128 -128 -128 -128
-128 -128 -128 -128 -128 -128 -128 -128
19 19 19 19 19 19 19 19
-128 -128 -128 -128 -128 -128 -128 -128
-128 -128 -128 -128 -128 -128 -128 -128
-128 -128 -128 -128 -128 -128 -128 -128
19 19 19 19 19 19 19 19
-128 -128 -128 -128 -128 -128 -128 -128
-128 -128 -128 -128 -128 -128 -128 -128
-128 -128 -128 -128 -128 -128 -128 -128
19 19 19 19 19 19 19 19
-128 -128 -128 -128 -128 -128 -128 -128
-128 -128 -128 -128 -128 -128 -128 -128
-128 -128 -128 -128 -128 -128 -128 -128
19 19 19 19 19 19 19 19
-110 -104 -99 -93 -88 -82 -76 -71
-65 -60 -54 -49 -43 -38 -32 -27
-21 -15 -10 -4 1 7 12 18
19 19 19 19 19 19 19 19
46 51 57 62 68 73 79 84
90 96 101 107 112 118 123 127
127 127 127 127 127 127 127 127
19 19 19 19 19 19 19 19
127 127 127 127 127 127 127 127
127 127 127 127 127 127 127 127
127 127 127 127 127 127 102 37
19 19 19 19 19 19 19 19
-5 1 7 12 18 23 29 34
40 45 51 57 62 68 73 79
84 90 95 101 39 -22 -81 -128
19 19 19 19 19 19 19 19
-128 -128 -128 -128 -128 -128 -128 -128
-127 -122 -116 -111 -105 -100 -94 -88
-83 -77 -72 -66 -121 -128 -128 -128
19 19 19 19 19 19 19 19
-128 -128 -128 -128 -128 -128 -128 -128
-128 -128 -128 -128 -128 -128 -128 -128
-128 -128 -128 -128 -128 -128 -128 -128
19 19 19 19 19 19 19 19
-128 -128 -128 -128 -128 -128 -128 -128
-128 -128 -128 -128 -128 -128 -128 -128
-128 -128 -128 -128 -128 -128 -128 -128
19 19 19 19 19 19 19 19
-128 -128 -128 -128 -128 -128 -128 -128
-128 -128 -128 -128 -128 -128 -128 -128
-128 -128 -128 -128 -128 -128 -128 -128
19 19 19 19 19 19 19 19
127 127 127 127 127 127 127 127
127 127 127 127 127 127 127 64
-34 -25 -15 -6 3 13 22 31
19 19 19 19 19 19 19 19
78 87 96 106 115 124 127 127
127 127 127 127 83 -12 -106 -128
-128 -128 -128 -128 -128 -128 -128 -128
19 19 19 19 19 19 19 19
-128 -128 -128 -128 -128 -128 -121 -111
-102 -93 -84 -74 -128 -128 -128 -128
-128 -128 -128 -128 -128 -128 -128 -128
19 19 19 19 19 19 19 19
-128 -128 -128 -128 -128 -128 -128 -128
-128 -128 -128 -128 -128 -128 -128 -128
-128 -128 -128 -128 -128 -128 -128 -128
19 19 19 19 19 19 19 19
-128 -128 -128 -128 -128 -128 -128 -128
-128 -128 -128 -128 -128 -128 -128 -128
-128 -128 -128 -128 -128 -128 -128 -128
19 19 19 19 19 19 19 19
-128 -128 -128 -128 -128 -128 -128 -128
-128 -128 -128 -128 -128 -128 -128 -128
-128 -128 -128 -128 -128 -128 -128 -128
19 19 19 19 19 19 19 19
-128 -128 -128 -128 -128 -128 -128 -128
-128 -128 -128 -128 -128 -128 -128 -128
-128 -128 -128 -128 -128 -128 -128 -128
19 19 19 19 19 19 19 19
-128 -128 -128 -128 -128 -128 -128 -123
-113 -104 -95 -86 -76 -67 -58 -48
-39 -30 -20 -11 -2 7 17 26
19 19 19 19 19 19 19 19
73 82 91 100 110 119 127 127
127 127 127 127 127 127 127 127
127 127 127 127 127 127 127 127
19 19 19 19 19 19 19 19
127 127 127 127 127 127 127 127
127 127 127 127 127 127 127 127
127 127 127 64 -34 -25 -15 -6
19 19 19 19 19 19 19 19
40 50 59 68 78 87 96 106
115 124 127 127 127 127 127 127
83 -12 -106 -128 -128 -128 -128 -128
19 19 19 19 19 19 19 19
-128 -128 -128 -128 -128 -128 -128 -128
-128 -128 -121 -111 -102 -93 -84 -74
-128 -128 -128 -128 -128 -128 -128 -128
19 19 19 19 19 19 19 19
-128 -128 -128 -128 -128 -128 -128 -128
-128 -128 -128 -128 -128 -128 -128 -128
-128 -128 -128 -128 -128 -128 -128 -128
19 19 19 19 19 19 19 19
-128 -128 -128 -128 -128 -128 -128 -128
-128 -128 -128 -128 -128 -128 -128 -128
-128 -128 -128 -128 -128 -128 -128 -128
19 19 19 19 19 19 19 19
-128 -128 -128 -128 -128 -128 -128 -128
-128 -128 -128 -128 -128 -128 -128 -128
-128 -128 -128 -128 -128 -128 -128 -128
19 19 19 19 19 19 19 19
-128 -128 -128 -128 -128 -128 -128 -128
-128 -128 -128 -128 -128 -128 -128 -128
-128 -128 -128 -128 -128 -128 -128 -128
19 19 19 19 19 19 19 19
-128 -128 -128 -128 -128 -128 -128 -128
-128 -128 -128 -123 -113 -104 -95 -86
-76 -67 -58 -48 -39 -30 -20 -11
19 19 19 19 19 19 19 19
35 45 54 63 73 82 91 100
110 119 127 127 127 127 127 127
127 127 127 127 127 127 127 127
19 19 19 19 19 19 19 19
127 127 127 127 127 127 127 127
127 127 127 127 127 127 127 127
127 127 127 127 127 127 127 64
19 19 19 19 19 19 19 19
3 13 22 31 40 50 59 68
78 87 96 106 115 124 127 127
127 127 127 127 83 -12 -106 -128
19 19 19 19 19 19 19 19
-128 -128 -128 -128 -128 -128 -128 -128
-128 -128 -128 -128 -128 -128 -121 -111
-102 -93 -84 -74 -128 -128 -128 -128
19 19 19 19 19 19 19 19
-128 -128 -128 -128 -128 -128 -128 -128
-128 -128 -128 -128 -128 -128 -128 -128
-128 -128 -128 -128 -128 -128 -128 -128
19 19 19 19 19 19 19 19
-128 -128 -128 -128 -128 -128 -128 -128
-128 -128 -128 -128 -128 -128 -128 -128
-128 -128 -128 -128 -128 -128 -128 -128
19 19 19 19 19 19 19 19
-128 -128 -128 -128 -128 -128 -128 -128
-128 -128 -128 -128 -128 -128 -128 -128
-128 -128 -128 -128 -128 -128 -128 -128
19 19 19 19 19 19 19 19
127 127 127 127 127 127 127 127
127 127 127 127 127 127 127 92
-41 -28 -15 -2 11 24 37 50
19 19 19 19 19 19 19 19
115 127 127 127 127 127 127 127
127 127 127 127 127 -2 -128 -128
-128 -128 -128 -128 -128 -128 -128 -128
19 19 19 19 19 19 19 19
-128 -128 -128 -128 -128 -128 -128 -128
-121 -108 -95 -82 -128 -128 -128 -128
-128 -128 -128 -128 -128 -128 -128 -128
19 19 19 19 19 19 19 19
-128 -128 -128 -128 -128 -128 -128 -128
-128 -128 -128 -128 -128 -128 -128 -128
-128 -128 -128 -128 -128 -128 -128 -128
19 19 19 19 19 19 19 19
-128 -128 -128 -128 -128 -128 -128 -128
-128 -128 -128 -128 -128 -128 -128 -128
-128 -128 -128 -128 -128 -128 -128 -128
19 19 19 19 19 19 19 19
-128 -128 -128 -128 -128 -128 -128 -128
-128 -128 -128 -128 -128 -128 -128 -128
-128 -128 -128 -128 -128 -128 -128 -128
19 19 19 19 19 19 19 19
-128 -128 -128 -128 -128 -128 -128 -128
-128 -128 -128 -128 -128 -128 -128 -128
-128 -128 -128 -128 -128 -128 -128 -128
19 19 19 19 19 19 19 19
-128 -128 -128 -128 -128 -128 -128 -128
-128 -128 -128 -128 -128 -118 -105 -92
-79 -66 -53 -40 -27 -14 -1 12
19 19 19 19 19 19 19 19
77 90 103 117 127 127 127 127
127 127 127 127 127 127 127 127
127 127 127 127 127 127 127 127
19 19 19 19 19 19 19 19
127 127 127 127 127 127 127 127
127 127 127 127 127 127 127 127
127 127 127 92 -41 -28 -15 -2
19 19 19 19 19 19 19 19
63 76 89 102 115 127 127 127
127 127 127 127 127 127 127 127
127 -2 -128 -128 -128 -128 -128 -128
19 19 19 19 19 19 19 19
-128 -128 -128 -128 -128 -128 -128 -128
-128 -128 -128 -128 -121 -108 -95 -82
-128 -128 -128 -128 -128 -128 -128 -128
19 19 19 19 19 19 19 19
-128 -128 -128 -128 -128 -128 -128 -128
-128 -128 -128 -128 -128 -128 -128 -128
-128 -128 -128 -128 -128 -128 -128 -128
19 19 19 19 19 19 19 19
-128 -128 -128 -128 -128 -128 -128 -128
-128 -128 -128 -128 -128 -128 -128 -128
-128 -128 -128 -128 -128 -128 -128 -128
19 19 19 19 19 19 19 19
-128 -128 -128 -128 -128 -128 -128 -128
-128 -128 -128 -128 -128 -128 -128 -128
-128 -128 -128 -128 -128 -128 -128 -128
19 19 19 19 19 19 19 19
-128 -128 -128 -128 -128 -128 -128 -128
-128 -128 -128 -128 -128 -128 -128 -128
-128 -128 -128 -128 -128 -128 -128 -128
19 19 19 19 19 19 19 19
-128 -128 -128 -128 -128 -128 -128 -128
-128 -128 -128 -128 -128 -128 -128 -128
-128 -118 -105 -92 -79 -66 -53 -40
19 19 19 19 19 19 19 19
25 38 51 64 77 90 103 117
127 127 127 127 127 127 127 127
127 127 127 127 127 127 127 127
19 19 19 19 19 19 19 19
127 127 127 127 127 127 127 127
127 127 127 127 127 127 127 127
127 127 127 127 127 127 127 92
19 19 19 19 19 19 19 19
11 24 37 50 63 76 89 102
115 127 127 127 127 127 127 127
127 127 127 127 127 -2 -128 -128
19 19 19 19 19 19 19 19
-128 -128 -128 -128 -128 -128 -128 -128
-128 -128 -128 -128 -128 -128 -128 -128
-121 -108 -95 -82 -128 -128 -128 -128
19 19 19 19 19 19 19 19
-128 -128 -128 -128 -128 -128 -128 -128
-128 -128 -128 -128 -128 -128 -128 -128
-128 -128 -128 -128 -128 -128 -128 -128
19 19 19 19 19 19 19 19
-128 -128 -128 -128 -128 -128 -128 -128
-128 -128 -128 -128 -128 -128 -128 -128
-128 -128 -128 -128 -128 -128 -128 -128
19 19 19 19 19 19 19 19
-128 -128 -128 -128 -128 -128 -128 -128
-128 -128 -128 -128 -128 -128 -128 -128
-128 -128 -128 -128 -128 -128 -128 -128
19 19 19 19 19 19 19 19
127 127 127 127 127 127 127 127
127 127 127 127 127 127 127 119
-48 -32 -15 2 19 36 52 69
19 19 19 19 19 19 19 19
127 127 127 127 127 127 127 127
127 127 127 127 127 8 -128 -128
-128 -128 -128 -128 -128 -128 -128 -128
19 19 19 19 19 19 19 19
-128 -128 -128 -128 -128 -128 -128 -128
-128 -124 -107 -90 -128 -128 -128 -128
-128 -128 -128 -128 -128 -128 -128 -128
19 19 19 19 19 19 19 19
-128 -128 -128 -128 -128 -128 -128 -128
-128 -128 -128 -128 -128 -128 -128 -128
-128 -128 -128 -128 -128 -128 -128 -128
19 19 19 19 19 19 19 19
-128 -128 -128 -128 -128 -128 -128 -128
-128 -128 -128 -128 -128 -128 -128 -128
-128 -128 -128 -128 -128 -128 -128 -128
19 19 19 19 19 19 19 19
-128 -128 -128 -128 -128 -128 -128 -128
-128 -128 -128 -128 -128 -128 -128 -128
-128 -128 -128 -128 -128 -128 -128 -128
19 19 19 19 19 19 19 19
-128 -128 -128 -128 -128 -128 -128 -128
-128 -128 -128 -128 -128 -128 -128 -128
-128 -128 -128 -128 -128 -128 -128 -128
19 19 19 19 19 19 19 19
-128 -128 -128 -128 -128 -128 -128 -128
-128 -128 -128 -128 -128 -128 -128 -128
-120 -103 -86 -69 -52 -36 -19 -2
19 19 19 19 19 19 19 19
82 99 116 127 127 127 127 127
127 127 127 127 127 127 127 127
127 127 127 127 127 127 127 127
19 19 19 19 19 19 19 19
127 127 127 127 127 127 127 127
127 127 127 127 127 127 127 127
127 127 127 119 -48 -32 -15 2
19 19 19 19 19 19 19 19
86 103 120 127 127 127 127 127
127 127 127 127 127 127 127 127
127 8 -128 -128 -128 -128 -128 -128
19 19 19 19 19 19 19 19
-128 -128 -128 -128 -128 -128 -128 -128
-128 -128 -128 -128 -128 -124 -107 -90
-128 -128 -128 -128 -128 -128 -128 -128
19 19 19 19 19 19 19 19
-128 -128 -128 -128 -128 -128 -128 -128
-128 -128 -128 -128 -128 -128 -128 -128
-128 -128 -128 -128 -128 -128 -128 -128
19 19 19 19 19 19 19 19
-128 -128 -128 -128 -128 -128 -128 -128
-128 -128 -128 -128 -128 -128 -128 -128
-128 -128 -128 -128 -128 -128 -128 -128
19 19 19 19 19 19 19 19
-128 -128 -128 -128 -128 -128 -128 -128
-128 -128 -128 -128 -128 -128 -128 -128
-128 -128 -128 -128 -128 -128 -128 -128
19 19 19 19 19 19 19 19
-128 -128 -128 -128 -128 -128 -128 -128
-128 -128 -128 -128 -128 -128 -128 -128
-128 -128 -128 -128 -128 -128 -128 -128
19 19 19 19 19 19 19 19
-128 -128 -128 -128 -128 -128 -128 -128
-128 -128 -128 -128 -128 -128 -128 -128
-128 -128 -128 -128 -120 -103 -86 -69
19 19 19 19 19 19 19 19
15 32 48 65 82 99 116 127
127 127 127 127 127 127 127 127
127 127 127 127 127 127 127 127
19 19 19 19 19 19 19 19
127 127 127 127 127 127 127 127
127 127 127 127 127 127 127 127
127 127 127 127 127 127 127 119
19 19 19 19 19 19 19 19
19 36 52 69 86 103 120 127
127 127 127 127 127 127 127 127
127 127 127 127 127 8 -128 -128
19 19 19 19 19 19 19 19
-128 -128 -128 -128 -128 -128 -128 -128
-128 -128 -128 -128 -128 -128 -128 -128
-128 -124 -107 -90 -128 -128 -128 -128
19 19 19 19 19 19 19 19
-128 -128 -128 -128 -128 -128 -128 -128
-128 -128 -128 -128 -128 -128 -128 -128
-128 -128 -128 -128 -128 -128 -128 -128
19 19 19 19 19 19 19 19
-128 -128 -128 -128 -128 -128 -128 -128
-128 -128 -128 -128 -128 -128 -128 -128
-128 -128 -128 -128 -128 -128 -128 -128
19 19 19 19 19 19 19 19
-128 -128 -128 -128 -128 -128 -128 -128
-128 -128 -128 -128 -128 -128 -128 -128
-128 -128 -128 -128 -128 -128 -128 -128
19 19 19 19 19 19 19 19
-128 -128 -128 -128 -128 -128 -128 -128
-128 -128 -128 -128 -128 -128 -128 -128
-8 -21 -35 -48 -61 -74 -88 -101
19 19 19 19 19 19 19 19
-128 -128 -128 -128 -128 -128 -128 -128
-128 -128 -128 -128 -128 6 127 127
127 127 127 127 127 127 127 127
19 19 19 19 19 19 19 19
127 127 127 127 127 127 127 127
127 127 127 127 127 127 127 127
127 127 127 127 127 127 127 127
19 19 19 19 19 19 19 19
127 127 127 127 127 127 127 127
127 127 127 127 127 127 127 127
127 127 127 127 127 127 127 127
19 19 19 19 19 19 19 19
127 127 127 127 127 127 127 127
127 127 127 127 127 127 127 127
127 127 127 127 127 127 127 127
19 19 19 19 19 19 19 19
127 127 127 127 127 127 127 127
127 127 127 127 127 127 127 127
127 127 127 127 127 127 127 127
19 19 19 19 19 19 19 19
127 127 127 127 127 127 127 127
127 127 127 127 127 127 127 127
127 127 127 127 127 127 127 127
19 19 19 19 19 19 19 19
127 127 127 121 108 95 82 68
55 42 29 16 2 -11 -24 -37
-51 -64 -77 -90 -104 -117 -128 -128
19 19 19 19 19 19 19 19
-128 -128 -128 -128 -128 -128 -128 -128
-128 -128 -128 -128 -128 -128 -128 -128
-128 -128 -128 -128 -128 -128 -128 -128
19 19 19 19 19 19 19 19
-128 -128 -128 -128 -128 -128 -128 -128
-128 -128 -128 -128 -128 -128 -128 -128
-128 -128 -128 -128 -8 -21 -35 -48
19 19 19 19 19 19 19 19
-114 -127 -128 -128 -128 -128 -128 -128
-128 -128 -128 -128 -128 -128 -128 -128
-128 6 127 127 127 127 127 127
19 19 19 19 19 19 19 19
127 127 127 127 127 127 127 127
127 127 127 127 127 127 127 127
127 127 127 127 127 127 127 127
19 19 19 19 19 19 19 19
127 127 127 127 127 127 127 127
127 127 127 127 127 127 127 127
127 127 127 127 127 127 127 127
19 19 19 19 19 19 19 19
127 127 127 127 127 127 127 127
127 127 127 127 127 127 127 127
127 127 127 127 127 127 127 127
19 19 19 19 19 19 19 19
127 127 127 127 127 127 127 127
127 127 127 127 127 127 127 127
127 127 127 127 127 127 127 127
19 19 19 19 19 19 19 19
127 127 127 127 127 127 127 127
127 127 127 127 127 127 127 127
127 127 127 127 127 127 127 127
19 19 19 19 19 19 19 19
127 127 127 127 127 127 127 121
108 95 82 68 55 42 29 16
2 -11 -24 -37 -51 -64 -77 -90
19 19 19 19 19 19 19 19
-128 -128 -128 -128 -128 -128 -128 -128
-128 -128 -128 -128 -128 -128 -128 -128
-128 -128 -128 -128 -128 -128 -128 -128
19 19 19 19 19 19 19 19
-128 -128 -128 -128 -128 -128 -128 -128
-128 -128 -128 -128 -128 -128 -128 -128
-128 -128 -128 -128 -128 -128 -128 -128
19 19 19 19 19 19 19 19
-61 -74 -88 -101 -114 -127 -128 -128
-128 -128 -128 -128 -128 -128 -128 -128
-128 -128 -128 -128 -128 6 127 127
19 19 19 19 19 19 19 19
127 127 127 127 127 127 127 127
127 127 127 127 127 127 127 127
127 127 127 127 127 127 127 127
19 19 19 19 19 19 19 19
127 127 127 127 127 127 127 127
127 127 127 127 127 127 127 127
127 127 127 127 127 127 127 127
19 19 19 19 19 19 19 19
127 127 127 127 127 127 127 127
127 127 127 127 127 127 127 127
127 127 127 127 127 127 127 127
19 19 19 19 19 19 19 19
127 127 127 127 127 127 127 127
127 127 127 127 127 127 127 127
127 127 127 127 127 127 127 127
19 19 19 19 19 19 19 19
