28 31 35 37 38 40 41 43
44 46 47 49 51 52 54 55
57 58 60 61 63 64 66 67
69 70 60 49 52 63 73 75
77 79 80 82 84 85 87 89
91 92 94 96 98 99 101 103
105 106 108 110 112 113 93 73
82 102 121 123 124 126 127 127
127 127 127 127 127 127 105 72
40 9 -19 -18 -16 -14 -12 -10
-9 -7 -1 4 8 5 2 4
6 8 9 11 13 15 17 18
20 22 -5 -31 -56 -78 -100 -98
-96 -94 -92 -91 -89 -87 -64 -42
-42 -60 -78 -76 -74 -73 -71 -69
-67 -65 -64 -62 -60 -58 -78 -96
-113 -128 -128 -128 -128 -128 -128 -128
-128 -128 -96 -65 -69 -95 -120 -118
-116 -114 -113 -111 -109 -107 -105 -104
-102 -100 -112 -122 -128 -128 -128 -128
-128 -128 -128 -128 -128 -128 -97 -65
-73 -99 -123 -121 -120 -118 -116 -114
-112 -111 -109 -107 -105 -103 -108 -110
-112 -112 -110 -108 -106 -104 -103 -101
-99 -97 -68 -42 -54 -73 -88 -86
-85 -83 -81 -79 -77 -76 -74 -72
-70 -68 -67 -65 -63 -61 -59 -58
-56 -54 -52 -50 -49 -47 -29 -14
-21 -31 -38 -36 -34 -32 -31 -29
-27 -25 -23 -22 -20 -18 -16 -14
-13 -11 -9 -7 -5 -4 -2 0
2 4 9 14 11 11 13 14
16 18 20 22 24 25 27 29
31 33 34 36 38 40 42 43
45 47 49 51 52 54 48 41
44 54 63 65 67 69 70 72
74 76 78 79 81 83 85 87
88 90 92 94 96 97 99 101
103 105 87 69 77 96 114 115
117 119 121 123 124 126 127 127
127 127 127 127 127 127 105 72
40 9 -19 -18 -16 -14 -7 0
4 -1 -5 -3 -1 0 2 4
6 8 9 11 13 15 17 18
20 22 -5 -31 -56 -78 -100 -98
-96 -94 -70 -46 -46 -66 -85 -83
-82 -80 -78 -76 -74 -73 -71 -69
-67 -65 -64 -62 -60 -58 -78 -96
-113 -128 -128 -128 -128 -128 -102 -69
-74 -101 -127 -125 -123 -122 -120 -118
-116 -114 -113 -111 -109 -107 -105 -104
-102 -100 -112 -122 -128 -128 -128 -128
-128 -128 -103 -69 -78 -105 -128 -128
-127 -125 -123 -121 -120 -118 -116 -114
-112 -111 -109 -107 -105 -103 -108 -110
-112 -112 -110 -108 -106 -104 -74 -46
-59 -79 -95 -94 -92 -90 -88 -86
-85 -83 -81 -79 -77 -76 -74 -72
-70 -68 -67 -65 -63 -61 -59 -58
-56 -54 -35 -18 -26 -37 -45 -43
-41 -40 -38 -36 -34 -32 -31 -29
-27 -25 -23 -22 -20 -18 -16 -14
-13 -11 -9 -7 -5 -4 4 10
7 5 5 7 9 11 13 14
16 18 20 22 24 25 27 29
31 33 34 36 38 40 42 43
45 47 42 37 40 48 56 58
60 61 63 65 67 69 70 72
74 76 78 79 81 83 85 87
88 90 92 94 96 97 81 65
72 90 106 108 110 112 114 115
117 119 121 123 124 126 127 127
127 127 127 127 127 127 105 72
40 9 -12 -4 -1 -7 -12 -10
-9 -7 -5 -3 -1 0 2 4
6 8 9 11 13 15 17 18
20 22 -5 -31 -56 -78 -75 -50
-51 -72 -92 -91 -89 -87 -85 -83
-82 -80 -78 -76 -74 -73 -71 -69
-67 -65 -64 -62 -60 -58 -78 -96
-113 -128 -107 -73 -78 -107 -128 -128
-128 -128 -127 -125 -123 -122 -120 -118
-116 -114 -113 -111 -109 -107 -105 -104
-102 -100 -112 -122 -128 -128 -108 -73
-56 -77 -96 -95 -94 -93 -91 -90
-89 -88 -87 -86 -85 -83 -82 -81
-80 -79 -78 -77 -76 -74 -79 -83
-85 -85 -59 -35 -28 -39 -47 -47
-46 -46 -45 -44 -44 -43 -42 -42
-41 -40 -40 -39 -39 -38 -37 -37
-36 -35 -35 -34 -34 -33 -19 -7
34 41 47 51 55 59 63 66
70 74 78 81 85 89 93 97
100 104 108 112 116 119 123 127
127 127 112 89 85 108 127 127
127 127 127 127 127 127 127 127
127 127 127 127 127 127 127 127
127 127 127 127 127 127 127 127
127 127 127 127 127 127 127 127
127 127 127 127 127 127 127 127
102 37 -27 -21 -16 -10 -5 1
7 12 16 18 29 34 40 45
51 57 62 68 73 79 84 90
95 101 39 -22 -81 -128 -128 -128
-128 -128 -128 -128 -128 -128 -117 -80
-73 -101 -127 -122 -116 -111 -105 -100
-94 -88 -83 -77 -72 -66 -121 -128
-128 -128 -128 -128 -128 -128 -128 -128
-128 -128 -128 -128 -128 -128 -128 -128
-128 -128 -128 -128 -128 -128 -128 -128
-128 -128 -128 -128 -128 -128 -128 -128
-128 -128 -128 -128 -128 -128 -128 -128
-128 -128 -128 -128 -128 -128 -128 -128
-128 -128 -128 -128 -128 -128 -128 -128
-128 -128 -128 -128 -128 -128 -128 -128
-128 -128 -128 -128 -128 -128 -128 -128
-128 -128 -128 -128 -128 -128 -128 -128
-128 -128 -128 -128 -128 -128 -128 -128
-128 -128 -128 -128 -128 -128 -128 -128
-128 -128 -128 -128 -128 -128 -128 -128
-128 -128 -128 -128 -128 -128 -128 -128
-128 -128 -128 -128 -128 -128 -128 -126
-121 -115 -84 -55 -51 -70 -88 -82
-76 -71 -65 -60 -54 -49 -43 -38
-32 -27 -21 -15 -10 -4 1 7
12 18 23 29 35 40 38 36
45 56 68 73 79 84 90 96
101 107 112 118 123 127 127 127
127 127 127 127 127 127 127 127
127 127 127 126 127 127 127 127
127 127 127 127 127 127 127 127
127 127 127 127 127 127 127 127
102 37 -27 -21 -16 -10 -2 5
16 16 18 23 29 34 40 45
51 57 62 68 73 79 84 90
95 101 39 -22 -81 -128 -128 -128
-128 -128 -128 -93 -87 -119 -128 -128
-128 -128 -127 -122 -116 -111 -105 -100
-94 -88 -83 -77 -72 -66 -121 -128
-128 -128 -128 -128 -128 -128 -128 -128
-128 -128 -128 -128 -128 -128 -128 -128
-128 -128 -128 -128 -128 -128 -128 -128
-128 -128 -128 -128 -128 -128 -128 -128
-128 -128 -128 -128 -128 -128 -128 -128
-128 -128 -128 -128 -128 -128 -128 -128
-128 -128 -128 -128 -128 -128 -128 -128
-128 -128 -128 -128 -128 -128 -128 -128
-128 -128 -128 -128 -128 -128 -128 -128
-128 -128 -128 -128 -128 -128 -128 -128
-128 -128 -128 -128 -128 -128 -128 -128
-128 -128 -128 -128 -128 -128 -128 -128
-128 -128 -128 -128 -128 -128 -128 -128
-128 -128 -128 -128 -128 -128 -128 -128
-128 -128 -128 -128 -128 -128 -102 -68
-64 -88 -110 -104 -99 -93 -88 -82
-76 -71 -65 -60 -54 -49 -43 -38
-32 -27 -21 -15 -10 -4 1 7
12 18 21 23 32 38 46 51
57 62 68 73 79 84 90 96
101 107 112 118 123 127 127 127
127 127 127 127 127 127 127 113
127 127 127 127 127 127 127 127
127 127 127 127 127 127 127 127
127 127 127 127 127 127 127 127
102 37 -20 -8 2 -2 -5 1
7 12 18 23 29 34 40 45
51 57 62 68 73 79 84 90
95 101 39 -22 -81 -128 -128 -106
-100 -128 -128 -128 -128 -128 -128 -128
-128 -128 -127 -122 -116 -111 -105 -100
-94 -88 -83 -77 -72 -66 -121 -128
-128 -128 -128 -128 -128 -128 -128 -128
-128 -128 -128 -128 -128 -128 -128 -128
-128 -128 -128 -128 -128 -128 -128 -128
-128 -128 -128 -128 -128 -128 -128 -128
-128 -128 -128 -128 -128 -128 -128 -128
-128 -128 -128 -128 -128 -128 -128 -128
-128 -128 -128 -128 -128 -128 -128 -128
-128 -128 -128 -128 -128 -128 -128 -128
-128 -128 -128 -128 -128 -128 -128 -128
-128 -128 -128 -128 -128 -128 -128 -128
-128 -128 -128 -128 -128 -128 -128 -128
41 50 60 66 72 78 84 90
96 102 108 114 120 126 127 127
127 127 127 127 127 127 127 127
127 127 127 127 119 127 127 127
127 127 127 127 127 127 127 127
127 127 127 127 127 127 127 127
127 127 127 127 127 127 127 127
127 127 127 127 127 127 127 127
127 127 127 127 127 127 127 127
127 64 -34 -25 -15 -6 3 13
22 31 32 32 50 63 78 87
96 106 115 124 127 127 127 127
127 127 83 -12 -106 -128 -128 -128
-128 -128 -128 -128 -128 -128 -128 -118
-105 -128 -128 -128 -128 -128 -128 -128
-121 -111 -102 -93 -84 -74 -128 -128
-128 -128 -128 -128 -128 -128 -128 -128
-128 -128 -128 -128 -128 -128 -128 -128
-128 -128 -128 -128 -128 -128 -128 -128
-128 -128 -128 -128 -128 -128 -128 -128
-128 -128 -128 -128 -128 -128 -128 -128
-128 -128 -128 -128 -128 -128 -128 -128
-128 -128 -128 -128 -128 -128 -128 -128
-128 -128 -128 -128 -128 -128 -128 -128
-128 -128 -128 -128 -128 -128 -128 -128
-128 -128 -128 -128 -128 -128 -128 -128
-128 -128 -128 -128 -128 -128 -128 -128
-128 -128 -128 -128 -128 -128 -128 -128
-128 -128 -128 -128 -128 -128 -128 -128
-128 -128 -128 -128 -128 -128 -128 -128
-128 -128 -128 -128 -128 -128 -128 -128
-128 -128 -128 -124 -113 -128 -128 -128
-128 -128 -128 -128 -128 -123 -113 -104
-95 -86 -76 -67 -58 -48 -39 -30
-20 -11 -2 7 17 26 29 30
46 58 73 82 91 100 110 119
127 127 127 127 127 127 127 127
127 127 127 127 127 127 127 127
127 127 127 127 127 127 127 127
127 127 127 127 127 127 127 127
127 127 127 127 127 127 127 127
127 64 -34 -25 -15 -6 3 10
27 33 40 50 59 68 78 87
96 106 115 124 127 127 127 127
127 127 83 -12 -106 -128 -128 -128
-128 -128 -128 -128 -127 -128 -128 -128
-128 -128 -128 -128 -128 -128 -128 -128
-121 -111 -102 -93 -84 -74 -128 -128
-128 -128 -128 -128 -128 -128 -128 -128
-128 -128 -128 -128 -128 -128 -128 -128
-128 -128 -128 -128 -128 -128 -128 -128
-128 -128 -128 -128 -128 -128 -128 -128
-128 -128 -128 -128 -128 -128 -128 -128
-128 -128 -128 -128 -128 -128 -128 -128
-128 -128 -128 -128 -128 -128 -128 -128
-128 -128 -128 -128 -128 -128 -128 -128
-128 -128 -128 -128 -128 -128 -128 -128
-128 -128 -128 -128 -128 -128 -128 -128
-128 -128 -128 -128 -128 -128 -128 -128
-128 -128 -128 -128 -128 -128 -128 -128
-128 -128 -128 -128 -128 -128 -128 -128
-128 -128 -128 -128 -128 -128 -128 -128
-128 -128 -128 -128 -128 -128 -128 -128
-128 -128 -128 -128 -128 -128 -128 -128
-128 -128 -128 -128 -128 -123 -113 -104
-95 -86 -76 -67 -58 -48 -39 -30
-20 -11 -1 8 24 28 35 45
54 63 73 82 91 100 110 119
127 127 127 127 127 127 127 127
127 127 127 127 127 127 127 127
127 127 127 127 127 127 127 127
127 127 127 127 127 127 127 127
127 127 127 127 127 127 127 127
127 64 -27 -12 5 3 3 13
22 31 40 50 59 68 78 87
96 106 115 124 127 127 127 127
127 127 83 -12 -106 -128 -128 -128
-128 -128 -128 -128 -128 -128 -128 -128
-128 -128 -128 -128 -128 -128 -128 -128
-121 -111 -102 -93 -84 -74 -128 -128
-128 -128 -128 -128 -128 -128 -128 -128
-128 -128 -128 -128 -128 -128 -128 -128
-128 -128 -128 -128 -128 -128 -128 -128
-128 -128 -128 -128 -128 -128 -128 -128
-128 -128 -128 -128 -128 -128 -128 -128
-128 -128 -128 -128 -128 -128 -128 -128
-128 -128 -128 -128 -128 -128 -128 -128
-128 -128 -128 -128 -128 -128 -128 -128
-128 -128 -128 -128 -128 -128 -128 -128
-128 -128 -128 -128 -128 -128 -128 -128
-128 -128 -128 -128 -128 -128 -128 -128
47 59 72 80 89 97 105 113
122 127 127 127 127 127 127 127
127 127 127 127 127 127 127 127
127 127 127 127 127 127 127 127
127 127 127 127 127 127 127 127
127 127 127 127 127 127 127 127
127 127 127 127 127 127 127 127
127 127 127 127 127 127 127 127
127 127 127 127 127 127 127 127
127 92 -41 -28 -15 -2 11 24
37 50 49 46 71 92 115 127
127 127 127 127 127 127 127 127
127 127 127 -2 -128 -128 -128 -128
-128 -128 -128 -128 -128 -128 -128 -128
-128 -128 -128 -128 -128 -128 -128 -128
-128 -128 -121 -108 -95 -82 -128 -128
-128 -128 -128 -128 -128 -128 -128 -128
-128 -128 -128 -128 -128 -128 -128 -128
-128 -128 -128 -128 -128 -128 -128 -128
-128 -128 -128 -128 -128 -128 -128 -128
-128 -128 -128 -128 -128 -128 -128 -128
-128 -128 -128 -128 -128 -128 -128 -128
-128 -128 -128 -128 -128 -128 -128 -128
-128 -128 -128 -128 -128 -128 -128 -128
-128 -128 -128 -128 -128 -128 -128 -128
-128 -128 -128 -128 -128 -128 -128 -128
-128 -128 -128 -128 -128 -128 -128 -128
-128 -128 -128 -128 -128 -128 -128 -128
-128 -128 -128 -128 -128 -128 -128 -128
-128 -128 -128 -128 -128 -128 -128 -128
-128 -128 -128 -128 -128 -128 -128 -128
-128 -128 -128 -128 -128 -128 -128 -128
-128 -128 -128 -128 -128 -128 -128 -128
-128 -128 -128 -118 -105 -92 -79 -66
-53 -40 -27 -14 -1 12 19 24
47 61 77 90 103 117 127 127
127 127 127 127 127 127 127 127
127 127 127 127 127 127 127 127
127 127 127 127 127 127 127 127
127 127 127 127 127 127 127 127
127 127 127 127 127 127 127 127
127 92 -41 -28 -15 -2 8 15
39 50 63 76 89 102 115 127
127 127 127 127 127 127 127 127
127 127 127 -2 -128 -128 -128 -128
-128 -128 -128 -128 -128 -128 -128 -128
-128 -128 -128 -128 -128 -128 -128 -128
-128 -128 -121 -108 -95 -82 -128 -128
-128 -128 -128 -128 -128 -128 -128 -128
-128 -128 -128 -128 -128 -128 -128 -128
-128 -128 -128 -128 -128 -128 -128 -128
-128 -128 -128 -128 -128 -128 -128 -128
-128 -128 -128 -128 -128 -128 -128 -128
-128 -128 -128 -128 -128 -128 -128 -128
-128 -128 -128 -128 -128 -128 -128 -128
-128 -128 -128 -128 -128 -128 -128 -128
-128 -128 -128 -128 -128 -128 -128 -128
-128 -128 -128 -128 -128 -128 -128 -128
-128 -128 -128 -128 -128 -128 -128 -128
-128 -128 -128 -128 -128 -128 -128 -128
-128 -128 -128 -128 -128 -128 -128 -128
-128 -128 -128 -128 -128 -128 -128 -128
-128 -128 -128 -128 -128 -128 -128 -128
-128 -128 -128 -128 -128 -128 -128 -128
-128 -128 -128 -128 -128 -128 -128 -128
-128 -128 -128 -118 -105 -92 -79 -66
-53 -40 -22 -7 16 19 25 38
51 64 77 90 103 117 127 127
127 127 127 127 127 127 127 127
127 127 127 127 127 127 127 127
127 127 127 127 127 127 127 127
127 127 127 127 127 127 127 127
127 127 127 127 127 127 127 127
127 92 -34 -16 8 8 11 24
37 50 63 76 89 102 115 127
127 127 127 127 127 127 127 127
127 127 127 -2 -128 -128 -128 -128
-128 -128 -128 -128 -128 -128 -128 -128
-128 -128 -128 -128 -128 -128 -128 -128
-128 -128 -121 -108 -95 -82 -128 -128
-128 -128 -128 -128 -128 -128 -128 -128
-128 -128 -128 -128 -128 -128 -128 -128
-128 -128 -128 -128 -128 -128 -128 -128
-128 -128 -128 -128 -128 -128 -128 -128
-128 -128 -128 -128 -128 -128 -128 -128
-128 -128 -128 -128 -128 -128 -128 -128
-128 -128 -128 -128 -128 -128 -128 -128
-128 -128 -128 -128 -128 -128 -128 -128
-128 -128 -128 -128 -128 -128 -128 -128
-128 -128 -128 -128 -128 -128 -128 -128
-128 -128 -128 -128 -128 -128 -128 -128
54 68 84 95 105 116 126 127
127 127 127 127 127 127 127 127
127 127 127 127 127 127 127 127
127 127 127 127 127 127 127 127
127 127 127 127 127 127 127 127
127 127 127 127 127 127 127 127
127 127 127 127 127 127 127 127
127 127 127 127 127 127 127 127
127 127 127 127 127 127 127 127
127 119 -48 -32 -15 2 19 36
52 69 66 60 92 121 127 127
127 127 127 127 127 127 127 127
127 127 127 8 -128 -128 -128 -128
-128 -128 -128 -128 -128 -128 -128 -128
-128 -128 -128 -128 -128 -128 -128 -128
-128 -128 -128 -124 -107 -90 -128 -128
-128 -128 -128 -128 -128 -128 -128 -128
-128 -128 -128 -128 -128 -128 -128 -128
-128 -128 -128 -128 -128 -128 -128 -128
-128 -128 -128 -128 -128 -128 -128 -128
-128 -128 -128 -128 -128 -128 -128 -128
-128 -128 -128 -128 -128 -128 -128 -128
-128 -128 -128 -128 -128 -128 -128 -128
-128 -128 -128 -128 -128 -128 -128 -128
-128 -128 -128 -128 -128 -128 -128 -128
-128 -128 -128 -128 -128 -128 -128 -128
-128 -128 -128 -128 -128 -128 -128 -128
-128 -128 -128 -128 -128 -128 -128 -128
-128 -128 -128 -128 -128 -128 -128 -128
-128 -128 -128 -128 -128 -128 -128 -128
-128 -128 -128 -128 -128 -128 -128 -128
-128 -128 -128 -128 -128 -128 -128 -128
-128 -128 -128 -128 -128 -128 -128 -128
-128 -128 -128 -128 -128 -128 -120 -103
-86 -69 -52 -36 -19 -2 10 18
48 63 82 99 116 127 127 127
127 127 127 127 127 127 127 127
127 127 127 127 127 127 127 127
127 127 127 127 127 127 127 127
127 127 127 127 127 127 127 127
127 127 127 127 127 127 127 127
127 119 -48 -32 -15 2 13 20
51 67 86 103 120 127 127 127
127 127 127 127 127 127 127 127
127 127 127 8 -128 -128 -128 -128
-128 -128 -128 -128 -128 -128 -128 -128
-128 -128 -128 -128 -128 -128 -128 -128
-128 -128 -128 -124 -107 -90 -128 -128
-128 -128 -128 -128 -128 -128 -128 -128
-128 -128 -128 -128 -128 -128 -128 -128
-128 -128 -128 -128 -128 -128 -128 -128
-128 -128 -128 -128 -128 -128 -128 -128
-128 -128 -128 -128 -128 -128 -128 -128
-128 -128 -128 -128 -128 -128 -128 -128
-128 -128 -128 -128 -128 -128 -128 -128
-128 -128 -128 -128 -128 -128 -128 -128
-128 -128 -128 -128 -128 -128 -128 -128
-128 -128 -128 -128 -128 -128 -128 -128
-128 -128 -128 -128 -128 -128 -128 -128
-128 -128 -128 -128 -128 -128 -128 -128
-128 -128 -128 -128 -128 -128 -128 -128
-128 -128 -128 -128 -128 -128 -128 -128
-128 -128 -128 -128 -128 -128 -128 -128
-128 -128 -128 -128 -128 -128 -128 -128
-128 -128 -128 -128 -128 -128 -128 -128
-128 -128 -128 -128 -128 -128 -120 -103
-86 -69 -44 -22 8 9 15 32
48 65 82 99 116 127 127 127
127 127 127 127 127 127 127 127
127 127 127 127 127 127 127 127
127 127 127 127 127 127 127 127
127 127 127 127 127 127 127 127
127 127 127 127 127 127 127 127
127 119 -41 -20 10 13 19 36
52 69 86 103 120 127 127 127
127 127 127 127 127 127 127 127
127 127 127 8 -128 -128 -128 -128
-128 -128 -128 -128 -128 -128 -128 -128
-128 -128 -128 -128 -128 -128 -128 -128
-128 -128 -128 -124 -107 -90 -128 -128
-128 -128 -128 -128 -128 -128 -128 -128
-128 -128 -128 -128 -128 -128 -128 -128
-128 -128 -128 -128 -128 -128 -128 -128
-128 -128 -128 -128 -128 -128 -128 -128
-128 -128 -128 -128 -128 -128 -128 -128
-128 -128 -128 -128 -128 -128 -128 -128
-128 -128 -128 -128 -128 -128 -128 -128
-128 -128 -128 -128 -128 -128 -128 -128
-128 -128 -128 -128 -128 -128 -128 -128
-128 -128 -128 -128 -128 -128 -128 -128
-128 -128 -128 -128 -128 -128 -128 -128
5 -6 -19 -29 -39 -50 -60 -70
-80 -91 -101 -111 -121 -128 -128 -128
-128 -128 -128 -128 -128 -128 -128 -128
-128 -128 -128 -128 -113 -128 -128 -128
-128 -128 -128 -128 -128 -128 -128 -128
-128 -128 -128 -128 -128 -128 -128 -128
-128 -128 -128 -128 -128 -128 -128 -128
-128 -128 -128 -128 -128 -128 -128 -128
-128 -128 -128 -128 -128 -128 -128 -128
-128 -128 -8 -21 -35 -48 -61 -74
-88 -101 -80 -55 -86 -125 -128 -128
-128 -128 -128 -128 -128 -128 -128 -128
-128 -128 -128 6 127 127 127 127
127 127 127 127 127 127 127 127
127 127 127 127 127 127 127 127
127 127 127 127 127 127 127 127
127 127 127 127 127 127 127 127
127 127 127 127 127 127 127 127
127 127 127 127 127 127 127 127
127 127 127 127 127 127 127 127
127 127 127 127 127 127 127 127
127 127 127 127 127 127 127 127
127 127 127 127 127 127 127 127
127 127 127 127 127 127 127 127
127 127 127 127 127 127 127 127
127 127 127 127 127 127 127 127
127 127 127 127 127 127 127 127
127 127 127 127 127 127 127 127
127 127 127 127 127 127 127 127
127 127 127 127 127 127 127 127
127 127 127 127 127 127 127 127
127 127 104 -17 127 127 127 127
127 121 108 95 82 68 55 42
29 16 2 -11 -24 -37 -51 -64
-77 -90 -104 -117 -128 -128 -128 -128
-38 -123 -128 -128 -128 -128 -128 -128
-128 -128 -128 -128 -128 -128 -128 -128
-128 -128 -128 -128 -128 -128 -128 -128
-128 -128 -128 -128 -128 -128 -128 -128
-128 -128 -128 -128 -128 -128 -128 -128
-128 -128 -128 -128 -128 -128 -128 -128
-128 -128 -8 -21 -35 -48 -41 -30
-49 -81 -114 -127 -128 -128 -128 -128
-128 -128 -128 -128 -128 -128 -128 -128
-128 -128 -128 6 127 127 127 127
127 127 127 127 127 127 127 127
127 127 127 127 127 127 127 127
127 127 127 127 127 127 127 127
127 127 127 127 127 127 127 127
127 127 127 127 127 127 127 127
127 127 127 127 127 127 127 127
127 127 127 127 127 127 127 127
127 127 127 127 127 127 127 127
127 127 127 127 127 127 127 127
127 127 127 127 127 127 127 127
127 127 127 127 127 127 127 127
127 127 127 127 127 127 127 127
127 127 127 127 127 127 127 127
127 127 127 127 127 127 127 127
127 127 127 127 127 127 127 127
127 127 127 127 127 127 127 127
127 127 127 127 127 127 127 127
127 127 127 127 127 127 127 8
127 127 127 127 127 127 127 127
127 121 108 95 82 68 55 42
29 16 2 -11 -24 -37 -51 -64
-77 -90 -128 -128 -2 -78 -128 -128
-128 -128 -128 -128 -128 -128 -128 -128
-128 -128 -128 -128 -128 -128 -128 -128
-128 -128 -128 -128 -128 -128 -128 -128
-128 -128 -128 -128 -128 -128 -128 -128
-128 -128 -128 -128 -128 -128 -128 -128
-128 -128 -128 -128 -128 -128 -128 -128
-128 -128 -2 -5 -13 -36 -61 -74
-88 -101 -114 -127 -128 -128 -128 -128
-128 -128 -128 -128 -128 -128 -128 -128
-128 -128 -128 6 127 127 127 127
127 127 127 127 127 127 127 127
127 127 127 127 127 127 127 127
127 127 127 127 127 127 127 127
127 127 127 127 127 127 127 127
127 127 127 127 127 127 127 127
127 127 127 127 127 127 127 127
127 127 127 127 127 127 127 127
127 127 127 127 127 127 127 127
127 127 127 127 127 127 127 127
127 127 127 127 127 127 127 127
127 127 127 127 127 127 127 127
127 127 127 127 127 127 127 127
127 127 127 127 127 127 127 127
127 127 127 127 127 127 127 104
