-87 -82 -78 -74 -70 -65 -61 -57
-53 -49 -44 -40 -36 31 36 40
44 48 52 57 49 33 37 41
45 50 25 29 33 38 42 46
50 51 54 58 62 67 71 -83
-79 -74 -70 -66 -97 -128 -128 -128
-128 -128 -128 -128 -128 -128 -128 -128
-128 -128 -128 -124 -120 -116 -112 -108
-103 -36 -32 -28 -23 -19 -15 -11
-6 -2 2 6 10 15 50 54
58 62 67 71 75 79 83 80
73 78 82 71 54 19 24 28
32 36 1 -71 -66 -62 -58 -54
-128 -128 -125 -121 -117 -113 -108 -128
-128 -128 -128 -128 -128 -103 -99 -95
-91 -87 -82 -78 -74 -70 -65 -61
-57 -53 15 19 23 27 31 36
40 44 48 52 57 49 33 82
86 90 68 25 29 33 38 42
46 50 51 54 -128 -128 -128 -128
-128 -128 -128 -128 -128 -126 -113 -100
-87 120 127 127 127 127 127 127
127 67 80 93 106 119 -15 -2
11 24 37 50 63 31 -40 -27
-14 -1 12 -128 -128 -128 -128 -128
-128 -128 -128 -128 -128 -128 -128 -128
-128 -128 -128 -128 -128 -128 -128 -128
-128 -128 -128 -128 -128 -87 -75 -62
-49 -36 -23 -10 3 16 29 42
55 68 119 127 127 127 127 127
127 127 127 127 105 118 127 12
-38 -128 -128 -121 -108 -95 -128 -128
-128 -128 -128 -128 -128 -128 -128 -128
-128 -128 -128 -128 -128 -128 -128 -128
-128 -128 -128 -128 -128 -128 -128 -128
-128 -128 -128 -128 -128 -128 68 81
94 107 120 127 127 127 127 127
127 127 67 127 127 127 103 -15
-2 11 24 37 50 63 31 -40
-128 -128 -128 -128 -128 -128 -128 -128
-128 -128 -128 -128 -128 127 127 127
127 127 127 127 127 101 123 127
127 127 -55 -33 -11 10 32 54
76 11 -128 -113 -91 -69 -48 -128
-128 -128 -128 -128 -128 -128 -128 -128
-128 -128 -128 -128 -128 -128 -128 -128
-128 -128 -128 -128 -128 -128 -128 -128
-128 -128 -117 -96 -74 -52 -30 -9
13 35 56 78 100 122 127 127
127 127 127 127 127 127 127 127
127 127 127 -48 -128 -128 -128 -128
-128 -128 -128 -128 -128 -128 -128 -128
-128 -128 -128 -128 -128 -128 -128 -128
-128 -128 -128 -128 -128 -128 -128 -128
-128 -128 -128 -128 -128 -128 -128 -128
-128 -128 122 127 127 127 127 127
127 127 127 127 127 127 101 127
127 127 127 -55 -33 -11 10 32
54 76 11 -128 -128 -128 -128 -128
-128 -128 -128 -128 -128 -128 -128 -128
-128 127 127 127 127 127 127 127
127 127 127 127 127 127 -95 -64
-34 -3 27 58 88 -9 -128 -128
-128 -128 -107 -128 -128 -128 -128 -128
-128 -128 -128 -128 -128 -128 -128 -128
-128 -128 -128 -128 -128 -128 -128 -128
-128 -128 -128 -128 -128 -128 -128 -128
-99 -69 -38 -8 23 53 84 114
127 127 127 127 127 127 127 127
127 127 127 127 127 127 127 -107
-128 -128 -128 -128 -128 -128 -128 -128
-128 -128 -128 -128 -128 -128 -128 -128
-128 -128 -128 -128 -128 -128 -128 -128
-128 -128 -128 -128 -128 -128 -128 -128
-128 -128 -128 -128 -128 -128 127 127
127 127 127 127 127 127 127 127
127 127 127 127 127 127 127 -95
-64 -34 -3 27 58 88 -9 -128
