17 17 17 17 17 18 18 18
18 18 18 18 18 18 18 18
18 18 19 19 19 19 19 19
19 19 19 19 19 19 19 19
20 20 20 20 20 20 20 20
20 20 19 19 19 19 19 19
19 19 19 19 19 19 19 19
17 17 17 17 17 17 17 17
17 17 17 17 17 17 18 18
18 18 18 18 18 18 18 18
18 18 18 18 19 19 19 19
19 19 19 19 19 19 19 19
19 19 20 20 20 20 20 20
20 20 20 20 20 20 20 20
19 19 19 19 19 19 19 20
16 17 17 17 17 17 17 17
17 17 17 17 17 17 17 18
18 18 18 18 18 18 18 18
18 18 18 18 19 19 19 19
19 19 19 19 19 19 19 19
19 19 20 20 20 20 20 20
20 20 20 20 19 19 19 19
19 19 19 19 19 19 15 15
15 15 15 16 16 16 16 16
16 16 17 17 19 19 19 19
19 20 20 20 20 20 20 20
21 21 23 23 23 23 23 24
24 24 19 20 20 20 20 20
16 16 16 17 17 17 17 17
17 17 18 18 18 18 13 13
13 13 13 13 13 14 14 14
14 14 14 14 17 17 17 17
17 17 17 18 18 18 18 18
18 18 21 21 21 21 21 21
21 22 22 22 22 22 22 22
20 20 20 20 21 21 21 21
21 21 21 22 22 22 18 18
18 18 18 19 19 19 11 12
12 12 12 12 14 14 15 15
15 15 15 15 15 16 16 16
16 16 18 18 19 19 19 19
19 19 19 20 20 20 20 20
22 22 23 23 23 23 23 23
23 24 24 24 19 20 22 22
22 22 16 16 16 17 17 17
17 17 17 17 12 13 13 13
13 14 14 14 14 15 15 15
15 16 19 20 20 20 20 21
21 21 21 22 22 22 22 23
26 27 27 27 27 28 28 28
19 19 20 20 20 21 14 14
14 14 15 15 15 15 16 16
16 16 17 17 8 9 9 9
9 10 10 10 10 11 11 11
11 12 15 16 16 16 16 17
17 17 17 18 18 18 18 19
22 23 23 23 23 24 24 24
24 25 25 25 25 26 20 21
21 21 21 22 22 22 22 23
23 23 23 24 17 17 17 17
18 18 18 18 6 7 7 7
7 8 11 12 12 12 12 13
13 13 13 14 14 14 14 15
18 19 19 19 19 20 20 20
20 21 21 21 21 22 25 26
26 26 26 27 27 27 27 28
28 28 19 19 23 24 24 24
14 14 14 14 15 15 15 15
16 16 10 10 11 11 11 12
12 12 13 13 13 14 14 14
20 20 21 21 21 22 22 22
23 23 24 24 24 25 30 30
31 31 31 32 32 33 19 19
20 20 20 21 11 11 12 12
12 13 13 13 14 14 14 15
15 16 4 4 5 5 5 6
6 7 7 7 8 8 8 9
14 14 15 15 16 16 16 17
17 17 18 18 18 19 24 25
25 25 26 26 26 27 27 27
28 28 29 29 20 21 21 22
22 22 23 23 23 24 24 24
25 25 15 16 16 16 17 17
17 18 1 2 2 2 3 3
8 9 9 9 10 10 11 11
11 12 12 12 13 13 18 19
19 20 20 20 21 21 21 22
22 22 23 23 29 29 29 30
30 30 31 31 31 32 32 33
19 19 25 25 26 26 11 11
12 12 12 13 13 13 14 14
