23 23 24 24 25 25 26 26
26 27 27 28 28 35 35 36
36 37 37 38 26 6 7 7
8 8 -4 -3 -3 -2 -2 -1
-1 -4 -5 -4 -4 -3 -3 4
4 5 5 6 6 7 7 7
8 8 9 9 16 16 17 17
18 18 19 19 19 20 20 21
21 28 29 29 29 30 30 31
31 32 32 32 33 33 8 8
9 9 10 10 11 11 11 4
-6 -6 -5 -3 -3 -2 -2 -1
-1 0 0 0 1 1 2 2
9 10 10 10 11 11 12 12
13 13 13 14 14 21 22 22
22 23 23 24 24 25 25 26
26 26 33 34 34 35 35 35
36 36 37 37 38 26 6 -5
-5 -4 -4 -4 -3 -3 -2 -2
-1 -1 -4 -5 2 3 3 3
4 4 5 5 6 6 7 7
7 26 27 29 30 31 33 34
36 37 39 40 41 43 65 67
68 69 71 72 74 49 3 4
5 7 8 -29 -28 -26 -25 -24
-22 -21 -36 -64 -63 -61 -60 -58
-36 -35 -33 -32 -30 -29 -27 -26
-25 -23 -22 -20 -19 3 5 6
8 9 10 12 13 15 16 17
19 20 43 44 46 47 48 50
51 53 54 55 57 58 60 8
10 11 13 14 15 17 18 20
-1 -38 -36 -35 -58 -57 -56 -54
-53 -51 -50 -49 -47 -46 -44 -43
-42 -19 -18 -16 -15 -13 -12 -11
-9 -8 -6 -5 -4 -2 20 22
23 24 26 27 29 30 31 33
34 36 37 60 61 62 64 65
67 68 69 71 72 74 49 3
-35 -33 -32 -31 -29 -28 -26 -25
-24 -22 -21 -36 -64 -42 -40 -39
-37 -36 -35 -33 -32 -30 -29 -27
-26 -25 29 31 34 36 38 41
43 45 48 50 53 55 57 95
98 100 102 105 107 110 72 -1
2 4 6 9 -55 -52 -50 -48
-45 -43 -40 -69 -123 -121 -119 -116
-114 -76 -73 -71 -69 -66 -64 -61
-59 -57 -54 -52 -50 -47 -9 -7
-4 -2 0 3 5 7 10 12
15 17 19 57 60 62 64 67
69 72 74 76 79 81 83 86
9 11 13 16 18 21 23 25
28 -5 -69 -67 -64 -114 -111 -109
-107 -104 -102 -99 -97 -95 -92 -90
-88 -85 -47 -45 -42 -40 -38 -35
-33 -31 -28 -26 -23 -21 -19 19
22 24 26 29 31 34 36 38
41 43 45 48 86 88 91 93
95 98 100 102 105 107 110 72
-1 -64 -62 -59 -57 -55 -52 -50
-48 -45 -43 -40 -69 -123 -85 -83
-80 -78 -76 -73 -71 -69 -66 -64
-61 -59 -57 32 35 38 42 45
48 52 55 59 62 65 69 72
126 127 127 127 127 127 127 95
-4 -1 2 6 9 -80 -77 -74
-70 -67 -64 -60 -101 -128 -128 -128
-128 -128 -116 -112 -109 -106 -102 -99
-95 -92 -89 -85 -82 -79 -75 -22
-18 -15 -12 -8 -5 -2 2 5
8 12 15 18 72 75 79 82
85 89 92 95 99 102 105 109
112 9 12 16 19 22 26 29
32 36 -10 -100 -97 -94 -128 -128
-128 -128 -128 -128 -128 -128 -128 -128
-128 -128 -128 -75 -72 -69 -65 -62
-59 -55 -52 -49 -45 -42 -39 -35
18 22 25 28 32 35 38 42
45 48 52 55 59 112 115 119
122 126 127 127 127 127 127 127
95 -4 -94 -90 -87 -84 -80 -77
-74 -70 -67 -64 -60 -101 -128 -128
-126 -122 -119 -116 -112 -109 -106 -102
-99 -95 -92 -89 35 39 43 48
52 56 61 65 69 74 78 82
87 127 127 127 127 127 127 127
118 -8 -4 1 5 9 -106 -102
-97 -93 -89 -84 -80 -128 -128 -128
-128 -128 -128 -128 -128 -128 -128 -128
-128 -128 -125 -121 -117 -112 -108 -104
-34 -30 -26 -21 -17 -13 -9 -4
0 4 9 13 17 87 91 95
99 104 108 112 117 121 125 127
127 127 9 14 18 22 27 31
35 40 44 -15 -128 -127 -123 -128
-128 -128 -128 -128 -128 -128 -128 -128
-128 -128 -128 -128 -104 -99 -95 -91
-86 -82 -78 -73 -69 -65 -60 -56
-52 17 22 26 30 35 39 43
48 52 56 61 65 69 127 127
127 127 127 127 127 127 127 127
127 118 -8 -123 -119 -114 -110 -106
-102 -97 -93 -89 -84 -80 -128 -128
-128 -128 -128 -128 -128 -128 -128 -128
-128 -128 -128 -125 -121 38 43 48
54 59 64 69 75 80 85 91
96 101 127 127 127 127 127 127
127 127 -11 -6 -1 4 10 -128
-126 -121 -116 -110 -105 -100 -128 -128
-128 -128 -128 -128 -128 -128 -128 -128
-128 -128 -128 -128 -128 -128 -128 -128
-128 -47 -42 -36 -31 -26 -21 -15
-10 -5 1 6 11 16 101 106
112 117 122 127 127 127 127 127
127 127 127 10 15 20 26 31
36 41 47 52 -19 -128 -128 -128
-128 -128 -128 -128 -128 -128 -128 -128
-128 -128 -128 -128 -128 -128 -126 -121
-116 -111 -105 -100 -95 -89 -84 -79
-73 -68 16 22 27 32 38 43
48 54 59 64 69 75 80 127
127 127 127 127 127 127 127 127
127 127 127 -11 -128 -128 -128 -128
-128 -126 -121 -116 -110 -105 -100 -128
-128 -128 -128 -128 -128 -128 -128 -128
-128 -128 -128 -128 -128 -128 0 0
