-112 -112 -112 -112 -112 -112 -112 -112
-111 -111 -111 -111 -111 -111 -111 -111
-111 -111 -111 -111 -112 -112 -112 -112
-112 -112 -112 -112 -111 -111 -111 -111
-111 -111 -111 -111 -111 -111 -111 -111
-112 -112 -112 -112 -112 -112 -112 -112
-111 -111 -111 -111 -111 -111 -111 -111
-111 -111 -111 -111 -112 -112 -112 -112
-112 -112 -112 -112 -111 -111 -111 -111
-111 -111 -111 -111 -111 -111 -111 -111
-112 -112 -112 -112 -112 -112 -112 -112
-111 -111 -111 -111 -111 -111 -111 -111
-111 -111 -111 -111 -112 -112 -112 -112
-112 -112 -112 -112 -111 -111 -111 -111
-111 -111 -111 -111 -111 -111 -111 -111
-112 -112 -112 -112 -112 -112 -112 -112
-111 -111 -111 -111 -111 -111 -111 -111
-111 -111 -111 -111 -112 -112 -112 -112
-112 -112 -112 -112 -111 -111 -111 -111
-111 -111 -111 -111 -111 -111 -111 -111
-112 -112 -112 -112 -112 -112 -112 -112
-111 -111 -111 -111 -111 -111 -111 -111
-111 -111 -111 -111 -112 -112 -112 -112
-112 -112 -112 -112 -111 -111 -111 -111
-111 -111 -111 -111 -111 -111 -111 -111
