18 18 18 18 18 19 19 19
19 19 20 20 20 20 20 21
21 21 21 21 22 22 22 22
22 23 23 21 22 23 23 23
24 24 24 24 24 25 25 25
25 26 26 26 26 26 27 27
27 27 27 28 28 28 28 25
26 29 29 29 30 30 30 30
30 31 31 31 31 32 32 32
32 32 33 33 33 33 34 34
34 34 34 28 31 35 35 35
36 36 36 36 37 37 37 37
37 38 38 26 15 6 6 7
7 7 7 8 8 8 8 12
12 9 9 9 9 10 10 10
10 11 11 11 11 11 12 4
-2 -6 -6 -6 -6 -5 -5 -5
-5 -4 -4 5 3 -4 -3 -3
-3 -3 -2 -2 -2 -2 -2 -1
-1 -1 -1 -4 -5 -5 -5 -4
-4 -4 -4 -3 -3 -3 -3 7
3 -2 -2 -2 -1 -1 -1 -1
-1 0 0 0 0 0 1 1
1 1 2 2 2 2 2 3
3 3 3 10 7 4 4 4
5 5 5 5 5 6 6 6
6 7 7 7 7 7 8 8
8 8 8 9 9 9 9 14
12 10 10 10 11 11 11 11
11 12 12 12 12 13 13 13
13 13 14 14 14 14 14 15
15 15 15 17 16 16 16 16
17 17 17 17 18 18 18 18
18 19 19 19 19 19 20 20
20 20 21 21 21 21 21 21
21 22 22 22 23 23 23 23
24 24 24 24 24 25 25 25
25 26 26 26 26 26 27 27
27 27 27 24 25 28 28 29
29 29 29 29 30 30 30 30
30 31 31 31 31 32 32 32
32 32 33 33 33 33 34 28
30 34 34 35 35 35 35 35
36 36 36 36 37 37 37 37
37 38 38 26 15 6 6 7
7 7 7 11 12 8 8 8
9 9 9 9 9 10 10 10
10 11 11 11 11 11 12 4
-2 -6 -6 -6 -6 -5 -5 4
2 -4 -4 -4 -4 -4 -3 -3
-3 -3 -2 -2 -2 -2 -2 -1
-1 -1 -1 -4 -5 -5 -5 -4
-4 -4 -4 6 2 -3 -3 -3
-2 -2 -2 -2 -1 -1 -1 -1
-1 0 0 0 0 0 1 1
1 1 2 2 2 2 2 10
7 3 3 3 4 4 4 4
5 5 5 5 5 6 6 6
6 7 7 7 7 7 8 8
8 8 8 13 11 9 9 10
10 10 10 10 11 11 11 11
11 12 12 12 12 13 13 13
13 13 14 14 14 14 14 17
16 15 15 16 16 16 16 16
17 17 17 17 18 18 18 18
18 19 19 19 19 19 20 20
20 20 21 20 20 21 21 22
22 22 22 22 23 23 23 23
24 24 24 24 24 25 25 25
25 26 26 26 26 26 27 24
25 27 27 28 28 28 28 29
29 29 29 29 30 30 30 30
30 31 31 31 31 32 32 32
32 32 33 27 29 33 34 34
34 34 34 35 35 35 35 35
36 36 36 36 37 37 37 37
37 38 38 26 15 6 6 11
11 7 7 8 8 8 8 8
9 9 9 9 9 10 10 10
10 11 11 11 11 11 12 4
-2 -6 -6 4 2 -5 -5 -5
-5 -4 -4 -4 -4 -4 -3 -3
-3 -3 -2 -2 -2 -2 -2 -1
-1 -1 -1 -4 -5 -5 -5 6
2 -4 -4 -3 -3 -3 -3 -3
-2 -2 -2 -2 -1 -1 -1 -1
-1 0 0 0 0 0 1 1
1 1 2 9 12 10 10 10
11 11 11 11 11 11 11 11
11 11 11 11 12 12 12 12
12 12 12 12 12 12 12 16
17 16 16 17 17 18 18 19
19 20 20 21 21 22 22 23
23 24 24 25 25 26 27 27
28 28 29 26 24 26 27 27
28 29 29 30 31 31 32 33
34 34 35 36 36 37 38 39
39 40 41 41 42 43 43 35
37 46 46 47 48 48 49 50
50 51 52 53 53 54 55 55
56 57 57 58 59 60 60 61
62 62 63 48 51 65 66 67
67 68 69 69 70 71 71 72
73 74 74 49 25 3 3 4
5 5 6 7 8 8 9 13
14 11 12 13 13 14 15 15
16 17 17 18 19 20 20 -1
-20 -38 -37 -36 -35 -35 -34 -33
-33 -32 -31 -13 -14 -29 -28 -28
-27 -26 -26 -25 -24 -24 -23 -22
-21 -21 -20 -36 -51 -64 -63 -63
-62 -61 -60 -60 -59 -58 -58 -30
-33 -56 -55 -54 -53 -53 -52 -51
-51 -50 -49 -49 -48 -47 -46 -46
-45 -44 -44 -43 -42 -42 -41 -40
-39 -39 -38 -17 -19 -36 -35 -35
-34 -33 -32 -32 -31 -30 -30 -29
-28 -27 -27 -26 -25 -25 -24 -23
-23 -22 -21 -20 -20 -19 -18 -4
-5 -16 -16 -15 -14 -13 -13 -12
-11 -11 -10 -9 -9 -8 -7 -6
-6 -5 -4 -4 -3 -2 -2 -1
0 1 1 8 8 3 4 5
6 6 7 8 8 9 10 10
11 12 13 13 14 15 15 16
17 17 18 19 20 20 21 21
22 23 24 24 25 26 27 27
28 29 29 30 31 31 32 33
34 34 35 36 36 37 38 39
39 40 41 33 35 43 43 44
45 46 46 47 48 48 49 50
50 51 52 53 53 54 55 55
56 57 57 58 59 60 60 46
49 62 63 64 64 65 66 67
67 68 69 69 70 71 71 72
73 74 74 49 25 3 3 4
5 5 6 11 12 8 9 10
10 11 12 13 13 14 15 15
16 17 17 18 19 20 20 -1
-20 -38 -37 -36 -35 -35 -34 -15
-16 -32 -31 -31 -30 -29 -28 -28
-27 -26 -26 -25 -24 -24 -23 -22
-21 -21 -20 -36 -51 -64 -63 -63
-62 -61 -60 -31 -35 -58 -58 -57
-56 -56 -55 -54 -53 -53 -52 -51
-51 -50 -49 -49 -48 -47 -46 -46
-45 -44 -44 -43 -42 -42 -41 -19
-21 -39 -38 -37 -37 -36 -35 -35
-34 -33 -32 -32 -31 -30 -30 -29
-28 -27 -27 -26 -25 -25 -24 -23
-23 -22 -21 -6 -7 -19 -18 -18
-17 -16 -16 -15 -14 -13 -13 -12
-11 -11 -10 -9 -9 -8 -7 -6
-6 -5 -4 -4 -3 -2 -2 6
6 1 1 2 3 3 4 5
6 6 7 8 8 9 10 10
11 12 13 13 14 15 15 16
17 17 18 19 20 20 21 22
22 23 24 24 25 26 27 27
28 29 29 30 31 31 32 33
34 34 35 36 36 37 38 32
33 40 41 41 42 43 43 44
45 46 46 47 48 48 49 50
50 51 52 53 53 54 55 55
56 57 57 44 47 60 60 61
62 62 63 64 64 65 66 67
67 68 69 69 70 71 71 72
73 74 74 49 25 3 3 9
10 5 6 7 8 8 9 10
10 11 12 13 13 14 15 15
16 17 17 18 19 20 20 -1
-20 -38 -37 -17 -18 -35 -34 -33
-33 -32 -31 -31 -30 -29 -28 -28
-27 -26 -26 -25 -24 -24 -23 -22
-21 -21 -20 -36 -51 -64 -63 -33
-37 -61 -60 -60 -59 -58 -58 -57
-56 -56 -55 -54 -53 -53 -52 -51
-51 -50 -49 -49 -48 -47 -46 -46
-45 -44 -44 -21 -10 -23 -23 -22
-22 -21 -21 -21 -20 -20 -19 -19
-19 -18 -18 -17 -17 -16 -16 -16
-15 -15 -14 -14 -14 -13 -13 -1
15 13 14 15 16 17 18 18
19 20 21 22 23 23 24 25
26 27 28 29 29 30 31 32
33 34 34 30 26 29 30 31
32 34 35 36 37 38 40 41
42 43 44 45 47 48 49 50
51 53 54 55 56 57 59 46
49 62 63 64 66 67 68 69
70 72 73 74 75 76 78 79
80 81 82 83 85 86 87 88
89 91 92 68 71 95 97 98
99 100 101 102 104 105 106 107
108 110 111 72 35 -1 0 2
3 4 5 6 7 9 10 14
16 13 15 16 17 18 19 21
22 23 24 25 26 28 29 -5
-38 -69 -68 -67 -65 -64 -63 -62
-61 -59 -58 -30 -31 -55 -54 -52
-51 -50 -49 -48 -46 -45 -44 -43
-42 -40 -39 -69 -97 -123 -122 -121
-120 -119 -117 -116 -115 -114 -113 -66
-68 -109 -108 -107 -105 -104 -103 -102
-101 -99 -98 -97 -96 -95 -94 -92
-91 -90 -89 -88 -86 -85 -84 -83
-82 -80 -79 -44 -45 -76 -75 -73
-72 -71 -70 -69 -67 -66 -65 -64
-63 -61 -60 -59 -58 -57 -56 -54
-53 -52 -51 -50 -48 -47 -46 -22
-23 -42 -41 -40 -39 -38 -37 -35
-34 -33 -32 -31 -29 -28 -27 -26
-25 -23 -22 -21 -20 -19 -18 -16
-15 -14 -13 -1 0 -9 -8 -7
-6 -4 -3 -2 -1 0 1 3
4 5 6 7 9 10 11 12
13 15 16 17 18 19 20 21
23 24 25 26 28 29 30 31
32 34 35 36 37 38 40 41
42 43 44 45 47 48 49 50
51 53 54 43 45 57 59 60
61 62 63 64 66 67 68 69
70 72 73 74 75 76 78 79
80 81 82 83 85 86 87 64
68 91 92 93 94 95 97 98
99 100 101 102 104 105 106 107
108 110 111 72 35 -1 0 2
3 4 5 11 12 9 10 11
12 13 15 16 17 18 19 21
22 23 24 25 26 28 29 -5
-38 -69 -68 -67 -65 -64 -63 -34
-34 -59 -58 -57 -56 -55 -54 -52
-51 -50 -49 -48 -46 -45 -44 -43
-42 -40 -39 -69 -97 -123 -122 -121
-120 -119 -117 -69 -71 -114 -113 -111
-110 -109 -108 -107 -105 -104 -103 -102
-101 -99 -98 -97 -96 -95 -94 -92
-91 -90 -89 -88 -86 -85 -84 -47
-49 -80 -79 -78 -77 -76 -75 -73
-72 -71 -70 -69 -67 -66 -65 -64
-63 -61 -60 -59 -58 -57 -56 -54
-53 -52 -51 -25 -26 -47 -46 -45
-44 -42 -41 -40 -39 -38 -37 -35
-34 -33 -32 -31 -29 -28 -27 -26
-25 -23 -22 -21 -20 -19 -18 -4
-3 -14 -13 -12 -10 -9 -8 -7
-6 -4 -3 -2 -1 0 1 3
4 5 6 7 9 10 11 12
13 15 16 18 19 19 20 22
23 24 25 26 28 29 30 31
32 34 35 36 37 38 40 41
42 43 44 45 47 48 49 40
42 53 54 55 56 57 59 60
61 62 63 64 66 67 68 69
70 72 73 74 75 76 78 79
80 81 82 61 65 86 87 88
89 91 92 93 94 95 97 98
99 100 101 102 104 105 106 107
108 110 111 72 35 -1 0 8
9 4 5 6 7 9 10 11
12 13 15 16 17 18 19 21
22 23 24 25 26 28 29 -5
-38 -69 -68 -37 -37 -64 -63 -62
-61 -59 -58 -57 -56 -55 -54 -52
-51 -50 -49 -48 -46 -45 -44 -43
-42 -40 -39 -69 -97 -123 -122 -72
-75 -119 -117 -116 -115 -114 -113 -111
-110 -109 -108 -107 -105 -104 -103 -102
-101 -99 -98 -97 -96 -95 -94 -92
-91 -90 -89 -50 -32 -56 -56 -55
-54 -53 -53 -52 -51 -51 -50 -49
-48 -48 -47 -46 -45 -45 -44 -43
-42 -42 -41 -40 -39 -39 -38 -17
14 11 12 13 15 16 17 18
19 20 22 23 24 25 26 27
29 30 31 32 33 34 36 37
38 39 40 34 28 32 33 35
37 38 40 42 43 45 47 48
50 52 54 55 57 59 60 62
64 65 67 69 70 72 74 56
60 79 80 82 84 85 87 89
90 92 94 95 97 99 100 102
104 105 107 109 110 112 114 115
117 119 120 87 91 126 127 127
127 127 127 127 127 127 127 127
127 127 127 95 45 -4 -3 -1
1 2 4 6 7 9 11 15
17 16 17 19 21 22 24 26
27 29 31 32 34 36 37 -10
-56 -100 -99 -97 -95 -94 -92 -90
-89 -87 -85 -48 -48 -80 -79 -77
-75 -74 -72 -70 -69 -67 -65 -64
-62 -60 -59 -101 -128 -128 -128 -128
-128 -128 -128 -128 -128 -128 -128 -102
-104 -128 -128 -128 -128 -128 -128 -128
-128 -128 -128 -128 -128 -128 -128 -128
-128 -128 -128 -128 -128 -128 -127 -126
-124 -122 -121 -71 -72 -116 -114 -112
-111 -109 -107 -106 -104 -102 -100 -99
-97 -95 -94 -92 -90 -89 -87 -85
-84 -82 -80 -79 -77 -75 -74 -40
-40 -69 -67 -65 -64 -62 -60 -59
-57 -55 -54 -52 -50 -49 -47 -45
-44 -42 -40 -39 -37 -35 -34 -32
-30 -29 -27 -9 -8 -22 -20 -18
-17 -15 -13 -12 -10 -8 -7 -5
-3 -2 0 2 3 5 7 8
10 12 13 15 17 18 20 21
23 25 27 28 30 32 33 35
37 38 40 42 43 45 47 48
50 52 54 55 57 59 60 62
64 65 67 52 55 72 74 75
77 79 80 82 84 85 87 89
90 92 94 95 97 99 100 102
104 105 107 109 110 112 114 83
87 119 120 122 124 126 127 127
127 127 127 127 127 127 127 127
127 127 127 95 45 -4 -3 -1
1 2 4 11 13 9 11 12
14 16 17 19 21 22 24 26
27 29 31 32 34 36 37 -10
-56 -100 -99 -97 -95 -94 -92 -52
-52 -87 -85 -84 -82 -80 -79 -77
-75 -74 -72 -70 -69 -67 -65 -64
-62 -60 -59 -101 -128 -128 -128 -128
-128 -128 -128 -106 -108 -128 -128 -128
-128 -128 -128 -128 -128 -128 -128 -128
-128 -128 -128 -128 -128 -128 -128 -128
-128 -128 -128 -128 -128 -128 -127 -75
-76 -122 -121 -119 -117 -116 -114 -112
-111 -109 -107 -106 -104 -102 -100 -99
-97 -95 -94 -92 -90 -89 -87 -85
-84 -82 -80 -45 -45 -75 -74 -72
-70 -69 -67 -65 -64 -62 -60 -59
-57 -55 -54 -52 -50 -49 -47 -45
-44 -42 -40 -39 -37 -35 -34 -14
-13 -29 -27 -25 -23 -22 -20 -18
-17 -15 -13 -12 -10 -8 -7 -5
-3 -2 0 2 3 5 7 8
10 12 13 17 19 18 20 22
23 25 27 28 30 32 33 35
37 38 40 42 43 45 47 48
50 52 54 55 57 59 60 48
51 65 67 69 70 72 74 75
77 79 80 82 84 85 87 89
90 92 94 95 97 99 100 102
104 105 107 78 82 112 114 115
117 119 120 122 124 126 127 127
127 127 127 127 127 127 127 127
127 127 127 95 45 -4 -3 6
8 2 4 6 7 9 11 12
14 16 17 19 21 22 24 26
27 29 31 32 34 36 37 -10
-56 -100 -99 -57 -57 -94 -92 -90
-89 -87 -85 -84 -82 -80 -79 -77
-75 -74 -72 -70 -69 -67 -65 -64
-62 -60 -59 -101 -128 -128 -128 -110
-113 -128 -128 -128 -128 -128 -128 -128
-128 -128 -128 -128 -128 -128 -128 -128
-128 -128 -128 -128 -128 -128 -128 -128
-128 -128 -128 -80 -54 -90 -89 -88
-87 -86 -84 -83 -82 -81 -80 -79
-78 -77 -76 -75 -74 -73 -72 -71
-70 -69 -67 -66 -65 -64 -63 -34
13 9 10 12 13 15 16 18
19 21 22 24 25 27 28 30
31 33 34 36 37 39 40 42
43 45 46 39 30 35 37 39
41 43 45 48 50 52 54 56
58 61 63 65 67 69 71 74
76 78 80 82 84 87 89 67
71 95 97 99 102 104 106 108
110 112 115 117 119 121 123 125
127 127 127 127 127 127 127 127
127 127 127 107 112 127 127 127
127 127 127 127 127 127 127 127
127 127 127 118 54 -8 -6 -4
-1 1 3 5 7 9 12 16
19 18 20 22 24 27 29 31
33 35 37 40 42 44 46 -15
-74 -128 -128 -127 -125 -123 -121 -119
-117 -114 -112 -65 -65 -106 -104 -102
-99 -97 -95 -93 -91 -89 -86 -84
-82 -80 -78 -128 -128 -128 -128 -128
-128 -128 -128 -128 -128 -128 -128 -128
-128 -128 -128 -128 -128 -128 -128 -128
-128 -128 -128 -128 -128 -128 -128 -128
-128 -128 -128 -128 -128 -128 -128 -128
-128 -128 -128 -98 -98 -128 -128 -128
-128 -128 -128 -128 -128 -128 -128 -128
-128 -128 -127 -125 -123 -121 -119 -117
-114 -112 -110 -108 -106 -104 -101 -58
-57 -95 -93 -91 -88 -86 -84 -82
-80 -78 -75 -73 -71 -69 -67 -65
-63 -60 -58 -56 -54 -52 -50 -47
-45 -43 -41 -18 -17 -34 -32 -30
-28 -26 -24 -21 -19 -17 -15 -13
-11 -9 -6 -4 -2 0 2 4
7 9 11 13 15 17 20 21
24 26 28 30 33 35 37 39
41 43 45 48 50 52 54 56
58 61 63 65 67 69 71 74
76 78 80 61 65 87 89 91
93 95 97 99 102 104 106 108
110 112 115 117 119 121 123 125
127 127 127 127 127 127 127 101
106 127 127 127 127 127 127 127
127 127 127 127 127 127 127 127
127 127 127 118 54 -8 -6 -4
-1 1 3 10 13 9 12 14
16 18 20 22 24 27 29 31
33 35 37 40 42 44 46 -15
-74 -128 -128 -127 -125 -123 -121 -71
-70 -114 -112 -110 -108 -106 -104 -102
-99 -97 -95 -93 -91 -89 -86 -84
-82 -80 -78 -128 -128 -128 -128 -128
-128 -128 -128 -128 -128 -128 -128 -128
-128 -128 -128 -128 -128 -128 -128 -128
-128 -128 -128 -128 -128 -128 -128 -128
-128 -128 -128 -128 -128 -128 -128 -104
-104 -128 -128 -128 -128 -128 -128 -128
-128 -128 -128 -128 -128 -128 -128 -128
-128 -128 -127 -125 -123 -121 -119 -117
-114 -112 -110 -64 -63 -104 -101 -99
-97 -95 -93 -91 -88 -86 -84 -82
-80 -78 -75 -73 -71 -69 -67 -65
-63 -60 -58 -56 -54 -52 -50 -24
-22 -43 -41 -39 -37 -34 -32 -30
-28 -26 -24 -21 -19 -17 -15 -13
-11 -9 -6 -4 -2 0 2 4
7 9 11 16 18 17 20 22
24 26 28 30 33 35 37 39
41 43 45 48 50 52 54 56
58 61 63 65 67 69 71 56
59 78 80 82 84 87 89 91
93 95 97 99 102 104 106 108
110 112 115 117 119 121 123 125
127 127 127 95 100 127 127 127
127 127 127 127 127 127 127 127
127 127 127 127 127 127 127 127
127 127 127 118 54 -8 -6 5
7 1 3 5 7 9 12 14
16 18 20 22 24 27 29 31
33 35 37 40 42 44 46 -15
-74 -128 -128 -77 -76 -123 -121 -119
-117 -114 -112 -110 -108 -106 -104 -102
-99 -97 -95 -93 -91 -89 -86 -84
-82 -80 -78 -128 -128 -128 -128 -128
-128 -128 -128 -128 -128 -128 -128 -128
-128 -128 -128 -128 -128 -128 -128 -128
-128 -128 -128 -128 -128 -128 -128 -128
-128 -128 -128 -109 -76 -123 -122 -120
-119 -118 -116 -115 -113 -112 -111 -109
-108 -107 -105 -104 -102 -101 -100 -98
-97 -95 -94 -93 -91 -90 -88 -50
12 7 8 10 12 14 16 18
19 21 23 25 27 28 30 32
34 36 38 39 41 43 45 47
48 50 52 43 32 38 40 43
46 48 51 54 56 59 61 64
67 69 72 75 77 80 83 85
88 91 93 96 99 101 104 78
82 112 114 117 120 122 125 127
127 127 127 127 127 127 127 127
127 127 127 127 127 127 127 127
127 127 127 126 127 127 127 127
127 127 127 127 127 127 127 127
127 127 127 127 64 -11 -9 -6
-4 -1 2 4 7 10 12 17
21 20 23 26 28 31 34 36
39 41 44 47 49 52 55 -19
-92 -128 -128 -128 -128 -128 -128 -128
-128 -128 -128 -83 -82 -128 -128 -126
-123 -121 -118 -116 -113 -110 -108 -105
-102 -100 -97 -128 -128 -128 -128 -128
-128 -128 -128 -128 -128 -128 -128 -128
-128 -128 -128 -128 -128 -128 -128 -128
-128 -128 -128 -128 -128 -128 -128 -128
-128 -128 -128 -128 -128 -128 -128 -128
-128 -128 -128 -125 -125 -128 -128 -128
-128 -128 -128 -128 -128 -128 -128 -128
-128 -128 -128 -128 -128 -128 -128 -128
-128 -128 -128 -128 -128 -128 -128 -76
-75 -121 -118 -116 -113 -111 -108 -105
-103 -100 -97 -95 -92 -89 -87 -84
-81 -79 -76 -73 -71 -68 -66 -63
-60 -58 -55 -27 -25 -47 -44 -42
-39 -36 -34 -31 -29 -26 -23 -21
-18 -15 -13 -10 -7 -5 -2 1
3 6 9 11 14 16 19 22
25 27 30 32 35 38 40 43
46 48 51 54 56 59 61 64
67 69 72 75 77 80 83 85
88 91 93 71 75 101 104 106
109 112 114 117 120 122 125 127
127 127 127 127 127 127 127 127
127 127 127 127 127 127 127 119
125 127 127 127 127 127 127 127
127 127 127 127 127 127 127 127
127 127 127 127 64 -11 -9 -6
-4 -1 2 10 14 10 12 15
18 20 23 26 28 31 34 36
39 41 44 47 49 52 55 -19
-92 -128 -128 -128 -128 -128 -128 -90
-89 -128 -128 -128 -128 -128 -128 -126
-123 -121 -118 -116 -113 -110 -108 -105
-102 -100 -97 -128 -128 -128 -128 -128
-128 -128 -128 -128 -128 -128 -128 -128
-128 -128 -128 -128 -128 -128 -128 -128
-128 -128 -128 -128 -128 -128 -128 -128
-128 -128 -128 -128 -128 -128 -128 -128
-128 -128 -128 -128 -128 -128 -128 -128
-128 -128 -128 -128 -128 -128 -128 -128
-128 -128 -128 -128 -128 -128 -128 -128
-128 -128 -128 -83 -82 -128 -128 -126
-124 -121 -118 -116 -113 -111 -108 -105
-103 -100 -97 -95 -92 -89 -87 -84
-81 -79 -76 -73 -71 -68 -66 -34
-32 -58 -55 -52 -50 -47 -44 -42
-39 -36 -34 -31 -29 -26 -23 -21
-18 -15 -13 -10 -7 -5 -2 1
3 6 9 15 18 16 19 22
24 27 30 32 35 38 40 43
46 48 51 54 56 59 61 64
67 69 72 75 77 80 83 64
68 91 93 96 99 101 104 106
109 112 114 117 120 122 125 127
127 127 127 127 127 127 127 127
127 127 127 112 118 127 127 127
127 127 127 127 127 127 127 127
127 127 127 127 127 127 127 127
127 127 127 127 64 -11 -9 3
6 -1 2 4 7 10 12 15
18 20 23 26 28 31 34 36
39 41 44 47 49 52 55 -19
-92 -128 -128 -97 -96 -128 -128 -128
-128 -128 -128 -128 -128 -128 -128 -126
-123 -121 -118 -116 -113 -110 -108 -105
-102 -100 -97 -128 -128 -128 -128 -128
-128 -128 -128 -128 -128 -128 -128 -128
-128 -128 -128 -128 -128 -128 -128 -128
-128 -128 -128 -128 -128 -128 -128 -128
-128 -128 -128 -128 -98 -128 -128 -128
-128 -128 -128 -128 -128 -128 -128 -128
-128 -128 -128 -128 -128 -128 -127 -126
-124 -122 -121 -119 -117 -115 -114 -66
10 4 7 9 11 13 15 17
19 21 24 26 28 30 32 34
36 39 41 43 45 47 49 51
54 56 58 47 34 41 44 47
50 53 56 59 63 66 69 72
75 78 81 84 88 91 94 97
100 103 106 109 113 116 119 88
93 127 127 127 127 127 127 127
127 127 127 127 127 127 127 127
127 127 127 127 127 127 127 127
127 127 127 127 127 127 127 127
127 127 127 127 127 127 127 127
127 127 127 127 74 -15 -12 -9
-6 -2 1 4 7 10 13 18
22 23 26 29 32 35 38 41
45 48 51 54 57 60 63 -24
-110 -128 -128 -128 -128 -128 -128 -128
-128 -128 -128 -101 -98 -128 -128 -128
-128 -128 -128 -128 -128 -128 -128 -126
-123 -119 -116 -128 -128 -128 -128 -128
-128 -128 -128 -128 -128 -128 -128 -128
-128 -128 -128 -128 -128 -128 -128 -128
-128 -128 -128 -128 -128 -128 -128 -128
-128 -128 -128 -128 -128 -128 -128 -128
-128 -128 -128 -128 -128 -128 -128 -128
-128 -128 -128 -128 -128 -128 -128 -128
-128 -128 -128 -128 -128 -128 -128 -128
-128 -128 -128 -128 -128 -128 -128 -94
-92 -128 -128 -128 -128 -128 -128 -128
-125 -122 -119 -116 -113 -110 -107 -103
-100 -97 -94 -91 -88 -85 -82 -78
-75 -72 -69 -36 -33 -60 -57 -53
-50 -47 -44 -41 -38 -35 -31 -28
-25 -22 -19 -16 -13 -10 -6 -3
0 3 6 9 12 16 19 22
26 28 31 34 37 41 44 47
50 53 56 59 63 66 69 72
75 78 81 84 88 91 94 97
100 103 106 80 85 116 119 122
125 127 127 127 127 127 127 127
127 127 127 127 127 127 127 127
127 127 127 127 127 127 127 127
127 127 127 127 127 127 127 127
127 127 127 127 127 127 127 127
127 127 127 127 74 -15 -12 -9
-6 -2 1 10 14 10 13 16
19 23 26 29 32 35 38 41
45 48 51 54 57 60 63 -24
-110 -128 -128 -128 -128 -128 -128 -109
-107 -128 -128 -128 -128 -128 -128 -128
-128 -128 -128 -128 -128 -128 -128 -126
-123 -119 -116 -128 -128 -128 -128 -128
-128 -128 -128 -128 -128 -128 -128 -128
-128 -128 -128 -128 -128 -128 -128 -128
-128 -128 -128 -128 -128 -128 -128 -128
-128 -128 -128 -128 -128 -128 -128 -128
-128 -128 -128 -128 -128 -128 -128 -128
-128 -128 -128 -128 -128 -128 -128 -128
-128 -128 -128 -128 -128 -128 -128 -128
-128 -128 -128 -102 -100 -128 -128 -128
-128 -128 -128 -128 -128 -128 -128 -128
-125 -122 -119 -116 -113 -110 -107 -103
-100 -97 -94 -91 -88 -85 -82 -44
-41 -72 -69 -66 -63 -60 -57 -53
-50 -47 -44 -41 -38 -35 -31 -28
-25 -22 -19 -16 -13 -10 -6 -3
0 3 6 14 18 16 19 22
25 28 31 34 37 41 44 47
50 53 56 59 63 66 69 72
75 78 81 84 88 91 94 72
77 103 106 109 113 116 119 122
125 127 127 127 127 127 127 127
127 127 127 127 127 127 127 127
127 127 127 127 127 127 127 127
127 127 127 127 127 127 127 127
127 127 127 127 127 127 127 127
127 127 127 127 74 -15 -12 2
6 -2 1 4 7 10 13 16
19 23 26 29 32 35 38 41
45 48 51 54 57 60 63 -24
-110 -128 -128 -117 -115 -128 -128 -128
-128 -128 -128 -128 -128 -128 -128 -128
-128 -128 -128 -128 -128 -128 -128 -126
-123 -119 -116 -128 -128 -128 -128 -128
-128 -128 -128 -128 -128 -128 -128 -128
-128 -128 -128 -128 -128 -128 -128 -128
-128 -128 -128 -128 -128 -128 -128 -128
-128 -128 -128 -128 -120 -128 -128 -128
-128 -128 -128 -128 -128 -128 -128 -128
-128 -128 -128 -128 -128 -128 -128 -128
-128 -128 -128 -128 -128 -128 -128 -83
9 2 5 7 10 12 14 17
19 22 24 27 29 32 34 37
39 42 44 47 49 51 54 56
59 61 64 52 37 44 47 51
54 58 62 65 69 72 76 80
83 87 91 94 98 101 105 109
112 116 120 123 127 127 127 99
105 127 127 127 127 127 127 127
127 127 127 127 127 127 127 127
127 127 127 127 127 127 127 127
127 127 127 127 127 127 127 127
127 127 127 127 127 127 127 127
127 127 127 127 84 -19 -15 -11
-8 -4 0 3 7 10 14 19
24 25 28 32 36 39 43 47
50 54 57 61 65 68 72 -29
-128 -128 -128 -128 -128 -128 -128 -128
-128 -128 -128 -118 -115 -128 -128 -128
-128 -128 -128 -128 -128 -128 -128 -128
-128 -128 -128 -128 -128 -128 -128 -128
-128 -128 -128 -128 -128 -128 -128 -128
-128 -128 -128 -128 -128 -128 -128 -128
-128 -128 -128 -128 -128 -128 -128 -128
-128 -128 -128 -128 -128 -128 -128 -128
-128 -128 -128 -128 -128 -128 -128 -128
-128 -128 -128 -128 -128 -128 -128 -128
-128 -128 -128 -128 -128 -128 -128 -128
-128 -128 -128 -128 -128 -128 -128 -112
-109 -128 -128 -128 -128 -128 -128 -128
-128 -128 -128 -128 -128 -128 -127 -123
-119 -116 -112 -108 -105 -101 -98 -94
-90 -87 -83 -45 -41 -72 -69 -65
-61 -58 -54 -51 -47 -43 -40 -36
-32 -29 -25 -22 -18 -14 -11 -7
-4 0 4 7 11 15 18 22
27 29 33 36 40 44 47 51
54 58 62 65 69 72 76 80
83 87 91 94 98 101 105 109
112 116 120 89 95 127 127 127
127 127 127 127 127 127 127 127
127 127 127 127 127 127 127 127
127 127 127 127 127 127 127 127
127 127 127 127 127 127 127 127
127 127 127 127 127 127 127 127
127 127 127 127 84 -19 -15 -11
-8 -4 0 10 14 10 14 18
21 25 28 32 36 39 43 47
50 54 57 61 65 68 72 -29
-128 -128 -128 -128 -128 -128 -128 -128
-125 -128 -128 -128 -128 -128 -128 -128
-128 -128 -128 -128 -128 -128 -128 -128
-128 -128 -128 -128 -128 -128 -128 -128
-128 -128 -128 -128 -128 -128 -128 -128
-128 -128 -128 -128 -128 -128 -128 -128
-128 -128 -128 -128 -128 -128 -128 -128
-128 -128 -128 -128 -128 -128 -128 -128
-128 -128 -128 -128 -128 -128 -128 -128
-128 -128 -128 -128 -128 -128 -128 -128
-128 -128 -128 -128 -128 -128 -128 -128
-128 -128 -128 -122 -119 -128 -128 -128
-128 -128 -128 -128 -128 -128 -128 -128
-128 -128 -128 -128 -128 -128 -127 -123
-119 -116 -112 -108 -105 -101 -98 -55
-51 -87 -83 -79 -76 -72 -69 -65
-61 -58 -54 -51 -47 -43 -40 -36
-32 -29 -25 -22 -18 -14 -11 -7
-4 0 4 12 17 15 18 22
25 29 33 36 40 44 47 51
54 58 62 65 69 72 76 80
83 87 91 94 98 101 105 79
85 116 120 123 127 127 127 127
127 127 127 127 127 127 127 127
127 127 127 127 127 127 127 127
127 127 127 127 127 127 127 127
127 127 127 127 127 127 127 127
127 127 127 127 127 127 127 127
127 127 127 127 84 -19 -15 0
5 -4 0 3 7 10 14 18
21 25 28 32 36 39 43 47
50 54 57 61 65 68 72 -29
-128 -128 -128 -128 -128 -128 -128 -128
-128 -128 -128 -128 -128 -128 -128 -128
-128 -128 -128 -128 -128 -128 -128 -128
-128 -128 -128 -128 -128 -128 -128 -128
-128 -128 -128 -128 -128 -128 -128 -128
-128 -128 -128 -128 -128 -128 -128 -128
-128 -128 -128 -128 -128 -128 -128 -128
-128 -128 -128 -128 -128 -128 -128 -128
-128 -128 -128 -128 -128 -128 -128 -128
-128 -128 -128 -128 -128 -128 -128 -128
-128 -128 -128 -128 -128 -128 -128 -99
