5.488135219e-01 7.151893377e-01
6.027633548e-01 5.448831916e-01
4.236547947e-01 6.458941102e-01
4.375872016e-01 8.917729855e-01
9.636627436e-01 3.834415078e-01
7.917250395e-01 5.288949013e-01
5.680445433e-01 9.255966544e-01
7.103605568e-02 8.712930232e-02
2.021839656e-02 8.326198459e-01
7.781567574e-01 8.700121641e-01
9.786183238e-01 7.991585732e-01
4.614793658e-01 7.805292010e-01
1.182744280e-01 6.399210095e-01
1.433532834e-01 9.446688890e-01
5.218483210e-01 4.146619439e-01
2.645556033e-01 7.742336988e-01
4.561503232e-01 5.684339404e-01
1.878979988e-02 6.176354885e-01
6.120957136e-01 6.169340014e-01
9.437480569e-01 6.818202734e-01
3.595078886e-01 4.370319545e-01
6.976311803e-01 6.022547185e-02
6.667667031e-01 6.706378460e-01
2.103825659e-01 1.289262921e-01
3.154283464e-01 3.637107611e-01
5.701967478e-01 4.386015236e-01
9.883738160e-01 1.020448133e-01
2.088767588e-01 1.613095105e-01
6.531082988e-01 2.532916069e-01
4.663107693e-01 2.444255948e-01
1.589695811e-01 1.103751436e-01
6.563295722e-01 1.381829530e-01
1.965823621e-01 3.687251806e-01
8.209932446e-01 9.710127860e-02
8.379449248e-01 9.609840810e-02
9.764594436e-01 4.686512053e-01
9.767611027e-01 6.048455238e-01
7.392635942e-01 3.918779269e-02
2.828069627e-01 1.201965585e-01
2.961401939e-01 1.187277213e-01
3.179831803e-01 4.142629802e-01
6.414749473e-02 6.924721003e-01
5.666014552e-01 2.653895020e-01
5.232480764e-01 9.394051135e-02
5.759465098e-01 9.292961955e-01
3.185689449e-01 6.674103737e-01
1.317978650e-01 7.163271904e-01
2.894060910e-01 1.831913590e-01
5.865129232e-01 2.010754682e-02
8.289400339e-01 4.695476033e-03
6.778165102e-01 2.700079679e-01
7.351940274e-01 9.621885419e-01
2.487531453e-01 5.761573315e-01
5.920419097e-01 5.722519159e-01
2.230816334e-01 9.527490139e-01
4.471253753e-01 8.464086652e-01
6.994792819e-01 2.974369526e-01
8.137978315e-01 3.965057433e-01
8.811032176e-01 5.812729001e-01
8.817353845e-01 6.925315857e-01
7.252542973e-01 5.013243556e-01
9.560836554e-01 6.439902186e-01
4.238550365e-01 6.063932180e-01
1.919319853e-02 3.015748262e-01
6.601735353e-01 2.900775969e-01
6.180154085e-01 4.287686944e-01
1.354740709e-01 2.982823253e-01
5.699648857e-01 5.908727646e-01
5.743252635e-01 6.532008052e-01
6.521032453e-01 4.314184487e-01
8.965466022e-01 3.675618768e-01
4.358649254e-01 8.919233680e-01
8.061940074e-01 7.038885951e-01
1.002268866e-01 9.194825888e-01
7.142413259e-01 9.988470078e-01
1.494483054e-01 8.681260347e-01
1.624929309e-01 6.155595779e-01
1.238199845e-01 8.480082154e-01
8.073189855e-01 5.691007376e-01
4.071832895e-01 6.916699558e-02
6.974287629e-01 4.535426795e-01
7.220556140e-01 8.663823009e-01
9.755215049e-01 8.558033705e-01
1.171408407e-02 3.599780500e-01
7.299905419e-01 1.716296822e-01
5.210366249e-01 5.433798954e-02
1.999965310e-01 1.852179505e-02
7.936977148e-01 2.239246815e-01
3.453516662e-01 9.280812740e-01
7.044144273e-01 3.183893114e-02
1.646941602e-01 6.214783788e-01
5.772286057e-01 2.378928214e-01
9.342139959e-01 6.139659286e-01
5.356327891e-01 5.899099708e-01
7.301220298e-01 3.119449914e-01
3.982210755e-01 2.098437548e-01
1.861930043e-01 9.443724155e-01
7.395507693e-01 4.904588163e-01
2.274146229e-01 2.543564737e-01
5.802915990e-02 4.344166219e-01
3.117958903e-01 6.963434815e-01
3.777518272e-01 1.796036810e-01
2.467872761e-02 6.724963337e-02
6.793927550e-01 4.536968470e-01
5.365791917e-01 8.966712952e-01
9.903389215e-01 2.168969810e-01
6.630781889e-01 2.633223832e-01
2.065099962e-02 7.583786249e-01
3.200171590e-01 3.834638894e-01
5.883170962e-01 8.310484290e-01
6.289818287e-01 8.726506829e-01
2.735420465e-01 7.980468273e-01
1.856359392e-01 9.527916312e-01
6.874882579e-01 2.155076712e-01
9.473705888e-01 7.308558226e-01
2.539416552e-01 2.133119702e-01
5.182006955e-01 2.566271834e-02
2.074700743e-01 4.246854782e-01
3.741699755e-01 4.635754228e-01
2.776287198e-01 5.867843628e-01
8.638556004e-01 1.175318584e-01
5.173791051e-01 1.320681125e-01
7.168596983e-01 3.960596919e-01
5.654212832e-01 1.832798421e-01
1.448477656e-01 4.880562723e-01
3.556127250e-01 9.404319525e-01
7.653252482e-01 7.486636043e-01
9.037197232e-01 8.342243731e-02
5.521924496e-01 5.844760537e-01
9.619363546e-01 2.921475172e-01
2.408287823e-01 1.002939418e-01
1.642962918e-02 9.295293093e-01
6.699165702e-01 7.851529121e-01
2.817301154e-01 5.864101648e-01
6.395526975e-02 4.856275916e-01
9.774951339e-01 8.765052557e-01
3.381589651e-01 9.615701437e-01
2.317016274e-01 9.493188262e-01
9.413776994e-01 7.992025614e-01
6.304479241e-01 8.742879629e-01
2.930202782e-01 8.489435315e-01
6.178767085e-01 1.323685795e-02
3.472335041e-01 1.481408626e-01
9.818294048e-01 4.783703089e-01
4.973913729e-01 6.394725442e-01
3.685846031e-01 1.369002759e-01
8.221177459e-01 1.898479164e-01
5.113189816e-01 2.243170291e-01
9.784448147e-02 8.621914983e-01
9.729194641e-01 9.608346820e-01
9.065554738e-01 7.740473151e-01
3.331451416e-01 8.110138774e-02
4.072411656e-01 2.322341353e-01
1.324876398e-01 5.342718214e-02
7.255943418e-01 1.142745838e-02
7.705807686e-01 1.469466388e-01
7.952208072e-02 8.960303664e-02
6.720477939e-01 2.453672141e-01
4.205394685e-01 5.573688149e-01
8.605511785e-01 7.270442843e-01
2.703278959e-01 1.314827949e-01
5.537432060e-02 3.015986383e-01
2.621181607e-01 4.561405778e-01
6.832813621e-01 6.956254244e-01
2.835188508e-01 3.799269497e-01
1.811509579e-01 7.885454893e-01
5.684807524e-02 6.969972253e-01
7.786954045e-01 7.774075866e-01
2.594225705e-01 3.738131523e-01
5.875996351e-01 2.728219032e-01
3.708527982e-01 1.970542818e-01
4.598558843e-01 4.461229965e-02
7.997958660e-01 7.695644349e-02
5.188351274e-01 3.068101108e-01
5.775429606e-01 9.594333172e-01
6.455702186e-01 3.536243737e-02
4.304024279e-01 5.100168586e-01
5.361775160e-01 6.813924909e-01
2.775960863e-01 1.288605630e-01
3.926756680e-01 9.564056993e-01
1.871308982e-01 9.039839506e-01
5.438059568e-01 4.569114149e-01
8.820413947e-01 4.586039484e-01
7.241676450e-01 3.990253210e-01
9.040443897e-01 6.900250316e-01
6.996220350e-01 3.277204037e-01
7.567786574e-01 6.360610723e-01
2.400202751e-01 1.605388224e-01
7.963914871e-01 9.591665864e-01
4.581388235e-01 5.909841657e-01
8.577226400e-01 4.572234452e-01
9.518744946e-01 5.757511854e-01
8.207671046e-01 9.088436961e-01
8.155238032e-01 1.594144702e-01
6.288984418e-01 3.984342515e-01
6.271295249e-02 4.240322411e-01
2.586840689e-01 8.490383029e-01
3.330462798e-02 9.589827061e-01
3.553688526e-01 3.567068875e-01
1.632850245e-02 1.852323264e-01
4.012595117e-01 9.292914271e-01
9.961493313e-02 9.453015327e-01
8.694885373e-01 4.541623890e-01
3.267008960e-01 2.327441275e-01
6.144647002e-01 3.307459131e-02
1.560606435e-02 4.287957251e-01
6.807407737e-02 2.519409955e-01
2.211609185e-01 2.531912029e-01
1.310552359e-01 1.203622296e-02
1.154842973e-01 6.184802651e-01
9.742562175e-01 9.903450012e-01
4.090541005e-01 1.629544199e-01
6.387617588e-01 4.903053343e-01
9.894098043e-01 6.530420482e-02
7.832344174e-01 2.883985043e-01
2.414186150e-01 6.625045538e-01
2.460631877e-01 6.658591032e-01
5.173085332e-01 4.240889847e-01
5.546877980e-01 2.870515287e-01
7.065746784e-01 4.148568809e-01
3.605455458e-01 8.286569118e-01
9.249669313e-01 4.600730911e-02
2.326269895e-01 3.485193551e-01
8.149664998e-01 9.854914546e-01
9.689717293e-01 9.049483538e-01
2.965562642e-01 9.920112491e-01
2.494200468e-01 1.059061512e-01
9.509525895e-01 2.334202528e-01
6.897682548e-01 5.835635960e-02
7.307090759e-01 8.817201853e-01
2.724368870e-01 3.790569007e-01
3.742961884e-01 7.487882376e-01
2.378072441e-01 1.718530953e-01
4.492916465e-01 3.044683933e-01
8.391891122e-01 2.377418280e-01
5.023894310e-01 9.425836205e-01
6.339976788e-01 8.672894239e-01
9.402096868e-01 7.507648468e-01
6.995750666e-01 9.679655433e-01
9.944007993e-01 4.518216848e-01
7.086978108e-02 2.927940190e-01
1.523547024e-01 4.174863696e-01
1.312893331e-01 6.041178107e-01
3.828080595e-01 8.953858614e-01
9.677946568e-01 5.468848944e-01
2.748235762e-01 5.922304392e-01
8.967611790e-01 4.067333341e-01
5.520782471e-01 2.716527581e-01
4.554441571e-01 4.017135501e-01
2.484134585e-01 5.058664083e-01
3.103808165e-01 3.730348647e-01
5.249704719e-01 7.505950332e-01
3.335074782e-01 9.241587520e-01
8.623185754e-01 4.869029671e-02
2.536425292e-01 4.461355209e-01
1.046278924e-01 3.484759927e-01
7.400975227e-01 6.805144548e-01
6.223844290e-01 7.105283737e-01
2.049236894e-01 3.416981101e-01
6.762424707e-01 8.792347908e-01
5.436780453e-01 2.826996446e-01
3.023525886e-02 7.103368044e-01
7.884103805e-03 3.726790845e-01
5.305371881e-01 9.221114516e-01
8.949454874e-02 4.059423208e-01
2.431320027e-02 3.426109850e-01
6.222310662e-01 2.790679336e-01
2.097499520e-01 1.157032326e-01
5.771402717e-01 6.952700019e-01
6.719571352e-01 9.488610029e-01
2.703213831e-03 6.471966505e-01
6.003922224e-01 5.887396336e-01
9.627703428e-01 1.687167399e-02
6.964824200e-01 8.136786222e-01
5.098071694e-01 3.339648843e-01
7.908401489e-01 9.724292904e-02
4.420356452e-01 5.199523568e-01
6.939564347e-01 9.088572860e-02
2.277594954e-01 4.103015661e-01
6.232946515e-01 8.869608045e-01
6.188261509e-01 1.334614754e-01
9.805801511e-01 8.717857599e-01
5.027207732e-01 9.223479629e-01
5.413808227e-01 9.233060479e-01
8.298973441e-01 9.682863951e-01
9.197828174e-01 3.603381664e-02
1.747720093e-01 3.891346753e-01
9.521427155e-01 3.000289202e-01
1.604676396e-01 8.863046765e-01
4.463944137e-01 9.078755975e-01
1.602304727e-01 6.611174941e-01
4.402637482e-01 7.648676634e-02
6.964631677e-01 2.473987490e-01
3.961552307e-02 5.994429812e-02
6.107853726e-02 9.077329636e-01
7.398838997e-01 8.980623484e-01
6.725823283e-01 5.289399028e-01
3.044463694e-01 9.979622364e-01
3.621890545e-01 4.706489444e-01
3.782451749e-01 9.795269370e-01
1.746583879e-01 3.279879987e-01
6.803486943e-01 6.320761889e-02
6.072493792e-01 4.776464999e-01
2.839999795e-01 2.384132743e-01
5.145127177e-01 3.679275811e-01
4.565199018e-01 3.374773860e-01
9.704936743e-01 1.334394366e-01
9.680395573e-02 3.433917165e-01
5.910269022e-01 6.591764688e-01
3.972567618e-01 9.992780089e-01
3.518930078e-01 7.214066386e-01
6.375827193e-01 8.130538464e-01
9.762256742e-01 8.897936344e-01
7.645619512e-01 6.982485056e-01
3.354981840e-01 1.476855725e-01
6.263600290e-02 2.419017106e-01
4.322814941e-01 5.219962597e-01
7.730835676e-01 9.587409496e-01
1.173204780e-01 1.070041433e-01
5.896947384e-01 7.453980446e-01
8.481503725e-01 9.358320832e-01
9.834262133e-01 3.998017013e-01
3.803351820e-01 1.478086710e-01
6.849344373e-01 6.567619443e-01
8.620625734e-01 9.725799412e-02
4.977768958e-01 5.810819268e-01
2.415570468e-01 1.690254062e-01
8.595808148e-01 5.853492394e-02
4.706209004e-01 1.158339977e-01
4.570587575e-01 9.799623489e-01
4.237063527e-01 8.571249247e-01
1.173155606e-01 2.712520659e-01
4.037927389e-01 3.998121321e-01
6.713835001e-01 3.447181284e-01
7.137668729e-01 6.391869187e-01
3.991611600e-01 4.317601323e-01
6.145277023e-01 7.004219294e-02
8.224067092e-01 6.534211636e-01
7.263424397e-01 5.369229913e-01
1.104771122e-01 4.050356150e-01
4.053735733e-01 3.210429847e-01
2.995032445e-02 7.372542620e-01
1.097844616e-01 6.063081622e-01
7.032175064e-01 6.347863078e-01
9.591422677e-01 1.032981575e-01
8.671671748e-01 2.919023484e-02
5.349168777e-01 4.042436182e-01
5.241838694e-01 3.650998771e-01
1.905669123e-01 1.912289672e-02
5.181497931e-01 8.427768350e-01
3.732159436e-01 2.228638232e-01
8.053200692e-02 8.531092107e-02
2.213964462e-01 1.000140607e-01
2.650397122e-01 6.614946574e-02
6.560486555e-02 8.562761545e-01
1.621202677e-01 5.596824288e-01
7.734555602e-01 4.564095736e-01
1.533688754e-01 1.995961368e-01
4.329842031e-01 5.282340646e-01
3.494403064e-01 7.814795971e-01
7.510216236e-01 9.272118211e-01
2.895254828e-02 8.956912756e-01
3.925687969e-01 8.783724904e-01
6.907847524e-01 9.873487353e-01
7.592824697e-01 3.645446301e-01
5.010631680e-01 3.763891459e-01
3.649118245e-01 2.609044909e-01
4.959703088e-01 6.817399263e-01
2.773402631e-01 5.243797898e-01
1.173802912e-01 1.598452926e-01
4.680635408e-02 9.707314372e-01
3.860351397e-03 1.785799712e-01
6.128667593e-01 8.136960119e-02
8.818964958e-01 7.196201682e-01
9.663899541e-01 5.076355338e-01
3.004036844e-01 5.495005846e-01
9.308187366e-01 5.207614303e-01
2.672070265e-01 8.773987889e-01
3.719187379e-01 1.383349998e-03
2.476850152e-01 3.182335198e-01
8.587774634e-01 4.585031569e-01
4.445872903e-01 3.361022770e-01
8.806781173e-01 9.450267553e-01
9.918903112e-01 3.767412603e-01
9.661474228e-01 7.918795943e-01
6.756891608e-01 2.448894829e-01
2.164572626e-01 1.660478264e-01
9.227566123e-01 2.940766513e-01
4.530942440e-01 4.939578474e-01
7.781715989e-01 8.442349434e-01
1.390727013e-01 4.269043505e-01
8.428549170e-01 8.180332780e-01
