12 54 26 11 -20 37 -16 99
118 -30 74 7 17 108 -110 -106
-123 84 70 94 122 76 -10 71
-98 35 -91 113 -128 -128 -128 -128
5 -22 -61 69 -12 17 -123 29
28 29 113 46 -36 -17 50 -113
42 43 -74 -95 -48 -35 17 -16
124 -102 -75 -87 -128 -128 -128 -128
39 -63 -9 -66 -87 -100 39 -93
-78 -34 81 -103 86 -103 121 -8
121 26 61 -118 -56 -97 -52 -98
-47 -22 -112 49 -128 -128 -128 -128
16 -60 5 -104 19 109 -47 42
-94 55 -54 -81 22 -123 83 -127
45 -59 59 117 -65 19 23 18
-71 115 -14 88 -128 -128 -128 -128
50 -52 80 -27 97 20 97 49
57 0 116 36 -20 27 -123 -51
40 -54 30 -19 -93 -52 17 23
18 39 38 -18 -128 -128 -128 -128
101 -34 -17 99 78 51 -102 106
54 127 -90 93 -87 29 -96 88
78 17 -24 -110 50 -12 56 93
121 90 -125 -36 -128 -128 -128 -128
58 -84 5 -114 -77 -123 74 -71
-40 109 52 -120 -86 30 19 -67
110 29 9 22 58 -48 -26 -74
-81 113 61 -3 -128 -128 -128 -128
-70 -63 -113 -17 -48 50 -32 -82
-122 -111 45 -12 9 101 125 -73
41 -61 -123 65 -46 -30 22 84
32 95 -58 76 -128 -128 -128 -128
-81 115 47 -73 114 58 -63 -74
4 -121 -75 -20 -33 -10 -57 22
92 -98 4 -94 55 -27 16 -81
-91 -4 -37 112 -128 -128 -128 -128
67 63 102 -107 13 21 117 -54
-67 -102 -124 109 43 72 -56 22
-112 -4 121 96 -42 117 -69 114
112 76 33 95 -128 -128 -128 -128
-53 88 30 -125 -39 -90 122 -6
-1 35 -34 -93 82 -80 2 -71
-103 92 120 117 103 69 -43 -107
-24 -69 -94 -114 -128 -128 -128 -128
57 -125 68 -91 -108 -105 43 -65
-21 14 91 57 -59 -94 -114 -51
-61 -12 46 49 -56 -31 -82 73
-114 50 71 70 -128 -128 -128 -128
-62 -33 22 -58 -33 -78 -11 -117
76 -108 4 -50 19 117 37 -119
-18 2 9 46 -57 -95 -28 116
-80 103 11 -11 -128 -128 -128 -128
97 -11 57 -26 103 48 50 -44
65 34 -67 -87 75 117 -11 23
91 -11 115 19 81 104 80 -87
32 -26 -112 -20 -128 -128 -128 -128
-62 89 -120 117 -37 -37 -124 -81
-26 109 -103 113 94 -12 -45 -69
29 -120 -124 -19 -111 -64 -72 -63
-95 -125 -99 30 -128 -128 -128 -128
120 125 -24 -86 35 -3 124 -111
72 -54 -66 41 -65 42 4 -20
13 -55 52 -22 -36 83 108 -116
-69 -39 80 123 -128 -128 -128 -128
119 103 -52 125 -64 -101 114 -68
48 -113 58 97 -59 -31 -33 63
-67 -84 -13 -50 86 -67 0 112
34 93 112 63 -128 -128 -128 -128
50 119 126 -13 -110 -53 -89 -22
-95 26 -30 100 119 11 -58 23
101 -24 13 -59 -12 -26 -65 1
-49 -33 6 63 -128 -128 -128 -128
-43 108 92 -116 -63 -14 -101 -39
61 46 31 53 -76 -41 44 96
11 -56 -120 53 -126 -33 7 107
-105 -24 -122 -41 -128 -128 -128 -128
31 -57 -75 -98 19 49 43 114
-127 37 25 22 118 -124 50 79
2 -43 74 -103 -15 5 49 -105
-70 -23 31 98 -128 -128 -128 -128
30 -94 122 94 0 107 10 107
84 119 107 -119 -83 -29 115 -51
-87 98 -14 104 -87 41 -16 -108
50 -65 -118 -113 -128 -128 -128 -128
-112 103 61 101 44 7 -50 126
-36 -8 -32 122 -83 -44 45 -112
27 -6 -56 -67 3 -34 -12 -42
119 -94 -103 -40 -128 -128 -128 -128
23 40 -27 127 -38 56 35 79
121 99 67 50 -42 -90 -112 -66
-18 5 69 116 -98 -101 22 62
88 111 123 -26 -128 -128 -128 -128
-31 -90 47 39 92 -103 -1 20
-66 -85 91 -113 -8 -98 -11 122
-20 91 -98 -59 -25 -26 43 -40
54 35 -26 -18 -128 -128 -128 -128
29 -110 82 39 57 9 -100 -25
-25 -46 -120 60 -100 27 51 34
117 -102 93 -121 8 -25 6 -35
-79 -123 4 87 -128 -128 -128 -128
-33 -71 -107 -106 -72 -102 -60 -111
-111 90 -87 15 69 -12 -89 -77
-18 7 -39 71 64 108 -121 100
-28 96 48 124 -128 -128 -128 -128
66 -35 0 -32 -35 -61 -2 46
-57 6 -98 -87 -116 120 -127 -82
28 -107 97 56 118 1 -51 12
109 5 -60 96 -128 -128 -128 -128
-33 -128 -65 -47 91 -11 -15 -42
97 113 125 -32 118 74 44 -66
-73 -86 107 -53 -12 -2 70 87
-93 -19 87 81 -128 -128 -128 -128
