5.488135219e-01 7.151893377e-01
6.027633548e-01 5.448831916e-01
4.236547947e-01 6.458941102e-01
4.375872016e-01 8.917729855e-01
9.636627436e-01 3.834415078e-01
0.000000000e+00 0.000000000e+00
7.917250395e-01 5.288949013e-01
5.680445433e-01 9.255966544e-01
7.103605568e-02 8.712930232e-02
2.021839656e-02 8.326198459e-01
7.781567574e-01 8.700121641e-01
0.000000000e+00 0.000000000e+00
9.786183238e-01 7.991585732e-01
4.614793658e-01 7.805292010e-01
1.182744280e-01 6.399210095e-01
1.433532834e-01 9.446688890e-01
5.218483210e-01 4.146619439e-01
0.000000000e+00 0.000000000e+00
2.645556033e-01 7.742336988e-01
4.561503232e-01 5.684339404e-01
1.878979988e-02 6.176354885e-01
6.120957136e-01 6.169340014e-01
9.437480569e-01 6.818202734e-01
0.000000000e+00 0.000000000e+00
3.595078886e-01 4.370319545e-01
6.976311803e-01 6.022547185e-02
6.667667031e-01 6.706378460e-01
2.103825659e-01 1.289262921e-01
3.154283464e-01 3.637107611e-01
0.000000000e+00 0.000000000e+00
5.701967478e-01 4.386015236e-01
9.883738160e-01 1.020448133e-01
2.088767588e-01 1.613095105e-01
6.531082988e-01 2.532916069e-01
4.663107693e-01 2.444255948e-01
0.000000000e+00 0.000000000e+00
1.589695811e-01 1.103751436e-01
6.563295722e-01 1.381829530e-01
1.965823621e-01 3.687251806e-01
8.209932446e-01 9.710127860e-02
8.379449248e-01 9.609840810e-02
0.000000000e+00 0.000000000e+00
9.764594436e-01 4.686512053e-01
9.767611027e-01 6.048455238e-01
7.392635942e-01 3.918779269e-02
2.828069627e-01 1.201965585e-01
2.961401939e-01 1.187277213e-01
0.000000000e+00 0.000000000e+00
3.179831803e-01 4.142629802e-01
6.414749473e-02 6.924721003e-01
5.666014552e-01 2.653895020e-01
5.232480764e-01 9.394051135e-02
5.759465098e-01 9.292961955e-01
0.000000000e+00 0.000000000e+00
3.185689449e-01 6.674103737e-01
1.317978650e-01 7.163271904e-01
2.894060910e-01 1.831913590e-01
5.865129232e-01 2.010754682e-02
8.289400339e-01 4.695476033e-03
0.000000000e+00 0.000000000e+00
