9.189149737e-02 1.085253954e-01
9.698518366e-02 9.153103083e-02
8.108108491e-02 1.012597531e-01
8.221864700e-02 1.294853687e-01
1.391368061e-01 7.788524032e-02
1.210004836e-01 9.303393960e-02
9.674842656e-02 1.383333206e-01
5.885669589e-02 5.981154740e-02
5.594045669e-02 1.260513514e-01
1.193698049e-01 1.308539361e-01
1.430488974e-01 1.195490584e-01
8.528917283e-02 1.173425466e-01
6.051205844e-02 1.019506827e-01
6.204882264e-02 1.382739991e-01
9.059658647e-02 8.138818294e-02
7.264958322e-02 1.209437549e-01
8.799169213e-02 9.844774008e-02
5.681962892e-02 1.034126580e-01
1.028413624e-01 1.033401415e-01
1.432856172e-01 1.102678254e-01
9.464719892e-02 1.022765338e-01
1.327250302e-01 7.016669959e-02
1.286911219e-01 1.291902810e-01
8.153488487e-02 7.515665889e-02
9.056580067e-02 9.504582733e-02
1.133615524e-01 9.938360006e-02
1.722176969e-01 7.098228484e-02
7.898534834e-02 7.531618327e-02
1.231611520e-01 8.257254213e-02
1.021759510e-01 8.184368163e-02
7.912823558e-02 7.537496835e-02
1.301164329e-01 7.750039548e-02
8.216114342e-02 9.759490937e-02
1.534068286e-01 7.438106090e-02
1.560294926e-01 7.430651039e-02
1.580443233e-01 9.511315823e-02
1.580920070e-01 1.089905947e-01
1.246711761e-01 6.190517545e-02
7.898224890e-02 6.712877005e-02
8.004238456e-02 6.703024358e-02
8.527749777e-02 9.389623255e-02
6.615991890e-02 1.240146235e-01
1.093472764e-01 8.090833575e-02
1.047079936e-01 6.816068292e-02
1.103739291e-01 1.571535766e-01
9.069520980e-02 1.285536140e-01
7.524380088e-02 1.349983960e-01
8.808847517e-02 7.921193540e-02
1.185634807e-01 6.729212403e-02
1.510899961e-01 6.626296043e-02
