3.894325197e-01 3.072668910e-01
6.508534402e-02 2.287513390e-02
4.776528776e-01 9.053345323e-01
3.036383986e-01 1.850085519e-02
4.894565940e-01 5.612386465e-01
2.562133074e-01 1.440105438e-01
5.418269038e-01 8.159737587e-01
1.288411915e-01 4.127548933e-01
7.112303376e-01 2.244150490e-01
5.338051915e-01 6.256398559e-01
8.517436385e-01 4.903835654e-01
5.167390704e-01 4.577280581e-01
1.437822729e-01 8.676295280e-01
5.136936903e-01 3.451927900e-01
1.652066857e-01 6.418242455e-01
3.518438339e-01 2.589460909e-01
8.688404411e-02 9.099705815e-01
7.779668570e-01 9.633514881e-01
5.227380395e-01 8.420683146e-01
5.011926889e-01 6.929841638e-02
4.880618155e-01 2.552953660e-01
6.657862067e-01 2.527596653e-01
7.693734169e-01 7.116219997e-01
4.342828691e-02 7.869853377e-01
8.308467865e-01 6.341581047e-02
9.404218793e-01 3.622982800e-01
1.446740925e-01 2.977586687e-01
2.448872924e-01 5.458202958e-01
6.543519497e-01 1.190737262e-01
2.515255287e-02 3.210198283e-01
2.564815879e-01 4.545063376e-01
4.185500443e-01 8.696238995e-01
1.701299697e-01 3.536237776e-01
6.845477223e-01 4.021856189e-01
6.888439655e-01 8.620655537e-01
2.171165869e-02 4.571175873e-01
8.719418049e-01 8.323881626e-01
6.254630685e-01 3.038932085e-01
3.715824783e-01 2.562055886e-01
8.268249631e-01 9.358785748e-01
3.585769236e-01 8.954744935e-01
7.618410587e-01 9.460924864e-01
8.926080912e-02 8.569111228e-01
7.753093243e-01 1.147139370e-01
4.108320773e-01 1.215401590e-01
9.494245648e-01 5.858027339e-01
2.309764028e-01 4.063298926e-02
5.082370043e-01 4.306476191e-02
7.696918249e-01 1.517989635e-01
4.630334377e-01 5.573891401e-01
8.111367822e-01 6.141539812e-01
3.483684659e-01 6.674663424e-01
1.061512455e-01 7.086124420e-01
4.925414026e-01 8.725261688e-01
3.302505910e-01 5.276697874e-01
6.252710819e-01 1.089821309e-01
3.280887380e-02 5.235719681e-01
2.367905080e-01 3.069137931e-01
4.502147138e-01 8.747573197e-02
3.946602345e-02 8.021966219e-01
7.488461137e-01 2.509095371e-01
6.687293649e-01 4.262855649e-01
3.517104685e-01 6.477275491e-02
3.474321663e-01 9.277649522e-01
6.633059978e-01 5.115501881e-01
8.379607797e-01 2.621853650e-01
5.464614630e-01 2.242397517e-01
1.535647810e-01 6.700299978e-01
2.195053846e-01 8.889240623e-01
7.136830091e-01 6.354865432e-01
8.837626576e-01 2.508883178e-02
4.102245439e-03 1.564474106e-01
1.859160662e-01 5.222449303e-01
1.032411829e-01 3.929954767e-01
8.351620436e-01 6.764829159e-01
2.683473527e-01 8.776226640e-01
8.372029662e-01 5.111365318e-01
4.749131575e-02 2.331368439e-02
1.240505129e-01 4.791131020e-01
4.243394732e-01 3.431697488e-01
4.743538797e-01 8.045439422e-02
2.169978470e-01 7.809948921e-02
1.352235377e-01 7.820477486e-01
9.197767973e-01 8.407102823e-01
9.132730365e-01 5.071291924e-01
1.146601811e-01 1.865689903e-01
6.206945181e-01 2.860879712e-02
1.856835335e-01 9.598151594e-02
5.313956738e-01 8.388368487e-01
6.114159822e-01 9.235200286e-01
7.113015652e-01 2.379099876e-01
3.691959977e-01 6.163881421e-01
5.943942666e-01 7.369490266e-01
2.584262937e-02 6.407319754e-02
8.100780845e-01 5.082290173e-01
8.863372207e-01 5.083155259e-02
5.703514218e-01 3.707109392e-01
9.709708095e-01 2.446701527e-01
2.883229852e-01 1.120238155e-01
1.737792045e-01 2.860484421e-01
1.994970441e-01 6.671469212e-01
2.109710574e-01 2.363855094e-01
9.378906488e-01 6.484862566e-01
3.297406733e-01 2.447936684e-01
7.301586270e-01 5.429227948e-01
3.239040673e-01 4.093562961e-01
8.064942807e-02 9.913902879e-01
5.180611610e-01 6.212059259e-01
2.103235126e-01 7.213776708e-01
3.657720983e-01 3.019829988e-01
