5.488135219e-01 7.151893377e-01
6.027633548e-01 5.448831916e-01
4.236547947e-01 6.458941102e-01
4.375872016e-01 8.917729855e-01
9.636627436e-01 3.834415078e-01
7.917250395e-01 5.288949013e-01
5.680445433e-01 9.255966544e-01
7.103605568e-02 8.712930232e-02
2.021839656e-02 8.326198459e-01
7.781567574e-01 8.700121641e-01
9.786183238e-01 7.991585732e-01
1.965823621e-01 3.687251806e-01
8.209932446e-01 9.710127860e-02
8.379449248e-01 9.609840810e-02
9.764594436e-01 4.686512053e-01
9.767611027e-01 6.048455238e-01
7.392635942e-01 3.918779269e-02
2.828069627e-01 1.201965585e-01
2.961401939e-01 1.187277213e-01
3.179831803e-01 4.142629802e-01
6.414749473e-02 6.924721003e-01
5.666014552e-01 2.653895020e-01
6.601735353e-01 2.900775969e-01
6.180154085e-01 4.287686944e-01
1.354740709e-01 2.982823253e-01
5.699648857e-01 5.908727646e-01
5.743252635e-01 6.532008052e-01
6.521032453e-01 4.314184487e-01
8.965466022e-01 3.675618768e-01
4.358649254e-01 8.919233680e-01
8.061940074e-01 7.038885951e-01
1.002268866e-01 9.194825888e-01
7.142413259e-01 9.988470078e-01
1.861930043e-01 9.443724155e-01
7.395507693e-01 4.904588163e-01
2.274146229e-01 2.543564737e-01
5.802915990e-02 4.344166219e-01
3.117958903e-01 6.963434815e-01
3.777518272e-01 1.796036810e-01
2.467872761e-02 6.724963337e-02
6.793927550e-01 4.536968470e-01
5.365791917e-01 8.966712952e-01
9.903389215e-01 2.168969810e-01
6.630781889e-01 2.633223832e-01
5.521924496e-01 5.844760537e-01
9.619363546e-01 2.921475172e-01
2.408287823e-01 1.002939418e-01
1.642962918e-02 9.295293093e-01
6.699165702e-01 7.851529121e-01
2.817301154e-01 5.864101648e-01
6.395526975e-02 4.856275916e-01
9.774951339e-01 8.765052557e-01
3.381589651e-01 9.615701437e-01
2.317016274e-01 9.493188262e-01
9.413776994e-01 7.992025614e-01
2.703278959e-01 1.314827949e-01
5.537432060e-02 3.015986383e-01
2.621181607e-01 4.561405778e-01
6.832813621e-01 6.956254244e-01
2.835188508e-01 3.799269497e-01
1.811509579e-01 7.885454893e-01
5.684807524e-02 6.969972253e-01
7.786954045e-01 7.774075866e-01
2.594225705e-01 3.738131523e-01
5.875996351e-01 2.728219032e-01
3.708527982e-01 1.970542818e-01
8.207671046e-01 9.088436961e-01
8.155238032e-01 1.594144702e-01
6.288984418e-01 3.984342515e-01
6.271295249e-02 4.240322411e-01
2.586840689e-01 8.490383029e-01
3.330462798e-02 9.589827061e-01
3.553688526e-01 3.567068875e-01
1.632850245e-02 1.852323264e-01
4.012595117e-01 9.292914271e-01
9.961493313e-02 9.453015327e-01
8.694885373e-01 4.541623890e-01
9.689717293e-01 9.049483538e-01
2.965562642e-01 9.920112491e-01
2.494200468e-01 1.059061512e-01
9.509525895e-01 2.334202528e-01
6.897682548e-01 5.835635960e-02
7.307090759e-01 8.817201853e-01
2.724368870e-01 3.790569007e-01
3.742961884e-01 7.487882376e-01
2.378072441e-01 1.718530953e-01
4.492916465e-01 3.044683933e-01
8.391891122e-01 2.377418280e-01
7.400975227e-01 6.805144548e-01
6.223844290e-01 7.105283737e-01
2.049236894e-01 3.416981101e-01
6.762424707e-01 8.792347908e-01
5.436780453e-01 2.826996446e-01
3.023525886e-02 7.103368044e-01
7.884103805e-03 3.726790845e-01
5.305371881e-01 9.221114516e-01
8.949454874e-02 4.059423208e-01
2.431320027e-02 3.426109850e-01
6.222310662e-01 2.790679336e-01
1.604676396e-01 8.863046765e-01
4.463944137e-01 9.078755975e-01
1.602304727e-01 6.611174941e-01
4.402637482e-01 7.648676634e-02
6.964631677e-01 2.473987490e-01
3.961552307e-02 5.994429812e-02
6.107853726e-02 9.077329636e-01
7.398838997e-01 8.980623484e-01
6.725823283e-01 5.289399028e-01
3.044463694e-01 9.979622364e-01
3.621890545e-01 4.706489444e-01
