52 -25 -10 -121 51 -26 121 51
29 55 -15 11 67 77 -6 -73
-40 123 124 120 -60 -11 -13 86
57 -35 -26 11 78 -46 89 108
-125 37 7 -99 -50 -117 73 -117
-112 -68 -5 -25 63 59 1 18
53 -100 64 -43 88 -55 8 82
11 92 -11 51 -47 55 -113 3
-18 82 4 -100 65 -79 49 -41
-71 80 -87 90 112 66 47 -111
-108 38 -64 6 108 22 -49 -54
34 40 38 118 21 -94 -11 32
42 -1 -84 -29 -87 121 -25 27
123 -80 -1 10 -60 -111 -125 -27
-34 87 -99 -26 -5 30 75 66
93 -68 7 51 116 -55 87 64
97 48 113 -116 70 -4 115 36
-29 -26 -92 -98 -14 19 38 44
-93 -114 -99 51 -68 120 -47 -61
-99 27 3 -95 117 51 -10 27
100 -72 -107 39 106 -54 -99 113
29 61 -70 -104 -14 -112 64 -28
98 -5 -115 -127 123 -126 -62 19
116 122 76 30 -89 85 -51 49
-34 -44 -105 15 44 -45 -9 -73
-30 27 -83 98 -47 87 27 -51
48 87 -34 5 -7 103 97 -15
98 -100 116 -63 -60 85 72 124
-14 33 -10 99 -80 -29 89 -59
65 -29 -57 -127 1 71 25 -28
-51 -20 50 27 -32 -85 -109 -30
-83 -28 -48 -16 106 -7 43 67
59 30 -69 14 115 48 -8 -3
-72 65 -24 7 69 15 -9 105
-76 -96 -41 78 34 -99 -77 89
53 -124 64 -5 26 84 5 -6
-40 -111 68 -72 32 113 -47 -56
-55 100 31 -34 -55 -20 48 99
32 -114 -67 -41 32 -72 28 43
-31 50 -82 -20 -56 37 -8 -126
56 -18 70 82 -42 62 127 -82
123 -39 77 12 -66 -91 83 31
-9 28 -69 120 -45 -88 -24 -7
-39 111 -99 -100 -76 -86 10 84
-111 0 39 -90 98 65 -80 86
-83 -6 49 -106 103 126 -36 -63
-43 -62 -96 50 -58 -26 35 117
100 23 115 -6 -46 -26 -39 110
-118 74 -104 127 -33 -85 91 13
78 -73 -123 23 -86 -25 -79 -27
-26 -53 -11 56 43 24 -47 -107
94 18 -65 -39 -99 -91 49 40
113 -22 95 -25 -117 -72 117 63
14 -96 65 -7 -11 -63 -92 122
-103 76 -56 -78 -116 24 19 67
10 -121 52 -36 -114 72 -82 99
-121 22 -4 -86 59 95 -74 73
-13 51 -46 -105 -45 -103 -71 69
-39 -83 -17 -40 51 -69 44 26
-8 -11 43 -7 32 -98 14 -57
-32 61 -127 118 47 -4 -19 -10
43 90 -113 -60 74 -43 39 -22
107 -34 86 -128 -47 58 -116 91
-85 54 -3 47 -106 -97 -12 -94
-81 15 -92 65 -34 101 -86 126
-128 83 6 93 -61 -97 -99 -112
67 -102 125 -122 105 101 -117 -47
-73 -3 -85 -61 -108 91 127 -9
92 -114 -114 -48 99 63 -11 102
-85 27 -26 87 20 123 -105 -94
-96 -63 -106 -107 57 -60 -83 104
39 -104 -42 -111 52 90 8 -123
-50 5 -50 -47 105 -18 -20 -98
-30 -125 0 -35 -84 44 108 -1
-13 61 126 -128 -111 29 -37 34
114 115 100 59 -107 -65 94 120
-27 17 -90 79 1 15 105 86
109 -111 108 53 22 77 -14 47
66 -117 9 114 -88 54 51 -81
-124 10 113 126 6 -10 44 -56
