-107 20 42 -6 57 17 -27 89
116 85 55 -28 68 -17 98 -117
98 -31 110 19 -16 -117 97 -103
-31 -33 -83 -122 -39 -40 109 -90
-77 -112 23 90 -125 -38 46 -6
29 -126 5 -7 71 -113 -50 35
52 -25 -10 -121 51 -26 121 51
29 55 -15 11 67 77 -6 -73
116 -23 -48 -58 -107 94 67 -48
-64 1 -78 -32 -21 123 82 -46
57 22 -113 15 -100 -57 -101 88
-71 -70 88 76 -115 18 -50 78
-108 -57 55 -84 107 117 -37 -84
-113 125 -41 75 -51 126 29 -33
-18 82 4 -100 65 -79 49 -41
-71 80 -87 90 112 66 47 -111
92 -17 16 72 -69 119 108 -121
12 -96 84 107 -53 93 -88 -128
84 -19 -36 77 37 47 -67 -25
50 -60 110 76 57 -9 101 112
4 -23 -92 -48 82 37 94 -11
110 -93 48 0 -79 57 -119 -78
97 48 113 -116 70 -4 115 36
-29 -26 -92 -98 -14 19 38 44
44 -90 -86 74 -91 -22 -88 -17
-101 4 51 22 37 -93 -98 -121
88 -40 111 15 10 19 -51 103
-72 101 103 18 71 -68 -104 32
-20 -89 -12 -24 -2 -17 -12 100
106 -112 52 90 104 80 -82 96
-34 -44 -105 15 44 -45 -9 -73
-30 27 -83 98 -47 87 27 -51
-65 88 58 5 -77 122 -67 -22
83 -111 -83 96 -66 -106 97 -26
9 -123 -52 -67 42 119 16 -69
-111 68 -68 25 14 -19 -67 53
-47 -99 70 -100 74 5 100 100
-44 55 114 50 -42 53 -118 -85
59 30 -69 14 115 48 -8 -3
-72 65 -24 7 69 15 -9 105
-34 -83 80 -63 -40 -112 -83 -1
91 37 50 24 48 76 -124 112
51 46 -88 14 113 10 27 -50
-26 13 -124 86 -113 -99 78 42
25 75 95 91 -106 -18 -85 84
55 125 2 25 -3 -8 0 -33
56 -18 70 82 -42 62 127 -82
123 -39 77 12 -66 -91 83 31
-26 -9 -70 -123 -55 -40 12 104
97 -69 78 109 -113 -124 22 52
-62 -57 -19 -56 -123 -89 -49 -49
-87 89 22 89 89 19 -66 -99
-119 11 -3 -29 -102 -25 127 82
-56 127 1 -29 -14 113 46 -73
-118 74 -104 127 -33 -85 91 13
78 -73 -123 23 -86 -25 -79 -27
76 113 -89 -16 -118 -126 -7 111
-53 46 -77 116 41 122 -37 3
-112 -65 -64 -115 -90 -124 -125 19
-47 16 -2 -57 24 -117 22 -68
91 2 8 -56 89 -90 -76 97
-40 -65 21 -124 31 115 75 37
-121 22 -4 -86 59 95 -74 73
-13 51 -46 -105 -45 -103 -71 69
-100 -93 -75 -102 -15 -25 -86 -82
69 -100 -1 43 -45 -66 -54 74
9 91 99 -53 -32 38 -97 115
22 -2 -37 -71 -107 97 -67 108
-87 -13 -21 -29 41 122 23 125
104 -76 -105 -6 -56 -87 109 -68
-81 15 -92 65 -34 101 -86 126
-128 83 6 93 -61 -97 -99 -112
73 -41 -60 -104 -122 -31 -14 127
-68 88 -67 116 59 119 -7 74
-99 111 120 -100 24 3 82 21
-122 -44 -107 -9 -101 26 89 64
-18 3 -75 -91 -121 -8 -48 75
11 108 2 -74 -123 -111 122 -3
-50 5 -50 -47 105 -18 -20 -98
-30 -125 0 -35 -84 44 108 -1
