1.201416552e-02 6.613215208e-01
7.438656092e-01 7.930117100e-02
4.438836277e-01 8.531356603e-02
8.963574767e-01 9.840096235e-01
5.417300463e-01 1.877011210e-01
5.553708076e-01 7.558427006e-02
6.027271748e-01 7.060430199e-02
8.096491098e-01 9.361540675e-01
8.881880641e-01 8.456742764e-01
8.396174908e-01 2.966952622e-01
2.164184302e-01 7.643800974e-01
8.283867836e-01 9.090006948e-01
8.055999279e-01 3.346844912e-01
6.686620712e-01 6.886820197e-01
8.376489878e-01 9.479847550e-01
9.991111159e-01 7.780526280e-01
4.638573527e-01 3.326983750e-01
6.477145553e-01 1.812005192e-01
4.187222421e-01 5.607751608e-01
9.052941799e-01 6.455954313e-01
2.024126947e-01 7.994614840e-01
1.718587875e-01 2.802300751e-01
8.453404307e-01 4.191181362e-01
6.939336061e-01 9.817996025e-01
8.592619896e-01 9.109421372e-01
8.540166020e-01 9.475359321e-02
5.286863446e-01 6.015302539e-01
1.636235118e-01 1.073856372e-02
1.493644565e-01 3.301893473e-01
1.570542753e-01 3.618823290e-01
5.917426348e-01 6.678932309e-01
2.439211309e-01 5.715376735e-01
5.319213867e-01 6.175471544e-01
1.138663962e-01 2.405030876e-01
2.361131907e-01 8.683027625e-01
7.717389464e-01 7.441315334e-03
5.676273704e-01 3.228400648e-01
3.611048162e-01 6.167399697e-03
2.072368264e-01 9.634369016e-01
2.901136279e-01 7.216448337e-02
8.506522775e-01 7.050752640e-01
3.949179053e-01 1.884905994e-01
7.152022123e-01 6.993675232e-01
6.624868512e-01 1.640318781e-01
9.119485617e-01 3.176565766e-01
5.320253968e-01 2.579834163e-01
8.278141618e-01 2.151655592e-02
1.376073062e-02 9.391013980e-01
8.017966747e-01 4.277583063e-01
5.738560483e-02 3.358133435e-01
8.154977560e-01 3.546218872e-01
3.801872134e-01 6.298126578e-01
5.113734007e-01 6.021559834e-01
8.901029080e-02 6.819353104e-01
8.438964486e-01 6.112887263e-01
1.869142205e-01 7.678312063e-02
7.826005816e-01 5.028315783e-01
4.461584985e-01 3.248143792e-01
3.403955102e-01 5.869807005e-01
9.098764658e-01 9.504401088e-01
7.990223765e-01 1.779646128e-01
9.175606966e-01 2.169055194e-01
3.540357351e-01 8.890604377e-01
4.663271010e-01 7.131318450e-01
2.932031453e-01 9.651033282e-01
5.082218051e-01 8.601557612e-01
6.253763437e-01 7.894079685e-01
6.869520545e-01 1.343600303e-01
1.936269999e-01 6.381067038e-01
3.035570681e-02 9.175013900e-01
3.742484748e-01 1.331148744e-01
7.647847533e-01 5.301681757e-01
5.956481099e-01 1.188986301e-01
4.187999666e-02 8.403030038e-01
7.964137793e-01 8.449459672e-01
8.261462450e-01 3.356555998e-01
9.734174609e-01 7.345442176e-01
2.985957265e-01 4.117594361e-01
4.878498912e-01 4.853394330e-01
6.813197732e-01 4.667900503e-01
4.726801068e-02 3.854097426e-01
4.089031816e-01 8.306100965e-01
4.731413722e-01 3.969140053e-01
2.399811149e-01 9.954667091e-01
4.931094646e-01 2.059201598e-01
5.196107626e-01 4.402327538e-01
2.849757075e-01 9.606973827e-02
2.068598419e-01 5.900029540e-01
5.395436883e-01 1.878803223e-01
4.073747993e-02 5.884780288e-01
2.735271752e-01 9.101787210e-01
1.406075358e-01 2.662178278e-01
7.004586458e-01 7.810299844e-02
6.113379002e-01 8.744283319e-01
1.482794583e-01 7.383192182e-01
7.152898312e-01 6.642501056e-02
8.379720449e-01 6.638019681e-01
7.121794224e-01 7.368735671e-01
8.613457084e-01 6.522959471e-01
9.598057270e-01 7.139616013e-01
7.078028917e-01 6.340937018e-01
4.547065496e-01 9.657192975e-02
5.828636885e-01 1.328147054e-01
1.924408972e-01 1.751035154e-01
3.628310859e-01 4.638823569e-01
3.572674841e-02 5.154963210e-02
7.480318546e-01 6.430195570e-01
5.137437582e-01 3.815516829e-01
4.412487894e-02 9.978047013e-01
9.197465777e-01 3.346579969e-01
