9.302105308e-01 1.215778440e-01
8.578266501e-01 6.973122954e-01
9.580036402e-01 4.362643659e-01
1.126990095e-01 1.354334205e-01
5.683817863e-01 6.416605711e-01
9.151583314e-01 7.115400434e-01
8.494561315e-01 4.199959338e-01
6.249401569e-01 3.563937843e-01
5.649802685e-01 2.289090604e-01
4.043543041e-01 7.180563211e-01
1.454516053e-01 7.614770532e-01
8.870432377e-01 6.286323071e-01
3.611378968e-01 7.672866583e-01
6.613989472e-01 4.349444509e-01
8.250702620e-01 1.430166960e-01
3.650646210e-01 6.818159819e-01
5.052940249e-01 9.792749286e-01
7.585289478e-01 1.100501940e-01
8.733375072e-01 3.930397332e-01
3.027178943e-01 9.305669665e-01
3.225509226e-01 2.995331883e-01
5.613135695e-01 5.131990910e-01
6.371135116e-01 9.845145345e-01
6.723582745e-02 1.964815855e-01
8.560656011e-02 9.130190611e-01
8.617048264e-01 5.606346726e-01
3.000623882e-01 5.892843008e-01
1.899633184e-02 5.175788403e-01
6.403059363e-01 6.078255177e-01
8.147439361e-01 6.335272789e-01
5.746670961e-01 4.274609685e-01
8.711085916e-01 5.695564151e-01
9.227457047e-01 5.181547999e-01
2.364745587e-01 9.964104295e-01
8.988419175e-01 8.114560246e-01
4.446917772e-01 3.891544640e-01
3.688932359e-01 4.536612034e-01
7.639105916e-01 4.616720676e-01
1.964358538e-01 4.956379831e-01
8.503254056e-01 1.440377980e-01
8.755172044e-02 1.199986413e-02
7.476034164e-01 1.943540573e-01
4.455136359e-01 6.906948239e-02
5.618115067e-01 3.896187246e-01
2.412589937e-01 6.277031302e-01
8.088976741e-01 2.940793931e-01
4.877222776e-01 4.626261890e-01
5.098187327e-01 2.296477854e-01
1.475934088e-01 6.001225710e-01
6.646637321e-01 8.170152307e-01
4.491970539e-01 6.256471276e-01
5.177810788e-01 7.601837516e-01
5.289220810e-02 8.880755901e-01
9.293402433e-01 4.713197052e-01
2.911850214e-01 1.371759474e-01
3.349368870e-01 6.101103425e-01
7.812895179e-01 3.904886842e-01
4.093047082e-01 3.167219460e-01
6.207450628e-01 6.743789911e-01
3.266103193e-02 9.129940532e-03
1.910928935e-01 9.202244878e-01
3.266728222e-01 6.312023401e-01
9.699844718e-01 4.510803223e-01
8.598533869e-01 1.123585254e-01
5.621814132e-01 2.040545940e-01
8.355601430e-01 7.679132819e-01
8.974248916e-02 8.614981174e-01
9.965991378e-01 7.209271193e-02
5.190759897e-01 9.035969973e-01
4.312846065e-01 8.210594058e-01
5.662817359e-01 9.360759854e-01
6.787517071e-01 8.392758965e-01
4.762521982e-01 7.901197076e-01
6.811709404e-01 9.245930314e-01
2.007083297e-01 6.917509437e-01
3.393754661e-01 4.680641294e-01
4.050214589e-01 8.658133745e-01
8.914191127e-01 3.697070181e-01
6.983072162e-01 7.263537049e-01
5.261784196e-01 9.835907221e-01
4.674989283e-01 6.318349242e-01
7.969517708e-01 6.155018806e-01
8.532122374e-01 8.491337299e-01
6.056843400e-01 9.763740897e-01
9.110144377e-01 8.873208165e-01
9.318065643e-01 8.663341403e-01
9.704646468e-01 1.145766750e-01
9.008517861e-01 6.165346503e-01
2.491240203e-01 3.324991167e-01
5.253778696e-01 2.737812698e-01
6.775404811e-01 9.128332138e-01
6.311490536e-01 6.562227607e-01
4.376357198e-01 3.569462001e-01
2.873690724e-01 8.542320728e-01
8.384207487e-01 5.661418438e-01
7.035536766e-01 4.753897786e-01
9.940360188e-01 8.925997615e-01
8.722788692e-01 9.111720324e-02
5.662419796e-01 7.915260792e-01
2.030676156e-01 1.318106204e-01
4.187278748e-01 5.461295247e-01
2.975674868e-01 7.293245196e-01
5.929061174e-01 3.055962920e-01
8.751024604e-01 3.925416768e-01
7.778404951e-01 5.968768597e-01
4.773124456e-01 9.005470276e-01
2.494777441e-01 1.862411946e-02
3.340043724e-01 7.337824702e-01
8.917744160e-01 1.453952789e-01
2.885842323e-01 1.701771766e-01
7.269851565e-01 6.315059960e-02
6.330811381e-01 6.395002007e-01
7.928224802e-01 3.378393650e-01
5.292038321e-01 1.866482049e-01
8.050041199e-01 7.001050115e-01
4.654529691e-01 4.137914628e-02
2.628259659e-01 8.251460195e-01
6.888946295e-01 1.282800138e-01
4.241973162e-02 4.174059331e-01
2.049445808e-01 1.150850505e-01
5.159646869e-01 1.241679266e-01
6.841232181e-01 7.204526663e-01
9.503324032e-01 7.019271851e-01
5.432075858e-01 2.410928309e-01
8.096711040e-01 5.831000805e-01
4.669468701e-01 4.881050289e-01
3.753138185e-01 1.717336625e-01
2.297411710e-01 4.058933258e-01
6.070243716e-01 1.723146588e-01
3.141685128e-01 9.355722666e-01
8.103070855e-01 3.660412729e-01
5.962982178e-01 6.952262521e-01
6.334430575e-01 9.977997541e-01
5.930653214e-02 2.183317840e-01
6.066425443e-01 1.733894646e-01
9.183632135e-01 3.416150510e-01
5.291376710e-01 5.478579998e-01
3.233414143e-02 6.615520716e-01
6.094968319e-01 4.516841471e-02
5.320379138e-01 5.855853558e-01
4.102826416e-01 6.774959564e-01
7.255263329e-01 2.590198219e-01
5.117332935e-01 1.023118943e-01
1.652271897e-01 1.550502237e-02
7.982896566e-01 5.022209883e-01
2.082157880e-01 1.825868487e-01
4.088645577e-01 3.909277916e-01
3.496778607e-01 7.813761234e-01
1.182461008e-01 7.526615262e-02
5.083723068e-01 7.190475464e-01
9.283831716e-02 9.860146642e-01
7.643443942e-01 2.766443491e-01
8.278039843e-02 6.173106432e-01
3.634768128e-01 3.984873593e-01
1.961705536e-01 3.068042994e-01
