5.488135219e-01 7.151893377e-01
6.027633548e-01 5.448831916e-01
4.236547947e-01 6.458941102e-01
4.375872016e-01 8.917729855e-01
9.636627436e-01 3.834415078e-01
7.917250395e-01 5.288949013e-01
5.680445433e-01 9.255966544e-01
7.103605568e-02 8.712930232e-02
2.021839656e-02 8.326198459e-01
7.781567574e-01 8.700121641e-01
9.786183238e-01 7.991585732e-01
6.976311803e-01 6.022547185e-02
6.667667031e-01 6.706378460e-01
2.103825659e-01 1.289262921e-01
3.154283464e-01 3.637107611e-01
5.701967478e-01 4.386015236e-01
9.883738160e-01 1.020448133e-01
2.088767588e-01 1.613095105e-01
6.531082988e-01 2.532916069e-01
4.663107693e-01 2.444255948e-01
1.589695811e-01 1.103751436e-01
6.563295722e-01 1.381829530e-01
1.965823621e-01 3.687251806e-01
8.209932446e-01 9.710127860e-02
8.379449248e-01 9.609840810e-02
9.764594436e-01 4.686512053e-01
9.767611027e-01 6.048455238e-01
7.392635942e-01 3.918779269e-02
2.828069627e-01 1.201965585e-01
2.961401939e-01 1.187277213e-01
3.179831803e-01 4.142629802e-01
6.414749473e-02 6.924721003e-01
5.666014552e-01 2.653895020e-01
5.920419097e-01 5.722519159e-01
2.230816334e-01 9.527490139e-01
4.471253753e-01 8.464086652e-01
6.994792819e-01 2.974369526e-01
8.137978315e-01 3.965057433e-01
8.811032176e-01 5.812729001e-01
8.817353845e-01 6.925315857e-01
7.252542973e-01 5.013243556e-01
9.560836554e-01 6.439902186e-01
4.238550365e-01 6.063932180e-01
1.919319853e-02 3.015748262e-01
6.601735353e-01 2.900775969e-01
6.180154085e-01 4.287686944e-01
1.354740709e-01 2.982823253e-01
5.699648857e-01 5.908727646e-01
5.743252635e-01 6.532008052e-01
6.521032453e-01 4.314184487e-01
8.965466022e-01 3.675618768e-01
4.358649254e-01 8.919233680e-01
8.061940074e-01 7.038885951e-01
1.002268866e-01 9.194825888e-01
7.142413259e-01 9.988470078e-01
5.210366249e-01 5.433798954e-02
1.999965310e-01 1.852179505e-02
7.936977148e-01 2.239246815e-01
3.453516662e-01 9.280812740e-01
7.044144273e-01 3.183893114e-02
1.646941602e-01 6.214783788e-01
5.772286057e-01 2.378928214e-01
9.342139959e-01 6.139659286e-01
5.356327891e-01 5.899099708e-01
7.301220298e-01 3.119449914e-01
3.982210755e-01 2.098437548e-01
1.861930043e-01 9.443724155e-01
7.395507693e-01 4.904588163e-01
2.274146229e-01 2.543564737e-01
5.802915990e-02 4.344166219e-01
3.117958903e-01 6.963434815e-01
3.777518272e-01 1.796036810e-01
2.467872761e-02 6.724963337e-02
6.793927550e-01 4.536968470e-01
5.365791917e-01 8.966712952e-01
9.903389215e-01 2.168969810e-01
6.630781889e-01 2.633223832e-01
2.074700743e-01 4.246854782e-01
3.741699755e-01 4.635754228e-01
2.776287198e-01 5.867843628e-01
8.638556004e-01 1.175318584e-01
5.173791051e-01 1.320681125e-01
7.168596983e-01 3.960596919e-01
5.654212832e-01 1.832798421e-01
1.448477656e-01 4.880562723e-01
3.556127250e-01 9.404319525e-01
7.653252482e-01 7.486636043e-01
9.037197232e-01 8.342243731e-02
5.521924496e-01 5.844760537e-01
9.619363546e-01 2.921475172e-01
2.408287823e-01 1.002939418e-01
1.642962918e-02 9.295293093e-01
6.699165702e-01 7.851529121e-01
2.817301154e-01 5.864101648e-01
6.395526975e-02 4.856275916e-01
9.774951339e-01 8.765052557e-01
3.381589651e-01 9.615701437e-01
2.317016274e-01 9.493188262e-01
9.413776994e-01 7.992025614e-01
9.729194641e-01 9.608346820e-01
9.065554738e-01 7.740473151e-01
3.331451416e-01 8.110138774e-02
4.072411656e-01 2.322341353e-01
1.324876398e-01 5.342718214e-02
7.255943418e-01 1.142745838e-02
7.705807686e-01 1.469466388e-01
7.952208072e-02 8.960303664e-02
6.720477939e-01 2.453672141e-01
4.205394685e-01 5.573688149e-01
8.605511785e-01 7.270442843e-01
2.703278959e-01 1.314827949e-01
5.537432060e-02 3.015986383e-01
2.621181607e-01 4.561405778e-01
6.832813621e-01 6.956254244e-01
2.835188508e-01 3.799269497e-01
1.811509579e-01 7.885454893e-01
5.684807524e-02 6.969972253e-01
7.786954045e-01 7.774075866e-01
2.594225705e-01 3.738131523e-01
5.875996351e-01 2.728219032e-01
3.708527982e-01 1.970542818e-01
5.438059568e-01 4.569114149e-01
8.820413947e-01 4.586039484e-01
7.241676450e-01 3.990253210e-01
9.040443897e-01 6.900250316e-01
6.996220350e-01 3.277204037e-01
7.567786574e-01 6.360610723e-01
2.400202751e-01 1.605388224e-01
7.963914871e-01 9.591665864e-01
4.581388235e-01 5.909841657e-01
8.577226400e-01 4.572234452e-01
9.518744946e-01 5.757511854e-01
8.207671046e-01 9.088436961e-01
8.155238032e-01 1.594144702e-01
6.288984418e-01 3.984342515e-01
6.271295249e-02 4.240322411e-01
2.586840689e-01 8.490383029e-01
3.330462798e-02 9.589827061e-01
3.553688526e-01 3.567068875e-01
1.632850245e-02 1.852323264e-01
4.012595117e-01 9.292914271e-01
9.961493313e-02 9.453015327e-01
8.694885373e-01 4.541623890e-01
9.894098043e-01 6.530420482e-02
7.832344174e-01 2.883985043e-01
2.414186150e-01 6.625045538e-01
2.460631877e-01 6.658591032e-01
5.173085332e-01 4.240889847e-01
5.546877980e-01 2.870515287e-01
7.065746784e-01 4.148568809e-01
3.605455458e-01 8.286569118e-01
9.249669313e-01 4.600730911e-02
2.326269895e-01 3.485193551e-01
8.149664998e-01 9.854914546e-01
9.689717293e-01 9.049483538e-01
2.965562642e-01 9.920112491e-01
2.494200468e-01 1.059061512e-01
9.509525895e-01 2.334202528e-01
6.897682548e-01 5.835635960e-02
7.307090759e-01 8.817201853e-01
2.724368870e-01 3.790569007e-01
3.742961884e-01 7.487882376e-01
2.378072441e-01 1.718530953e-01
4.492916465e-01 3.044683933e-01
8.391891122e-01 2.377418280e-01
2.748235762e-01 5.922304392e-01
8.967611790e-01 4.067333341e-01
5.520782471e-01 2.716527581e-01
4.554441571e-01 4.017135501e-01
2.484134585e-01 5.058664083e-01
3.103808165e-01 3.730348647e-01
5.249704719e-01 7.505950332e-01
3.335074782e-01 9.241587520e-01
8.623185754e-01 4.869029671e-02
2.536425292e-01 4.461355209e-01
1.046278924e-01 3.484759927e-01
7.400975227e-01 6.805144548e-01
6.223844290e-01 7.105283737e-01
2.049236894e-01 3.416981101e-01
6.762424707e-01 8.792347908e-01
5.436780453e-01 2.826996446e-01
3.023525886e-02 7.103368044e-01
7.884103805e-03 3.726790845e-01
5.305371881e-01 9.221114516e-01
8.949454874e-02 4.059423208e-01
2.431320027e-02 3.426109850e-01
6.222310662e-01 2.790679336e-01
6.939564347e-01 9.088572860e-02
2.277594954e-01 4.103015661e-01
6.232946515e-01 8.869608045e-01
6.188261509e-01 1.334614754e-01
9.805801511e-01 8.717857599e-01
5.027207732e-01 9.223479629e-01
5.413808227e-01 9.233060479e-01
8.298973441e-01 9.682863951e-01
9.197828174e-01 3.603381664e-02
1.747720093e-01 3.891346753e-01
9.521427155e-01 3.000289202e-01
1.604676396e-01 8.863046765e-01
4.463944137e-01 9.078755975e-01
1.602304727e-01 6.611174941e-01
4.402637482e-01 7.648676634e-02
6.964631677e-01 2.473987490e-01
3.961552307e-02 5.994429812e-02
6.107853726e-02 9.077329636e-01
7.398838997e-01 8.980623484e-01
6.725823283e-01 5.289399028e-01
3.044463694e-01 9.979622364e-01
3.621890545e-01 4.706489444e-01
3.972567618e-01 9.992780089e-01
3.518930078e-01 7.214066386e-01
6.375827193e-01 8.130538464e-01
9.762256742e-01 8.897936344e-01
7.645619512e-01 6.982485056e-01
3.354981840e-01 1.476855725e-01
6.263600290e-02 2.419017106e-01
4.322814941e-01 5.219962597e-01
7.730835676e-01 9.587409496e-01
1.173204780e-01 1.070041433e-01
5.896947384e-01 7.453980446e-01
