-80 71 111 54 -32 -28 -46 -41
21 126 -126 -120 -118 -123 -90 38
-28 65 -11 -69 36 5 -123 -90
35 -40 49 79 -44 -14 -119 119
4 49 -104 -34 2 -45 3 -51
-117 13 100 -47 26 70 47 -30
-107 20 42 -6 57 17 -27 89
116 85 55 -28 68 -17 98 -117
-22 88 85 -100 -70 85 -50 -17
-63 -52 -117 -103 -25 -117 -38 109
34 1 126 16 -127 -112 -95 -95
44 102 -88 -56 77 -22 -45 114
32 23 -60 31 22 -64 101 -97
-49 -45 -113 -77 121 12 45 -118
116 -23 -48 -58 -107 94 67 -48
-64 1 -78 -32 -21 123 82 -46
112 17 40 115 -107 -34 26 15
112 -111 -118 17 3 103 -55 -99
67 71 80 98 4 61 -38 -28
6 -96 -47 -9 -10 117 -91 -9
-101 -77 -50 59 -42 -33 -120 -72
-99 28 95 34 58 -1 -2 81
92 -17 16 72 -69 119 108 -121
12 -96 84 107 -53 93 -88 -128
-102 -13 12 113 64 -127 36 -118
-22 -96 126 -100 58 66 92 -63
77 -45 -81 -47 36 71 -75 70
9 -113 -110 29 53 60 -86 82
2 -99 17 -93 -8 -109 16 -105
12 -29 -19 56 66 -108 3 -47
44 -90 -86 74 -91 -22 -88 -17
-101 4 51 22 37 -93 -98 -121
-120 83 46 -64 -12 20 -32 98
-21 5 -43 -104 -126 125 125 71
-20 75 115 -100 -10 -33 -63 80
-14 82 14 -107 -17 -17 69 -95
-22 2 -101 104 -9 19 15 -57
108 -99 35 97 -80 49 -48 56
-65 88 58 5 -77 122 -67 -22
83 -111 -83 96 -66 -106 97 -26
-111 15 67 -43 112 114 -35 -27
-8 22 82 -121 -73 49 -102 120
4 -19 -39 -102 60 115 -17 -45
-50 18 -7 -32 -37 -92 -26 20
-1 108 3 18 77 -77 -79 -97
97 18 -116 -17 91 103 -30 -57
-34 -83 80 -63 -40 -112 -83 -1
91 37 50 24 48 76 -124 112
-49 -15 27 -43 -127 -119 -13 -47
11 -64 119 -61 121 61 -74 -92
84 -2 -109 111 69 84 -3 62
68 41 80 16 57 5 -32 -106
3 8 -66 -36 41 -54 -26 -36
-33 -20 11 34 -37 -79 -57 39
-26 -9 -70 -123 -55 -40 12 104
97 -69 78 109 -113 -124 22 52
-93 81 23 -67 -11 53 -116 45
-121 122 47 -18 39 -34 19 106
-19 50 -63 43 -46 78 123 -39
-27 -8 56 -56 50 -94 90 -117
-20 11 -24 36 -2 49 76 81
95 74 -80 -54 11 -35 -94 74
76 113 -89 -16 -118 -126 -7 111
-53 46 -77 116 41 122 -37 3
98 -86 -60 -6 -66 -92 -45 44
81 112 -17 70 -122 48 9 -100
-51 56 9 85 -62 -119 -18 120
36 -100 116 -64 74 -4 13 107
-126 37 71 -41 94 81 -125 -17
98 -48 115 -46 -78 61 106 82
-100 -93 -75 -102 -15 -25 -86 -82
69 -100 -1 43 -45 -66 -54 74
97 -42 122 -46 -118 -66 -99 11
30 -57 -70 94 -86 85 -57 25
108 -74 -10 -45 -103 45 -7 106
3 -12 84 113 -45 121 -91 33
60 -20 89 -121 60 37 -44 122
-30 -112 45 104 39 -95 -31 -63
73 -41 -60 -104 -122 -31 -14 127
-68 88 -67 116 59 119 -7 74
