-80 71 111 54 -32 -28 -46 -41
21 126 -126 -120 -118 -123 -90 38
-28 65 -11 -69 36 5 -123 -90
35 -40 49 79 -44 -14 -119 119
4 49 -104 -34 2 -45 3 -51
-117 13 100 -47 26 70 47 -30
-107 20 42 -6 57 17 -27 89
116 85 55 -28 68 -17 98 -117
98 -31 110 19 -16 -117 97 -103
-31 -33 -83 -122 -39 -40 109 -90
-77 -112 23 90 -125 -38 46 -6
29 -126 5 -7 71 -113 -50 35
52 -25 -10 -121 51 -26 121 51
29 55 -15 11 67 77 -6 -73
-40 123 124 120 -60 -11 -13 86
57 -35 -26 11 78 -46 89 108
-125 37 7 -99 -50 -117 73 -117
-112 -68 -5 -25 63 59 1 18
53 -100 64 -43 88 -55 8 82
11 92 -11 51 -47 55 -113 3
-22 88 85 -100 -70 85 -50 -17
-63 -52 -117 -103 -25 -117 -38 109
34 1 126 16 -127 -112 -95 -95
44 102 -88 -56 77 -22 -45 114
32 23 -60 31 22 -64 101 -97
-49 -45 -113 -77 121 12 45 -118
116 -23 -48 -58 -107 94 67 -48
-64 1 -78 -32 -21 123 82 -46
57 22 -113 15 -100 -57 -101 88
-71 -70 88 76 -115 18 -50 78
-108 -57 55 -84 107 117 -37 -84
-113 125 -41 75 -51 126 29 -33
-18 82 4 -100 65 -79 49 -41
-71 80 -87 90 112 66 47 -111
-108 38 -64 6 108 22 -49 -54
34 40 38 118 21 -94 -11 32
42 -1 -84 -29 -87 121 -25 27
123 -80 -1 10 -60 -111 -125 -27
-34 87 -99 -26 -5 30 75 66
93 -68 7 51 116 -55 87 64
112 17 40 115 -107 -34 26 15
112 -111 -118 17 3 103 -55 -99
67 71 80 98 4 61 -38 -28
6 -96 -47 -9 -10 117 -91 -9
-101 -77 -50 59 -42 -33 -120 -72
-99 28 95 34 58 -1 -2 81
92 -17 16 72 -69 119 108 -121
12 -96 84 107 -53 93 -88 -128
84 -19 -36 77 37 47 -67 -25
50 -60 110 76 57 -9 101 112
4 -23 -92 -48 82 37 94 -11
110 -93 48 0 -79 57 -119 -78
97 48 113 -116 70 -4 115 36
-29 -26 -92 -98 -14 19 38 44
-93 -114 -99 51 -68 120 -47 -61
-99 27 3 -95 117 51 -10 27
100 -72 -107 39 106 -54 -99 113
29 61 -70 -104 -14 -112 64 -28
98 -5 -115 -127 123 -126 -62 19
116 122 76 30 -89 85 -51 49
-102 -13 12 113 64 -127 36 -118
-22 -96 126 -100 58 66 92 -63
77 -45 -81 -47 36 71 -75 70
9 -113 -110 29 53 60 -86 82
2 -99 17 -93 -8 -109 16 -105
12 -29 -19 56 66 -108 3 -47
44 -90 -86 74 -91 -22 -88 -17
-101 4 51 22 37 -93 -98 -121
88 -40 111 15 10 19 -51 103
-72 101 103 18 71 -68 -104 32
-20 -89 -12 -24 -2 -17 -12 100
106 -112 52 90 104 80 -82 96
-34 -44 -105 15 44 -45 -9 -73
-30 27 -83 98 -47 87 27 -51
48 87 -34 5 -7 103 97 -15
98 -100 116 -63 -60 85 72 124
-14 33 -10 99 -80 -29 89 -59
65 -29 -57 -127 1 71 25 -28
-51 -20 50 27 -32 -85 -109 -30
-83 -28 -48 -16 106 -7 43 67
-120 83 46 -64 -12 20 -32 98
-21 5 -43 -104 -126 125 125 71
-20 75 115 -100 -10 -33 -63 80
-14 82 14 -107 -17 -17 69 -95
-22 2 -101 104 -9 19 15 -57
108 -99 35 97 -80 49 -48 56
-65 88 58 5 -77 122 -67 -22
83 -111 -83 96 -66 -106 97 -26
9 -123 -52 -67 42 119 16 -69
-111 68 -68 25 14 -19 -67 53
-47 -99 70 -100 74 5 100 100
-44 55 114 50 -42 53 -118 -85
59 30 -69 14 115 48 -8 -3
-72 65 -24 7 69 15 -9 105
-76 -96 -41 78 34 -99 -77 89
53 -124 64 -5 26 84 5 -6
-40 -111 68 -72 32 113 -47 -56
-55 100 31 -34 -55 -20 48 99
32 -114 -67 -41 32 -72 28 43
-31 50 -82 -20 -56 37 -8 -126
-111 15 67 -43 112 114 -35 -27
-8 22 82 -121 -73 49 -102 120
4 -19 -39 -102 60 115 -17 -45
-50 18 -7 -32 -37 -92 -26 20
-1 108 3 18 77 -77 -79 -97
97 18 -116 -17 91 103 -30 -57
-34 -83 80 -63 -40 -112 -83 -1
91 37 50 24 48 76 -124 112
51 46 -88 14 113 10 27 -50
-26 13 -124 86 -113 -99 78 42
25 75 95 91 -106 -18 -85 84
55 125 2 25 -3 -8 0 -33
56 -18 70 82 -42 62 127 -82
123 -39 77 12 -66 -91 83 31
-9 28 -69 120 -45 -88 -24 -7
-39 111 -99 -100 -76 -86 10 84
-111 0 39 -90 98 65 -80 86
-83 -6 49 -106 103 126 -36 -63
-43 -62 -96 50 -58 -26 35 117
100 23 115 -6 -46 -26 -39 110
-49 -15 27 -43 -127 -119 -13 -47
11 -64 119 -61 121 61 -74 -92
84 -2 -109 111 69 84 -3 62
68 41 80 16 57 5 -32 -106
3 8 -66 -36 41 -54 -26 -36
-33 -20 11 34 -37 -79 -57 39
-26 -9 -70 -123 -55 -40 12 104
97 -69 78 109 -113 -124 22 52
-62 -57 -19 -56 -123 -89 -49 -49
-87 89 22 89 89 19 -66 -99
-119 11 -3 -29 -102 -25 127 82
-56 127 1 -29 -14 113 46 -73
-118 74 -104 127 -33 -85 91 13
78 -73 -123 23 -86 -25 -79 -27
-26 -53 -11 56 43 24 -47 -107
94 18 -65 -39 -99 -91 49 40
113 -22 95 -25 -117 -72 117 63
14 -96 65 -7 -11 -63 -92 122
-103 76 -56 -78 -116 24 19 67
10 -121 52 -36 -114 72 -82 99
-93 81 23 -67 -11 53 -116 45
-121 122 47 -18 39 -34 19 106
-19 50 -63 43 -46 78 123 -39
-27 -8 56 -56 50 -94 90 -117
-20 11 -24 36 -2 49 76 81
95 74 -80 -54 11 -35 -94 74
76 113 -89 -16 -118 -126 -7 111
-53 46 -77 116 41 122 -37 3
-112 -65 -64 -115 -90 -124 -125 19
-47 16 -2 -57 24 -117 22 -68
91 2 8 -56 89 -90 -76 97
-40 -65 21 -124 31 115 75 37
-121 22 -4 -86 59 95 -74 73
-13 51 -46 -105 -45 -103 -71 69
-39 -83 -17 -40 51 -69 44 26
-8 -11 43 -7 32 -98 14 -57
-32 61 -127 118 47 -4 -19 -10
43 90 -113 -60 74 -43 39 -22
107 -34 86 -128 -47 58 -116 91
-85 54 -3 47 -106 -97 -12 -94
98 -86 -60 -6 -66 -92 -45 44
81 112 -17 70 -122 48 9 -100
-51 56 9 85 -62 -119 -18 120
36 -100 116 -64 74 -4 13 107
-126 37 71 -41 94 81 -125 -17
98 -48 115 -46 -78 61 106 82
-100 -93 -75 -102 -15 -25 -86 -82
69 -100 -1 43 -45 -66 -54 74
9 91 99 -53 -32 38 -97 115
22 -2 -37 -71 -107 97 -67 108
-87 -13 -21 -29 41 122 23 125
104 -76 -105 -6 -56 -87 109 -68
-81 15 -92 65 -34 101 -86 126
-128 83 6 93 -61 -97 -99 -112
67 -102 125 -122 105 101 -117 -47
-73 -3 -85 -61 -108 91 127 -9
92 -114 -114 -48 99 63 -11 102
-85 27 -26 87 20 123 -105 -94
-96 -63 -106 -107 57 -60 -83 104
39 -104 -42 -111 52 90 8 -123
97 -42 122 -46 -118 -66 -99 11
30 -57 -70 94 -86 85 -57 25
108 -74 -10 -45 -103 45 -7 106
3 -12 84 113 -45 121 -91 33
60 -20 89 -121 60 37 -44 122
-30 -112 45 104 39 -95 -31 -63
73 -41 -60 -104 -122 -31 -14 127
-68 88 -67 116 59 119 -7 74
-99 111 120 -100 24 3 82 21
-122 -44 -107 -9 -101 26 89 64
-18 3 -75 -91 -121 -8 -48 75
11 108 2 -74 -123 -111 122 -3
-50 5 -50 -47 105 -18 -20 -98
-30 -125 0 -35 -84 44 108 -1
-13 61 126 -128 -111 29 -37 34
114 115 100 59 -107 -65 94 120
-27 17 -90 79 1 15 105 86
109 -111 108 53 22 77 -14 47
66 -117 9 114 -88 54 51 -81
-124 10 113 126 6 -10 44 -56
