9.302105308e-01 1.215778440e-01
8.578266501e-01 6.973122954e-01
9.580036402e-01 4.362643659e-01
1.126990095e-01 1.354334205e-01
5.683817863e-01 6.416605711e-01
9.151583314e-01 7.115400434e-01
8.494561315e-01 4.199959338e-01
6.249401569e-01 3.563937843e-01
5.649802685e-01 2.289090604e-01
4.043543041e-01 7.180563211e-01
1.454516053e-01 7.614770532e-01
8.870432377e-01 6.286323071e-01
3.611378968e-01 7.672866583e-01
6.613989472e-01 4.349444509e-01
8.250702620e-01 1.430166960e-01
3.650646210e-01 6.516162157e-01
4.547799230e-01 5.347423553e-01
4.721323252e-01 9.864274859e-01
7.584702969e-01 4.718943834e-01
5.230565071e-01 8.995055105e-04
3.092540503e-01 7.382770777e-01
1.201416552e-02 6.613215208e-01
7.438656092e-01 7.930117100e-02
4.438836277e-01 8.531356603e-02
8.963574767e-01 9.840096235e-01
5.417300463e-01 1.877011210e-01
5.553708076e-01 7.558427006e-02
6.027271748e-01 7.060430199e-02
8.096491098e-01 9.361540675e-01
8.881880641e-01 8.456742764e-01
8.396174908e-01 2.966952622e-01
2.164184302e-01 7.643800974e-01
6.818159819e-01 5.052940249e-01
9.792749286e-01 7.585289478e-01
1.100501940e-01 8.733375072e-01
3.930397332e-01 3.027178943e-01
9.305669665e-01 3.225509226e-01
2.995331883e-01 5.613135695e-01
5.131990910e-01 6.371135116e-01
9.845145345e-01 6.723582745e-02
1.964815855e-01 8.560656011e-02
9.130190611e-01 8.617048264e-01
5.606346726e-01 3.000623882e-01
5.892843008e-01 1.899633184e-02
5.175788403e-01 6.403059363e-01
6.078255177e-01 8.147439361e-01
6.335272789e-01 5.746670961e-01
4.274609685e-01 7.049840689e-01
6.165626273e-02 5.393663645e-01
4.541742206e-01 4.133624956e-02
2.075261623e-01 8.842725158e-01
3.507980108e-01 7.683079690e-02
8.890953660e-01 2.950722575e-01
8.283867836e-01 9.090006948e-01
8.055999279e-01 3.346844912e-01
6.686620712e-01 6.886820197e-01
8.376489878e-01 9.479847550e-01
9.991111159e-01 7.780526280e-01
4.638573527e-01 3.326983750e-01
6.477145553e-01 1.812005192e-01
4.187222421e-01 5.607751608e-01
9.052941799e-01 6.455954313e-01
2.024126947e-01 7.994614840e-01
1.718587875e-01 2.802300751e-01
8.711085916e-01 5.695564151e-01
9.227457047e-01 5.181547999e-01
2.364745587e-01 9.964104295e-01
8.988419175e-01 8.114560246e-01
4.446917772e-01 3.891544640e-01
3.688932359e-01 4.536612034e-01
7.639105916e-01 4.616720676e-01
1.964358538e-01 4.956379831e-01
8.503254056e-01 1.440377980e-01
8.755172044e-02 1.199986413e-02
7.476034164e-01 1.943540573e-01
4.455136359e-01 6.906948239e-02
5.618115067e-01 3.896187246e-01
2.412589937e-01 6.277031302e-01
8.088976741e-01 2.940793931e-01
4.877222776e-01 3.828574121e-01
3.924060762e-01 9.215422869e-01
1.257572472e-01 4.564749300e-01
2.801889777e-01 1.571093351e-01
1.327214241e-01 2.266912013e-01
8.785943985e-01 5.868345499e-01
8.453404307e-01 4.191181362e-01
6.939336061e-01 9.817996025e-01
8.592619896e-01 9.109421372e-01
8.540166020e-01 9.475359321e-02
5.286863446e-01 6.015302539e-01
1.636235118e-01 1.073856372e-02
1.493644565e-01 3.301893473e-01
1.570542753e-01 3.618823290e-01
5.917426348e-01 6.678932309e-01
2.439211309e-01 5.715376735e-01
5.319213867e-01 6.175471544e-01
4.626261890e-01 5.098187327e-01
2.296477854e-01 1.475934088e-01
6.001225710e-01 6.646637321e-01
8.170152307e-01 4.491970539e-01
6.256471276e-01 5.177810788e-01
7.601837516e-01 5.289220810e-02
8.880755901e-01 9.293402433e-01
4.713197052e-01 2.911850214e-01
1.371759474e-01 3.349368870e-01
6.101103425e-01 7.812895179e-01
3.904886842e-01 4.093047082e-01
3.167219460e-01 6.207450628e-01
6.743789911e-01 3.266103193e-02
9.129940532e-03 1.910928935e-01
9.202244878e-01 3.266728222e-01
6.312023401e-01 8.415597677e-01
6.551360488e-01 8.847597241e-01
3.658797145e-01 9.219349623e-01
7.473247647e-01 6.988141537e-01
4.006354511e-01 1.687647104e-01
9.596526623e-01 4.413944781e-01
1.138663962e-01 2.405030876e-01
2.361131907e-01 8.683027625e-01
7.717389464e-01 7.441315334e-03
5.676273704e-01 3.228400648e-01
3.611048162e-01 6.167399697e-03
2.072368264e-01 9.634369016e-01
2.901136279e-01 7.216448337e-02
8.506522775e-01 7.050752640e-01
3.949179053e-01 1.884905994e-01
7.152022123e-01 6.993675232e-01
6.624868512e-01 1.640318781e-01
9.699844718e-01 4.510803223e-01
8.598533869e-01 1.123585254e-01
5.621814132e-01 2.040545940e-01
8.355601430e-01 7.679132819e-01
8.974248916e-02 8.614981174e-01
9.965991378e-01 7.209271193e-02
5.190759897e-01 9.035969973e-01
4.312846065e-01 8.210594058e-01
5.662817359e-01 9.360759854e-01
6.787517071e-01 8.392758965e-01
4.762521982e-01 7.901197076e-01
6.811709404e-01 9.245930314e-01
2.007083297e-01 6.917509437e-01
3.393754661e-01 4.680641294e-01
4.050214589e-01 8.658133745e-01
8.914191127e-01 3.766789734e-01
7.988705635e-01 8.494225740e-01
3.147406876e-01 5.700477362e-01
4.620521963e-01 6.083269715e-01
5.634260178e-01 1.838051975e-01
9.851905704e-01 4.151014388e-01
9.119485617e-01 3.176565766e-01
5.320253968e-01 2.579834163e-01
8.278141618e-01 2.151655592e-02
1.376073062e-02 9.391013980e-01
8.017966747e-01 4.277583063e-01
5.738560483e-02 3.358133435e-01
8.154977560e-01 3.546218872e-01
3.801872134e-01 6.298126578e-01
5.113734007e-01 6.021559834e-01
8.901029080e-02 6.819353104e-01
8.438964486e-01 6.112887263e-01
3.697070181e-01 6.983072162e-01
7.263537049e-01 5.261784196e-01
9.835907221e-01 4.674989283e-01
6.318349242e-01 7.969517708e-01
6.155018806e-01 8.532122374e-01
8.491337299e-01 6.056843400e-01
9.763740897e-01 9.110144377e-01
8.873208165e-01 9.318065643e-01
8.663341403e-01 9.704646468e-01
1.145766750e-01 9.008517861e-01
6.165346503e-01 2.491240203e-01
3.324991167e-01 5.253778696e-01
2.737812698e-01 6.775404811e-01
9.128332138e-01 6.311490536e-01
6.562227607e-01 4.376357198e-01
3.569462001e-01 6.973671317e-01
4.016875625e-01 8.459379673e-01
1.346340030e-01 3.411522806e-01
9.986270070e-01 7.755783200e-01
3.440167606e-01 7.277281284e-01
1.329023689e-01 8.257548213e-01
1.869142205e-01 7.678312063e-02
7.826005816e-01 5.028315783e-01
4.461584985e-01 3.248143792e-01
3.403955102e-01 5.869807005e-01
9.098764658e-01 9.504401088e-01
7.990223765e-01 1.779646128e-01
9.175606966e-01 2.169055194e-01
3.540357351e-01 8.890604377e-01
4.663271010e-01 7.131318450e-01
2.932031453e-01 9.651033282e-01
5.082218051e-01 8.601557612e-01
2.873690724e-01 8.542320728e-01
8.384207487e-01 5.661418438e-01
7.035536766e-01 4.753897786e-01
9.940360188e-01 8.925997615e-01
8.722788692e-01 9.111720324e-02
5.662419796e-01 7.915260792e-01
2.030676156e-01 1.318106204e-01
4.187278748e-01 5.461295247e-01
2.975674868e-01 7.293245196e-01
5.929061174e-01 3.055962920e-01
8.751024604e-01 3.925416768e-01
7.778404951e-01 5.968768597e-01
4.773124456e-01 9.005470276e-01
2.494777441e-01 1.862411946e-02
3.340043724e-01 7.337824702e-01
8.917744160e-01 1.433082819e-01
1.648815125e-01 1.541401148e-01
6.550202370e-01 6.379243135e-01
3.173578978e-01 6.528152227e-01
2.925390601e-01 3.597920239e-01
5.724694133e-01 6.938617229e-01
6.253763437e-01 7.894079685e-01
6.869520545e-01 1.343600303e-01
1.936269999e-01 6.381067038e-01
3.035570681e-02 9.175013900e-01
3.742484748e-01 1.331148744e-01
7.647847533e-01 5.301681757e-01
5.956481099e-01 1.188986301e-01
4.187999666e-02 8.403030038e-01
7.964137793e-01 8.449459672e-01
8.261462450e-01 3.356555998e-01
9.734174609e-01 7.345442176e-01
1.453952789e-01 2.885842323e-01
1.701771766e-01 7.269851565e-01
6.315059960e-02 6.330811381e-01
6.395002007e-01 7.928224802e-01
3.378393650e-01 5.292038321e-01
1.866482049e-01 8.050041199e-01
7.001050115e-01 4.654529691e-01
4.137914628e-02 2.628259659e-01
8.251460195e-01 6.888946295e-01
1.282800138e-01 4.241973162e-02
4.174059331e-01 2.049445808e-01
1.150850505e-01 5.159646869e-01
1.241679266e-01 6.841232181e-01
7.204526663e-01 9.503324032e-01
7.019271851e-01 5.432075858e-01
2.410928309e-01 1.763010174e-01
1.377536729e-02 8.452219367e-01
4.896686673e-01 8.411970735e-01
3.701845407e-01 1.729385704e-01
7.282716632e-01 1.496593207e-01
8.391770124e-01 7.642257810e-01
2.985957265e-01 4.117594361e-01
4.878498912e-01 4.853394330e-01
6.813197732e-01 4.667900503e-01
4.726801068e-02 3.854097426e-01
4.089031816e-01 8.306100965e-01
4.731413722e-01 3.969140053e-01
2.399811149e-01 9.954667091e-01
4.931094646e-01 2.059201598e-01
5.196107626e-01 4.402327538e-01
2.849757075e-01 9.606973827e-02
2.068598419e-01 5.900029540e-01
8.096711040e-01 5.831000805e-01
4.669468701e-01 4.881050289e-01
3.753138185e-01 1.717336625e-01
2.297411710e-01 4.058933258e-01
6.070243716e-01 1.723146588e-01
3.141685128e-01 9.355722666e-01
8.103070855e-01 3.660412729e-01
5.962982178e-01 6.952262521e-01
6.334430575e-01 9.977997541e-01
5.930653214e-02 2.183317840e-01
6.066425443e-01 1.733894646e-01
9.183632135e-01 3.416150510e-01
5.291376710e-01 5.478579998e-01
3.233414143e-02 6.615520716e-01
6.094968319e-01 4.516841471e-02
5.320379138e-01 1.336310059e-02
1.125715896e-01 1.028890237e-01
6.624758244e-01 2.063411772e-01
8.684176803e-01 3.333709836e-01
1.308838278e-01 8.552808762e-01
1.997289211e-01 2.731683850e-01
5.395436883e-01 1.878803223e-01
4.073747993e-02 5.884780288e-01
2.735271752e-01 9.101787210e-01
1.406075358e-01 2.662178278e-01
7.004586458e-01 7.810299844e-02
6.113379002e-01 8.744283319e-01
1.482794583e-01 7.383192182e-01
7.152898312e-01 6.642501056e-02
8.379720449e-01 6.638019681e-01
7.121794224e-01 7.368735671e-01
8.613457084e-01 6.522959471e-01
5.855853558e-01 4.102826416e-01
6.774959564e-01 7.255263329e-01
2.590198219e-01 5.117332935e-01
1.023118943e-01 1.652271897e-01
1.550502237e-02 7.982896566e-01
5.022209883e-01 2.082157880e-01
1.825868487e-01 4.088645577e-01
3.909277916e-01 3.496778607e-01
7.813761234e-01 1.182461008e-01
7.526615262e-02 5.083723068e-01
7.190475464e-01 9.283831716e-02
9.860146642e-01 7.643443942e-01
2.766443491e-01 8.278039843e-02
6.173106432e-01 3.634768128e-01
3.984873593e-01 1.961705536e-01
3.068042994e-01 5.522984862e-01
3.568875194e-01 8.038439155e-01
7.352508903e-01 5.819324851e-01
2.547178566e-01 3.222201467e-01
1.836536825e-02 1.986691058e-01
6.672244072e-01 9.325758219e-01
9.598057270e-01 7.139616013e-01
7.078028917e-01 6.340937018e-01
4.547065496e-01 9.657192975e-02
5.828636885e-01 1.328147054e-01
1.924408972e-01 1.751035154e-01
3.628310859e-01 4.638823569e-01
3.572674841e-02 5.154963210e-02
7.480318546e-01 6.430195570e-01
5.137437582e-01 3.815516829e-01
4.412487894e-02 9.978047013e-01
9.197465777e-01 3.346579969e-01
