5.488135039273247529e-01 7.151893663724194772e-01
6.027633760716438749e-01 5.448831829968968643e-01
4.236547993389047084e-01 6.458941130666561170e-01
4.375872112626925103e-01 8.917730007820797722e-01
9.636627605010292807e-01 3.834415188257777052e-01
7.917250380826645895e-01 5.288949197529044799e-01
5.680445610939323098e-01 9.255966382926610336e-01
7.103605819788694209e-02 8.712929970154070780e-02
2.021839744032571939e-02 8.326198455479379978e-01
7.781567509498504842e-01 8.700121482468191614e-01
9.786183422327640047e-01 7.991585642167235992e-01
4.614793622529318462e-01 7.805291762864554617e-01
1.182744258689332195e-01 6.399210213275238202e-01
1.433532874090464038e-01 9.446689170495838894e-01
5.218483217500716753e-01 4.146619399905235870e-01
2.645556121046269693e-01 7.742336894342166653e-01
4.561503322165485486e-01 5.684339488686485087e-01
1.878980043635514185e-02 6.176354970758770602e-01
6.120957227224214092e-01 6.169339968747569181e-01
9.437480785146241669e-01 6.818202991034834071e-01
3.595079005737860101e-01 4.370319537993414549e-01
6.976311959272648577e-01 6.022547162926983333e-02
6.667667154456676792e-01 6.706378696181594101e-01
2.103825610738409013e-01 1.289262976548533057e-01
3.154283509241838646e-01 3.637107709426226076e-01
5.701967704178796392e-01 4.386015134623203471e-01
9.883738380592261841e-01 1.020448107480280697e-01
2.088767560948346924e-01 1.613095178849962563e-01
6.531083254653984316e-01 2.532916025397821125e-01
4.663107728563062881e-01 2.444255920016027428e-01
1.589695836455197187e-01 1.103751411643051350e-01
6.563295894652734219e-01 1.381829513486138028e-01
1.965823616800534968e-01 3.687251706609641078e-01
8.209932298479351021e-01 9.710127579306127021e-02
8.379449074988039037e-01 9.609840789396306704e-02
9.764594650133957554e-01 4.686512016477015763e-01
9.767610881903371345e-01 6.048455197450459675e-01
7.392635793983016734e-01 3.918779225432067470e-02
2.828069625764095818e-01 1.201965612131689065e-01
2.961401975221449323e-01 1.187277189542440547e-01
3.179831793939760232e-01 4.142629945146699688e-01
6.414749634878436080e-02 6.924721193700198452e-01
5.666014542065751503e-01 2.653894909394454160e-01
5.232480534666996697e-01 9.394051075844167542e-02
5.759464955561792721e-01 9.292961975762140669e-01
3.185689524513236615e-01 6.674103799636816881e-01
1.317978624043921743e-01 7.163272041185655414e-01
2.894060929472010990e-01 1.831913620071168314e-01
5.865129348100831530e-01 2.010754618749355238e-02
8.289400292173630946e-01 4.695476192547065608e-03
6.778165367962301069e-01 2.700079731921648518e-01
7.351940221225948813e-01 9.621885451174382320e-01
2.487531435199580310e-01 5.761573344178368972e-01
5.920419312718390170e-01 5.722519057908733719e-01
2.230816326406183103e-01 9.527490115169849894e-01
4.471253786176273559e-01 8.464086724711278320e-01
6.994792753175043121e-01 2.974369508551336638e-01
8.137978197024772209e-01 3.965057408469846445e-01
8.811031971111615846e-01 5.812728726358586950e-01
8.817353618548527949e-01 6.925315900777658795e-01
7.252542798196405238e-01 5.013243819267022561e-01
9.560836347232238852e-01 6.439901992296374056e-01
4.238550485581796812e-01 6.063932141279243515e-01
1.919319830933352566e-02 3.015748166745493286e-01
6.601735374926850364e-01 2.900776072104440662e-01
6.180154289988415428e-01 4.287687009457661347e-01
1.354740642224502301e-01 2.982823259560307694e-01
5.699649107012648708e-01 5.908727612481732283e-01
5.743252488495788066e-01 6.532008198571336299e-01
6.521032700016888839e-01 4.314184354339739569e-01
8.965465958510629996e-01 3.675618700478965328e-01
4.358649252656268125e-01 8.919233550156721035e-01
8.061939890460857461e-01 7.038885835403663194e-01
1.002268873123011161e-01 9.194826137446735492e-01
7.142412995491114192e-01 9.988470065678665133e-01
1.494483046579937469e-01 8.681260573682142434e-01
1.624929346763748228e-01 6.155595642838441739e-01
1.238199828494415122e-01 8.480082293222344081e-01
8.073189587250106936e-01 5.691007386145933156e-01
4.071832972259996630e-01 6.916699545513804726e-02
6.974287731445636407e-01 4.535426826780688536e-01
7.220555994703479197e-01 8.663823259286291822e-01
9.755215050028858137e-01 8.558033423926110217e-01
1.171408418500197168e-02 3.599780644783638905e-01
7.299905624240580204e-01 1.716296772614405164e-01
5.210366062041292823e-01 5.433798833925362892e-02
1.999965248964000741e-01 1.852179446061397172e-02
7.936977033574206253e-01 2.239246880603801282e-01
3.453516806969026964e-01 9.280812934655908730e-01
7.044144019235327736e-01 3.183892953130784687e-02
1.646941564979127470e-01 6.214784014997635220e-01
5.772285886041675917e-01 2.378928213745086229e-01
9.342139979247937598e-01 6.139659559658959820e-01
5.356328030249583039e-01 5.899099763545709862e-01
7.301220295167696328e-01 3.119449954796018609e-01
3.982210622160918811e-01 2.098437489751221463e-01
1.861930058803361598e-01 9.443723899839335800e-01
7.395507950492875571e-01 4.904588086175670769e-01
2.274146279733232356e-01 2.543564817703929393e-01
5.802916032387561707e-02 4.344166255581207725e-01
3.117958819941025750e-01 6.963434888154594882e-01
3.777518392924809065e-01 1.796036775596348001e-01
2.467872839133122831e-02 6.724963146324858254e-02
6.793927734985673039e-01 4.536968445560453089e-01
5.365792111087221983e-01 8.966712930403420989e-01
9.903389473967043610e-01 2.168969843984739354e-01
6.630782031001007937e-01 2.633223767371506430e-01
2.065099946572868106e-02 7.583786538361414475e-01
3.200171508224678441e-01 3.834638941718979677e-01
5.883171135536057195e-01 8.310484552361904198e-01
6.289818435911487260e-01 8.726506554473952848e-01
2.735420348156357706e-01 7.980468339125637023e-01
1.856359443059522052e-01 9.527916569719445672e-01
6.874882763878152891e-01 2.155076771135584490e-01
9.473705904889242468e-01 7.308558067701578231e-01
2.539416425950258294e-01 2.133119773674819752e-01
5.182007139306632482e-01 2.566271805453157473e-02
2.074700754411094028e-01 4.246854687515062565e-01
3.741699803342255493e-01 4.635754243648106954e-01
2.776287062947319084e-01 5.867843464581687929e-01
8.638556059232314066e-01 1.175318559620330827e-01
5.173791071541141706e-01 1.320681063451533133e-01
7.168596811925936896e-01 3.960597028072937453e-01
5.654213118585089681e-01 1.832798362140786175e-01
1.448477593433772359e-01 4.880562806489545657e-01
3.556127378499556180e-01 9.404319452528130396e-01
7.653252538069652555e-01 7.486636198505473017e-01
9.037197397459334480e-01 8.342243544201854988e-02
